id,station_id,status,available_bike_count,available_dock_count,created_at,station_summary_id
4899869,157,Active,3,24,2013-10-24 20:30:06.64425,15003
4899870,158,Active,6,13,2013-10-24 20:30:06.649604,15003
4899871,159,Active,12,18,2013-10-24 20:30:06.655479,15003
4899872,160,Active,16,27,2013-10-24 20:30:06.661468,15003
4899873,161,Active,45,2,2013-10-24 20:30:06.667145,15003
4899874,162,Inactive,0,59,2013-10-24 20:30:06.673361,15003
4899875,163,Active,8,31,2013-10-24 20:30:06.679016,15003
4899876,164,Active,33,3,2013-10-24 20:30:06.684671,15003
4899877,165,Active,31,8,2013-10-24 20:30:06.690575,15003
4899878,166,Active,0,31,2013-10-24 20:30:06.696633,15003
4899879,167,Active,3,26,2013-10-24 20:30:06.701988,15003
4899880,168,Active,17,26,2013-10-24 20:30:06.72937,15003
4899881,169,Active,6,33,2013-10-24 20:30:06.735723,15003
4899882,170,Active,29,6,2013-10-24 20:30:06.741468,15003
4899883,171,Active,4,23,2013-10-24 20:30:06.746669,15003
4899884,172,Active,24,7,2013-10-24 20:30:06.752185,15003
4899885,173,Active,1,30,2013-10-24 20:30:06.75774,15003
4899886,174,Active,24,8,2013-10-24 20:30:06.76357,15003
4899887,175,Active,0,31,2013-10-24 20:30:06.769172,15003
4899888,176,Active,4,32,2013-10-24 20:30:06.774633,15003
4899889,177,Active,4,26,2013-10-24 20:30:06.780202,15003
4899890,178,Inactive,0,25,2013-10-24 20:30:06.785561,15003
4899891,179,Active,0,27,2013-10-24 20:30:06.790674,15003
4899892,180,Active,13,18,2013-10-24 20:30:06.79556,15003
4899893,181,Active,0,27,2013-10-24 20:30:06.801399,15003
4899894,182,Active,1,14,2013-10-24 20:30:06.806993,15003
4899895,183,Active,0,41,2013-10-24 20:30:06.81254,15003
4899896,184,Active,29,13,2013-10-24 20:30:06.818469,15003
4899897,185,Active,14,17,2013-10-24 20:30:06.82362,15003
4899898,186,Active,27,12,2013-10-24 20:30:06.830126,15003
4899899,187,Active,5,35,2013-10-24 20:30:06.835482,15003
4899900,188,Active,2,32,2013-10-24 20:30:06.84091,15003
4899901,189,Active,1,42,2013-10-24 20:30:06.845999,15003
4899902,190,Active,5,18,2013-10-24 20:30:06.85141,15003
4899903,191,Active,2,17,2013-10-24 20:30:06.857169,15003
4899904,192,Active,1,34,2013-10-24 20:30:06.862268,15003
4899905,193,Active,2,21,2013-10-24 20:30:06.867758,15003
4899906,194,Active,10,19,2013-10-24 20:30:06.875861,15003
4899907,195,Active,15,9,2013-10-24 20:30:06.881606,15003
4899908,196,Active,30,12,2013-10-24 20:30:06.888285,15003
4899909,197,Active,0,31,2013-10-24 20:30:06.894338,15003
4899910,198,Active,4,43,2013-10-24 20:30:06.899555,15003
4899911,199,Active,22,1,2013-10-24 20:30:06.905857,15003
4899912,200,Active,1,22,2013-10-24 20:30:06.91139,15003
4899913,201,Active,1,22,2013-10-24 20:30:06.916461,15003
4899914,202,Active,1,18,2013-10-24 20:30:06.921743,15003
4899915,203,Active,6,49,2013-10-24 20:30:06.927325,15003
4899916,204,Active,1,38,2013-10-24 20:30:06.932738,15003
4899917,205,Active,18,13,2013-10-24 20:30:06.938251,15003
4899918,206,Active,52,7,2013-10-24 20:30:06.943802,15003
4899919,207,Active,6,25,2013-10-24 20:30:06.94912,15003
4899920,208,Active,24,3,2013-10-24 20:30:06.954583,15003
4899921,209,Active,15,15,2013-10-24 20:30:06.960085,15003
4899922,210,Active,0,31,2013-10-24 20:30:06.965567,15003
4899923,211,Active,7,32,2013-10-24 20:30:06.971433,15003
4899924,212,Active,15,12,2013-10-24 20:30:06.976992,15003
4899925,213,Active,29,18,2013-10-24 20:30:06.982747,15003
4899926,214,Active,0,27,2013-10-24 20:30:06.988357,15003
4899927,215,Active,2,25,2013-10-24 20:30:06.994189,15003
4899928,216,Active,5,22,2013-10-24 20:30:07.003583,15003
4899929,217,Active,9,30,2013-10-24 20:30:07.009124,15003
4899930,218,Active,5,27,2013-10-24 20:30:07.014887,15003
4899931,219,Active,4,29,2013-10-24 20:30:07.020723,15003
4899932,220,Active,30,21,2013-10-24 20:30:07.026569,15003
4899933,221,Active,1,22,2013-10-24 20:30:07.032758,15003
4899934,222,Active,36,16,2013-10-24 20:30:07.038406,15003
4899935,223,Active,4,32,2013-10-24 20:30:07.044594,15003
4899936,224,Active,9,30,2013-10-24 20:30:07.073186,15003
4899937,225,Active,2,29,2013-10-24 20:30:07.078907,15003
4899938,226,Active,11,20,2013-10-24 20:30:07.084823,15003
4899939,227,Active,2,29,2013-10-24 20:30:07.090277,15003
4899940,228,Active,2,57,2013-10-24 20:30:07.095727,15003
4899941,229,Active,8,31,2013-10-24 20:30:07.101814,15003
4899942,230,Active,4,31,2013-10-24 20:30:07.107021,15003
4899943,231,Active,5,34,2013-10-24 20:30:07.113863,15003
4899944,232,Active,16,19,2013-10-24 20:30:07.121214,15003
4899945,233,Active,0,59,2013-10-24 20:30:07.126714,15003
4899946,234,Active,0,31,2013-10-24 20:30:07.132939,15003
4899947,235,Active,15,6,2013-10-24 20:30:07.138788,15003
4899948,236,Active,8,15,2013-10-24 20:30:07.144556,15003
4899949,237,Inactive,0,39,2013-10-24 20:30:07.151063,15003
4899950,238,Active,20,27,2013-10-24 20:30:07.160374,15003
4899951,239,Active,17,8,2013-10-24 20:30:07.166726,15003
4899952,240,Active,25,34,2013-10-24 20:30:07.173019,15003
4899953,241,Active,9,30,2013-10-24 20:30:07.178248,15003
4899954,242,Active,21,14,2013-10-24 20:30:07.183449,15003
4899955,243,Active,20,14,2013-10-24 20:30:07.189149,15003
4899956,244,Active,13,46,2013-10-24 20:30:07.194543,15003
4899957,245,Active,2,55,2013-10-24 20:30:07.200438,15003
4899958,246,Active,10,27,2013-10-24 20:30:07.207079,15003
4899959,247,Active,0,27,2013-10-24 20:30:07.213143,15003
4899960,248,Active,9,32,2013-10-24 20:30:07.218885,15003
4899961,249,Active,2,40,2013-10-24 20:30:07.224642,15003
4899962,250,Active,23,24,2013-10-24 20:30:07.22999,15003
4899963,251,Active,2,35,2013-10-24 20:30:07.235432,15003
4899964,252,Inactive,0,44,2013-10-24 20:30:07.241068,15003
4899965,253,Active,27,32,2013-10-24 20:30:07.246655,15003
4899966,254,Active,12,19,2013-10-24 20:30:07.251667,15003
4899967,255,Active,0,31,2013-10-24 20:30:07.256754,15003
4899968,256,Active,2,25,2013-10-24 20:30:07.262219,15003
4899969,257,Active,5,20,2013-10-24 20:30:07.267755,15003
4899970,258,Active,6,33,2013-10-24 20:30:07.27349,15003
4899971,259,Active,14,21,2013-10-24 20:30:07.27876,15003
4899972,260,Active,1,43,2013-10-24 20:30:07.284368,15003
4899973,261,Active,9,30,2013-10-24 20:30:07.290692,15003
4899974,262,Active,15,24,2013-10-24 20:30:07.296734,15003
4899975,263,Active,5,31,2013-10-24 20:30:07.302264,15003
4899976,264,Active,16,25,2013-10-24 20:30:07.307548,15003
4899977,265,Active,26,11,2013-10-24 20:30:07.313046,15003
4899978,266,Active,7,52,2013-10-24 20:30:07.318702,15003
4899979,267,Active,29,24,2013-10-24 20:30:07.323826,15003
4899980,268,Active,29,20,2013-10-24 20:30:07.330253,15003
4899981,269,Active,17,17,2013-10-24 20:30:07.335614,15003
4899982,270,Active,10,25,2013-10-24 20:30:07.340969,15003
4899983,271,Active,2,23,2013-10-24 20:30:07.346215,15003
4899984,272,Inactive,0,35,2013-10-24 20:30:07.351477,15003
4899985,273,Active,50,9,2013-10-24 20:30:07.356699,15003
4899986,274,Active,6,24,2013-10-24 20:30:07.362172,15003
4899987,275,Active,4,32,2013-10-24 20:30:07.367329,15003
4899988,276,Active,11,41,2013-10-24 20:30:07.372496,15003
4899989,277,Active,22,21,2013-10-24 20:30:07.377662,15003
4899990,330,Active,2,28,2013-10-24 20:30:07.382853,15003
4899991,278,Inactive,0,27,2013-10-24 20:30:07.388514,15003
4899992,279,Active,10,35,2013-10-24 20:30:07.416505,15003
4899993,280,Active,11,25,2013-10-24 20:30:07.42194,15003
4899994,281,Active,4,43,2013-10-24 20:30:07.427279,15003
4899995,282,Active,7,17,2013-10-24 20:30:07.43575,15003
4899996,283,Active,11,25,2013-10-24 20:30:07.441096,15003
4899997,284,Active,33,18,2013-10-24 20:30:07.446569,15003
4899998,285,Active,22,11,2013-10-24 20:30:07.45206,15003
4899999,286,Active,10,17,2013-10-24 20:30:07.457379,15003
4900000,287,Active,0,27,2013-10-24 20:30:07.462856,15003
4900001,288,Active,6,47,2013-10-24 20:30:07.468258,15003
4900002,289,Active,5,30,2013-10-24 20:30:07.473618,15003
4900003,290,Active,2,29,2013-10-24 20:30:07.479245,15003
4900004,291,Active,10,49,2013-10-24 20:30:07.484629,15003
4900005,292,Active,3,36,2013-10-24 20:30:07.490706,15003
4900006,293,Active,27,34,2013-10-24 20:30:07.49582,15003
4900007,294,Active,15,24,2013-10-24 20:30:07.501555,15003
4900008,295,Active,7,60,2013-10-24 20:30:07.506955,15003
4900009,296,Active,27,24,2013-10-24 20:30:07.512773,15003
4900010,297,Active,14,37,2013-10-24 20:30:07.518217,15003
4900011,298,Active,10,47,2013-10-24 20:30:07.523839,15003
4900012,299,Active,15,24,2013-10-24 20:30:07.529654,15003
4900013,300,Active,3,40,2013-10-24 20:30:07.535174,15003
4900014,301,Inactive,0,7,2013-10-24 20:30:07.541065,15003
4900015,302,Active,20,19,2013-10-24 20:30:07.546539,15003
4900016,303,Active,18,23,2013-10-24 20:30:07.552664,15003
4900017,304,Active,0,36,2013-10-24 20:30:07.558623,15003
4900018,305,Active,4,35,2013-10-24 20:30:07.565077,15003
4900019,306,Active,2,41,2013-10-24 20:30:07.571527,15003
4900020,307,Active,1,47,2013-10-24 20:30:07.576893,15003
4900021,308,Active,14,17,2013-10-24 20:30:07.583139,15003
4900022,309,Active,10,19,2013-10-24 20:30:07.588701,15003
4900023,310,Active,3,36,2013-10-24 20:30:07.594437,15003
4900024,311,Active,13,26,2013-10-24 20:30:07.600541,15003
4900025,312,Active,21,10,2013-10-24 20:30:07.606275,15003
4900026,313,Active,10,29,2013-10-24 20:30:07.612255,15003
4900027,314,Active,13,14,2013-10-24 20:30:07.618393,15003
4900028,315,Active,21,17,2013-10-24 20:30:07.624261,15003
4900029,316,Active,25,5,2013-10-24 20:30:07.63036,15003
4900030,317,Active,0,15,2013-10-24 20:30:07.636778,15003
4900031,318,Active,18,9,2013-10-24 20:30:07.643335,15003
4900032,319,Active,5,25,2013-10-24 20:30:07.649235,15003
4900033,320,Active,30,6,2013-10-24 20:30:07.655186,15003
4900034,321,Active,9,3,2013-10-24 20:30:07.66092,15003
4900035,322,Active,17,32,2013-10-24 20:30:07.667033,15003
4900036,332,Active,8,16,2013-10-24 20:30:07.672922,15003
4900037,327,Active,9,23,2013-10-24 20:30:07.678234,15003
4900038,328,Active,38,1,2013-10-24 20:30:07.683755,15003
4900039,331,Active,8,28,2013-10-24 20:30:07.689322,15003
4900040,323,Active,0,39,2013-10-24 20:30:07.696042,15003
4900041,324,Active,6,37,2013-10-24 20:30:07.702351,15003
4900042,329,Active,14,19,2013-10-24 20:30:07.708265,15003
4900043,325,Active,15,21,2013-10-24 20:30:07.714109,15003
4900044,326,Active,8,17,2013-10-24 20:30:07.720258,15003
4900045,1,Active,15,24,2013-10-24 20:40:05.730772,15004
4900046,2,Active,31,2,2013-10-24 20:40:05.742064,15004
4900047,3,Active,7,19,2013-10-24 20:40:05.747722,15004
4900048,4,Active,8,54,2013-10-24 20:40:05.753041,15004
4900049,5,Active,6,33,2013-10-24 20:40:05.75845,15004
4900050,6,Active,14,5,2013-10-24 20:40:05.768369,15004
4900051,7,Active,1,18,2013-10-24 20:40:05.77415,15004
4900052,8,Active,10,21,2013-10-24 20:40:05.778992,15004
4900053,9,Active,28,2,2013-10-24 20:40:05.784046,15004
4900054,10,Active,31,15,2013-10-24 20:40:05.789928,15004
4900055,11,Active,4,20,2013-10-24 20:40:05.796657,15004
4900056,12,Active,10,9,2013-10-24 20:40:05.801925,15004
4900057,13,Active,7,32,2013-10-24 20:40:05.806732,15004
4900058,14,Active,27,6,2013-10-24 20:40:05.811711,15004
4900059,15,Active,8,23,2013-10-24 20:40:05.816414,15004
4900060,16,Active,14,19,2013-10-24 20:40:05.821324,15004
4900061,17,Active,2,27,2013-10-24 20:40:05.826245,15004
4900062,18,Active,22,33,2013-10-24 20:40:05.832515,15004
4900063,19,Active,5,18,2013-10-24 20:40:05.838213,15004
4900064,20,Active,0,26,2013-10-24 20:40:05.843295,15004
4900065,21,Active,23,12,2013-10-24 20:40:05.849078,15004
4900066,22,Active,31,16,2013-10-24 20:40:05.853859,15004
4900067,23,Active,5,40,2013-10-24 20:40:05.858508,15004
4900068,24,Active,18,29,2013-10-24 20:40:05.892864,15004
4900069,25,Active,28,23,2013-10-24 20:40:05.898849,15004
4900070,26,Active,11,19,2013-10-24 20:40:05.908663,15004
4900071,27,Active,30,15,2013-10-24 20:40:05.913627,15004
4900072,28,Active,15,13,2013-10-24 20:40:05.918866,15004
4900073,29,Active,4,19,2013-10-24 20:40:05.923509,15004
4900074,30,Active,16,23,2013-10-24 20:40:05.955165,15004
4900075,31,Active,10,28,2013-10-24 20:40:05.960272,15004
4900076,32,Active,6,27,2013-10-24 20:40:05.964981,15004
4900077,33,Active,12,19,2013-10-24 20:40:05.971164,15004
4900078,34,Active,19,18,2013-10-24 20:40:05.976006,15004
4900079,35,Active,39,16,2013-10-24 20:40:05.984821,15004
4900080,36,Active,17,10,2013-10-24 20:40:05.989862,15004
4900081,37,Active,1,22,2013-10-24 20:40:05.994616,15004
4900082,38,Active,20,19,2013-10-24 20:40:05.998844,15004
4900083,39,Active,2,37,2013-10-24 20:40:06.003513,15004
4900084,40,Active,5,34,2013-10-24 20:40:06.008124,15004
4900085,41,Active,16,15,2013-10-24 20:40:06.012742,15004
4900086,42,Active,26,5,2013-10-24 20:40:06.017211,15004
4900087,43,Active,0,23,2013-10-24 20:40:06.021568,15004
4900088,44,Active,3,20,2013-10-24 20:40:06.025876,15004
4900089,45,Active,38,1,2013-10-24 20:40:06.030259,15004
4900090,46,Active,2,29,2013-10-24 20:40:06.034705,15004
4900091,47,Active,1,22,2013-10-24 20:40:06.039346,15004
4900092,48,Active,5,15,2013-10-24 20:40:06.043709,15004
4900093,49,Active,21,2,2013-10-24 20:40:06.049174,15004
4900094,50,Active,27,0,2013-10-24 20:40:06.053973,15004
4900095,51,Active,22,18,2013-10-24 20:40:06.058987,15004
4900096,52,Active,20,7,2013-10-24 20:40:06.06357,15004
4900097,53,Active,6,27,2013-10-24 20:40:06.068448,15004
4900098,54,Active,5,42,2013-10-24 20:40:06.073302,15004
4900099,55,Active,3,28,2013-10-24 20:40:06.080848,15004
4900100,56,Active,38,1,2013-10-24 20:40:06.108955,15004
4900101,57,Active,0,23,2013-10-24 20:40:06.114373,15004
4900102,58,Active,34,5,2013-10-24 20:40:06.121164,15004
4900103,59,Active,26,9,2013-10-24 20:40:06.126887,15004
4900104,60,Active,9,18,2013-10-24 20:40:06.132817,15004
4900105,61,Active,2,22,2013-10-24 20:40:06.138308,15004
4900106,62,Active,14,17,2013-10-24 20:40:06.143741,15004
4900107,63,Active,22,5,2013-10-24 20:40:06.149479,15004
4900108,64,Active,2,33,2013-10-24 20:40:06.155182,15004
4900109,65,Active,0,24,2013-10-24 20:40:06.161164,15004
4900110,66,Active,19,38,2013-10-24 20:40:06.166873,15004
4900111,67,Active,21,6,2013-10-24 20:40:06.173174,15004
4900112,68,Active,3,20,2013-10-24 20:40:06.180694,15004
4900113,69,Active,10,29,2013-10-24 20:40:06.185966,15004
4900114,70,Active,5,26,2013-10-24 20:40:06.191424,15004
4900115,71,Active,1,18,2013-10-24 20:40:06.197078,15004
4900116,72,Active,15,9,2013-10-24 20:40:06.202768,15004
4900117,73,Active,2,17,2013-10-24 20:40:06.208592,15004
4900118,74,Active,19,0,2013-10-24 20:40:06.214161,15004
4900119,75,Active,0,31,2013-10-24 20:40:06.219311,15004
4900120,76,Active,33,26,2013-10-24 20:40:06.224957,15004
4900121,77,Active,5,22,2013-10-24 20:40:06.230049,15004
4900122,78,Active,26,17,2013-10-24 20:40:06.235719,15004
4900123,79,Active,8,39,2013-10-24 20:40:06.24088,15004
4900124,80,Active,3,16,2013-10-24 20:40:06.246812,15004
4900125,81,Active,8,21,2013-10-24 20:40:06.253238,15004
4900126,82,Active,4,16,2013-10-24 20:40:06.258564,15004
4900127,83,Active,31,24,2013-10-24 20:40:06.263542,15004
4900128,84,Active,5,26,2013-10-24 20:40:06.269074,15004
4900129,85,Active,2,22,2013-10-24 20:40:06.275043,15004
4900130,86,Active,29,6,2013-10-24 20:40:06.280469,15004
4900131,87,Active,2,25,2013-10-24 20:40:06.285932,15004
4900132,88,Active,24,11,2013-10-24 20:40:06.291344,15004
4900133,89,Active,7,48,2013-10-24 20:40:06.297357,15004
4900134,90,Active,6,31,2013-10-24 20:40:06.302936,15004
4900135,91,Active,8,15,2013-10-24 20:40:06.309287,15004
4900136,92,Active,29,2,2013-10-24 20:40:06.315218,15004
4900137,93,Active,32,4,2013-10-24 20:40:06.320912,15004
4900138,94,Active,16,17,2013-10-24 20:40:06.326319,15004
4900139,95,Active,32,5,2013-10-24 20:40:06.331602,15004
4900140,96,Active,7,24,2013-10-24 20:40:06.337019,15004
4900141,97,Active,7,20,2013-10-24 20:40:06.342317,15004
4900142,98,Active,22,19,2013-10-24 20:40:06.34785,15004
4900143,99,Active,8,27,2013-10-24 20:40:06.353811,15004
4900144,100,Active,4,26,2013-10-24 20:40:06.359369,15004
4900145,101,Active,0,31,2013-10-24 20:40:06.365126,15004
4900146,102,Active,2,21,2013-10-24 20:40:06.370694,15004
4900147,103,Active,0,39,2013-10-24 20:40:06.37675,15004
4900148,104,Active,27,2,2013-10-24 20:40:06.383041,15004
4900149,105,Active,14,29,2013-10-24 20:40:06.388495,15004
4900150,106,Active,1,26,2013-10-24 20:40:06.393955,15004
4900151,107,Active,5,26,2013-10-24 20:40:06.399116,15004
4900152,108,Active,7,28,2013-10-24 20:40:06.404911,15004
4900153,109,Active,9,30,2013-10-24 20:40:06.410147,15004
4900154,110,Active,3,24,2013-10-24 20:40:06.415551,15004
4900155,111,Active,5,26,2013-10-24 20:40:06.420431,15004
4900156,112,Active,26,13,2013-10-24 20:40:06.448617,15004
4900157,113,Active,47,4,2013-10-24 20:40:06.457433,15004
4900158,114,Active,8,27,2013-10-24 20:40:06.463325,15004
4900159,115,Active,3,24,2013-10-24 20:40:06.469054,15004
4900160,116,Active,18,21,2013-10-24 20:40:06.474892,15004
4900161,117,Active,19,4,2013-10-24 20:40:06.480449,15004
4900162,118,Active,17,14,2013-10-24 20:40:06.486173,15004
4900163,119,Active,30,9,2013-10-24 20:40:06.492488,15004
4900164,120,Active,2,25,2013-10-24 20:40:06.498441,15004
4900165,121,Active,5,19,2013-10-24 20:40:06.504054,15004
4900166,122,Active,11,20,2013-10-24 20:40:06.50988,15004
4900167,123,Active,18,9,2013-10-24 20:40:06.515822,15004
4900168,124,Active,18,18,2013-10-24 20:40:06.521113,15004
4900169,125,Active,19,18,2013-10-24 20:40:06.526358,15004
4900170,126,Active,0,24,2013-10-24 20:40:06.531636,15004
4900171,127,Active,5,22,2013-10-24 20:40:06.538162,15004
4900172,128,Active,0,19,2013-10-24 20:40:06.54346,15004
4900173,129,Active,0,29,2013-10-24 20:40:06.549216,15004
4900174,130,Active,18,5,2013-10-24 20:40:06.554785,15004
4900175,131,Active,2,21,2013-10-24 20:40:06.56024,15004
4900176,132,Active,1,34,2013-10-24 20:40:06.565906,15004
4900177,133,Active,0,27,2013-10-24 20:40:06.571601,15004
4900178,134,Active,26,9,2013-10-24 20:40:06.576784,15004
4900179,135,Active,40,2,2013-10-24 20:40:06.584447,15004
4900180,136,Active,3,20,2013-10-24 20:40:06.589931,15004
4900181,137,Active,0,28,2013-10-24 20:40:06.596176,15004
4900182,138,Active,35,4,2013-10-24 20:40:06.601701,15004
4900183,139,Active,13,23,2013-10-24 20:40:06.607324,15004
4900184,140,Active,2,25,2013-10-24 20:40:06.612919,15004
4900185,141,Active,2,29,2013-10-24 20:40:06.618891,15004
4900186,142,Active,9,34,2013-10-24 20:40:06.624341,15004
4900187,143,Active,13,10,2013-10-24 20:40:06.629986,15004
4900188,144,Active,3,24,2013-10-24 20:40:06.635536,15004
4900189,145,Active,24,12,2013-10-24 20:40:06.641393,15004
4900190,146,Active,35,20,2013-10-24 20:40:06.646959,15004
4900191,147,Active,16,23,2013-10-24 20:40:06.65262,15004
4900192,148,Active,11,32,2013-10-24 20:40:06.6584,15004
4900193,149,Active,0,57,2013-10-24 20:40:06.664098,15004
4900194,150,Active,26,22,2013-10-24 20:40:06.669234,15004
4900195,151,Active,2,25,2013-10-24 20:40:06.676862,15004
4900196,152,Active,1,30,2013-10-24 20:40:06.682413,15004
4900197,153,Active,2,31,2013-10-24 20:40:06.687955,15004
4900198,154,Active,18,16,2013-10-24 20:40:06.693192,15004
4900199,155,Active,23,16,2013-10-24 20:40:06.698637,15004
4900200,156,Active,13,22,2013-10-24 20:40:06.703914,15004
4900201,157,Active,3,24,2013-10-24 20:40:06.709418,15004
4900202,158,Active,6,13,2013-10-24 20:40:06.714803,15004
4900203,159,Active,10,20,2013-10-24 20:40:06.721243,15004
4900204,160,Active,16,27,2013-10-24 20:40:06.727028,15004
4900205,161,Active,44,3,2013-10-24 20:40:06.733112,15004
4900206,162,Inactive,0,59,2013-10-24 20:40:06.739016,15004
4900207,163,Active,9,30,2013-10-24 20:40:06.746855,15004
4900208,164,Active,30,6,2013-10-24 20:40:06.752368,15004
4900209,165,Active,31,8,2013-10-24 20:40:06.758187,15004
4900210,166,Active,0,31,2013-10-24 20:40:06.7637,15004
4900211,167,Active,3,26,2013-10-24 20:40:06.769889,15004
4900212,168,Active,17,26,2013-10-24 20:40:06.798216,15004
4900213,169,Active,0,39,2013-10-24 20:40:06.80456,15004
4900214,170,Active,28,7,2013-10-24 20:40:06.81049,15004
4900215,171,Active,6,21,2013-10-24 20:40:06.816,15004
4900216,172,Active,24,7,2013-10-24 20:40:06.821879,15004
4900217,173,Active,1,30,2013-10-24 20:40:06.827617,15004
4900218,174,Active,24,8,2013-10-24 20:40:06.832963,15004
4900219,175,Active,0,31,2013-10-24 20:40:06.838908,15004
4900220,176,Active,5,31,2013-10-24 20:40:06.87117,15004
4900221,177,Active,4,26,2013-10-24 20:40:06.877902,15004
4900222,178,Inactive,0,25,2013-10-24 20:40:06.884266,15004
4900223,179,Active,0,27,2013-10-24 20:40:06.890542,15004
4900224,180,Active,13,18,2013-10-24 20:40:06.897124,15004
4900225,181,Active,0,27,2013-10-24 20:40:06.902704,15004
4900226,182,Active,3,12,2013-10-24 20:40:06.908641,15004
4900227,183,Active,2,39,2013-10-24 20:40:06.942709,15004
4900228,184,Active,29,13,2013-10-24 20:40:06.949485,15004
4900229,185,Active,15,16,2013-10-24 20:40:06.955515,15004
4900230,186,Active,29,10,2013-10-24 20:40:06.960935,15004
4900231,187,Active,4,36,2013-10-24 20:40:06.967225,15004
4900232,188,Active,1,33,2013-10-24 20:40:06.973016,15004
4900233,189,Active,1,42,2013-10-24 20:40:06.978992,15004
4900234,190,Active,5,18,2013-10-24 20:40:07.015911,15004
4900235,191,Active,2,17,2013-10-24 20:40:07.023447,15004
4900236,192,Active,3,32,2013-10-24 20:40:07.031473,15004
4900237,193,Active,2,21,2013-10-24 20:40:07.037436,15004
4900238,194,Active,12,17,2013-10-24 20:40:07.043766,15004
4900239,195,Active,14,10,2013-10-24 20:40:07.049135,15004
4900240,196,Active,30,12,2013-10-24 20:40:07.05451,15004
4900241,197,Active,0,31,2013-10-24 20:40:07.088159,15004
4900242,198,Active,3,44,2013-10-24 20:40:07.094514,15004
4900243,199,Active,22,1,2013-10-24 20:40:07.100345,15004
4900244,200,Active,1,22,2013-10-24 20:40:07.106564,15004
4900245,201,Active,1,22,2013-10-24 20:40:07.112162,15004
4900246,202,Active,1,18,2013-10-24 20:40:07.121128,15004
4900247,203,Active,7,48,2013-10-24 20:40:07.127338,15004
4900248,204,Active,1,38,2013-10-24 20:40:07.132718,15004
4900249,205,Active,18,13,2013-10-24 20:40:07.138516,15004
4900250,206,Active,52,7,2013-10-24 20:40:07.144177,15004
4900251,207,Active,3,28,2013-10-24 20:40:07.150194,15004
4900252,208,Active,25,2,2013-10-24 20:40:07.155634,15004
4900253,209,Active,15,15,2013-10-24 20:40:07.160876,15004
4900254,210,Active,0,31,2013-10-24 20:40:07.166455,15004
4900255,211,Active,6,33,2013-10-24 20:40:07.171733,15004
4900256,212,Active,18,9,2013-10-24 20:40:07.177331,15004
4900257,213,Active,27,20,2013-10-24 20:40:07.183092,15004
4900258,214,Active,1,26,2013-10-24 20:40:07.18837,15004
4900259,215,Active,2,25,2013-10-24 20:40:07.193541,15004
4900260,216,Active,4,23,2013-10-24 20:40:07.198671,15004
4900261,217,Active,7,32,2013-10-24 20:40:07.204208,15004
4900262,218,Active,2,30,2013-10-24 20:40:07.209499,15004
4900263,219,Active,5,28,2013-10-24 20:40:07.214596,15004
4900264,220,Active,28,23,2013-10-24 20:40:07.219899,15004
4900265,221,Active,1,22,2013-10-24 20:40:07.225049,15004
4900266,222,Active,36,16,2013-10-24 20:40:07.230466,15004
4900267,223,Active,3,33,2013-10-24 20:40:07.236144,15004
4900268,224,Active,12,27,2013-10-24 20:40:07.267181,15004
4900269,225,Active,3,28,2013-10-24 20:40:07.273373,15004
4900270,226,Active,8,23,2013-10-24 20:40:07.304425,15004
4900271,227,Active,2,29,2013-10-24 20:40:07.311829,15004
4900272,228,Active,0,59,2013-10-24 20:40:07.317507,15004
4900273,229,Active,8,31,2013-10-24 20:40:07.322919,15004
4900274,230,Active,4,31,2013-10-24 20:40:07.328644,15004
4900275,231,Active,4,35,2013-10-24 20:40:07.333987,15004
4900276,232,Active,16,19,2013-10-24 20:40:07.340261,15004
4900277,233,Active,0,59,2013-10-24 20:40:07.377339,15004
4900278,234,Active,0,31,2013-10-24 20:40:07.384116,15004
4900279,235,Active,14,7,2013-10-24 20:40:07.389744,15004
4900280,236,Active,9,14,2013-10-24 20:40:07.395457,15004
4900281,237,Inactive,0,39,2013-10-24 20:40:07.401086,15004
4900282,238,Active,21,26,2013-10-24 20:40:07.406437,15004
4900283,239,Active,17,8,2013-10-24 20:40:07.412274,15004
4900284,240,Active,25,34,2013-10-24 20:40:07.445815,15004
4900285,241,Active,9,30,2013-10-24 20:40:07.45142,15004
4900286,242,Active,21,14,2013-10-24 20:40:07.456692,15004
4900287,243,Active,20,14,2013-10-24 20:40:07.461919,15004
4900288,244,Active,14,45,2013-10-24 20:40:07.467102,15004
4900289,245,Active,2,55,2013-10-24 20:40:07.472038,15004
4900290,246,Active,10,27,2013-10-24 20:40:07.478448,15004
4900291,247,Active,0,27,2013-10-24 20:40:07.512669,15004
4900292,248,Active,9,32,2013-10-24 20:40:07.517823,15004
4900293,249,Active,2,40,2013-10-24 20:40:07.523083,15004
4900294,250,Active,23,24,2013-10-24 20:40:07.528194,15004
4900295,251,Active,4,33,2013-10-24 20:40:07.533336,15004
4900296,252,Inactive,0,44,2013-10-24 20:40:07.538547,15004
4900297,253,Active,33,26,2013-10-24 20:40:07.543671,15004
4900298,254,Active,14,17,2013-10-24 20:40:07.548829,15004
4900299,255,Active,2,29,2013-10-24 20:40:07.580981,15004
4900300,256,Active,2,25,2013-10-24 20:40:07.586656,15004
4900301,257,Active,5,20,2013-10-24 20:40:07.591828,15004
4900302,258,Active,8,31,2013-10-24 20:40:07.597029,15004
4900303,259,Active,12,23,2013-10-24 20:40:07.60208,15004
4900304,260,Active,3,41,2013-10-24 20:40:07.607152,15004
4900305,261,Active,10,29,2013-10-24 20:40:07.612353,15004
4900306,262,Active,14,25,2013-10-24 20:40:07.618644,15004
4900307,263,Active,8,28,2013-10-24 20:40:07.652466,15004
4900308,264,Active,21,20,2013-10-24 20:40:07.657865,15004
4900309,265,Active,26,11,2013-10-24 20:40:07.663401,15004
4900310,266,Active,14,45,2013-10-24 20:40:07.668983,15004
4900311,267,Active,22,31,2013-10-24 20:40:07.674721,15004
4900312,268,Active,22,27,2013-10-24 20:40:07.680327,15004
4900313,269,Active,17,17,2013-10-24 20:40:07.688747,15004
4900314,270,Active,7,28,2013-10-24 20:40:07.69424,15004
4900315,271,Active,4,21,2013-10-24 20:40:07.726518,15004
4900316,272,Inactive,0,35,2013-10-24 20:40:07.732937,15004
4900317,273,Active,48,11,2013-10-24 20:40:07.739502,15004
4900318,274,Active,5,25,2013-10-24 20:40:07.745226,15004
4900319,275,Active,4,32,2013-10-24 20:40:07.751602,15004
4900320,276,Active,11,41,2013-10-24 20:40:07.757859,15004
4900321,277,Active,24,19,2013-10-24 20:40:07.763468,15004
4900322,330,Active,3,27,2013-10-24 20:40:07.798493,15004
4900323,278,Inactive,0,27,2013-10-24 20:40:07.805375,15004
4900324,279,Active,10,35,2013-10-24 20:40:07.866049,15004
4900325,280,Active,6,30,2013-10-24 20:40:07.872994,15004
4900326,281,Active,2,45,2013-10-24 20:40:07.879747,15004
4900327,282,Active,7,17,2013-10-24 20:40:07.886388,15004
4900328,283,Active,11,25,2013-10-24 20:40:07.893098,15004
4900329,284,Active,33,18,2013-10-24 20:40:07.900019,15004
4900330,285,Active,22,11,2013-10-24 20:40:07.905801,15004
4900331,286,Active,10,17,2013-10-24 20:40:07.938217,15004
4900332,287,Active,0,27,2013-10-24 20:40:07.944705,15004
4900333,288,Active,7,46,2013-10-24 20:40:07.950646,15004
4900334,289,Active,8,27,2013-10-24 20:40:07.956567,15004
4900335,290,Active,1,30,2013-10-24 20:40:07.963476,15004
4900336,291,Active,4,55,2013-10-24 20:40:07.969551,15004
4900337,292,Active,3,36,2013-10-24 20:40:07.976453,15004
4900338,293,Active,28,33,2013-10-24 20:40:08.0108,15004
4900339,294,Active,9,30,2013-10-24 20:40:08.017661,15004
4900340,295,Active,7,60,2013-10-24 20:40:08.023935,15004
4900341,296,Active,25,26,2013-10-24 20:40:08.030083,15004
4900342,297,Active,13,38,2013-10-24 20:40:08.036667,15004
4900343,298,Active,8,49,2013-10-24 20:40:08.043408,15004
4900344,299,Active,15,24,2013-10-24 20:40:08.049846,15004
4900345,300,Active,1,42,2013-10-24 20:40:08.055286,15004
4900346,301,Inactive,0,7,2013-10-24 20:40:08.061677,15004
4900347,302,Active,20,19,2013-10-24 20:40:08.068041,15004
4900348,303,Active,20,21,2013-10-24 20:40:08.080383,15004
4900349,304,Active,1,35,2013-10-24 20:40:08.08831,15004
4900350,305,Active,8,31,2013-10-24 20:40:08.095932,15004
4900351,306,Active,3,40,2013-10-24 20:40:08.103799,15004
4900352,307,Active,0,48,2013-10-24 20:40:08.11098,15004
4900353,308,Active,15,16,2013-10-24 20:40:08.118027,15004
4900354,309,Active,7,22,2013-10-24 20:40:08.125742,15004
4900355,310,Active,2,37,2013-10-24 20:40:08.132481,15004
4900356,311,Active,10,29,2013-10-24 20:40:08.139829,15004
4900357,312,Active,21,10,2013-10-24 20:40:08.14927,15004
4900358,313,Active,10,29,2013-10-24 20:40:08.154779,15004
4900359,314,Active,16,11,2013-10-24 20:40:08.160497,15004
4900360,315,Active,19,19,2013-10-24 20:40:08.166213,15004
4900361,316,Active,25,5,2013-10-24 20:40:08.173997,15004
4900362,317,Active,0,15,2013-10-24 20:40:08.179485,15004
4900363,318,Active,19,8,2013-10-24 20:40:08.185019,15004
4900364,319,Active,6,24,2013-10-24 20:40:08.1926,15004
4900365,320,Active,30,6,2013-10-24 20:40:08.227716,15004
4900366,321,Active,9,3,2013-10-24 20:40:08.234668,15004
4900367,322,Active,18,31,2013-10-24 20:40:08.242064,15004
4900368,332,Active,8,16,2013-10-24 20:40:08.247867,15004
4900369,327,Active,8,24,2013-10-24 20:40:08.253765,15004
4900370,328,Active,35,4,2013-10-24 20:40:08.259484,15004
4900371,331,Active,7,29,2013-10-24 20:40:08.265829,15004
4900372,323,Active,0,39,2013-10-24 20:40:08.299277,15004
4900373,324,Active,9,34,2013-10-24 20:40:08.306214,15004
4900374,329,Active,13,20,2013-10-24 20:40:08.31353,15004
4900375,325,Active,15,21,2013-10-24 20:40:08.319778,15004
4900376,326,Active,8,17,2013-10-24 20:40:08.326187,15004
4900377,1,Active,17,22,2013-10-24 20:50:05.150678,15005
4900378,2,Active,32,1,2013-10-24 20:50:05.160022,15005
4900379,3,Active,7,19,2013-10-24 20:50:05.166496,15005
4900380,4,Active,8,54,2013-10-24 20:50:05.172058,15005
4900381,5,Active,6,33,2013-10-24 20:50:05.177255,15005
4900382,6,Active,14,5,2013-10-24 20:50:05.182281,15005
4900383,7,Active,1,18,2013-10-24 20:50:05.18727,15005
4900384,8,Active,9,22,2013-10-24 20:50:05.193735,15005
4900385,9,Active,26,4,2013-10-24 20:50:05.198602,15005
4900386,10,Active,29,17,2013-10-24 20:50:05.20331,15005
4900387,11,Active,5,19,2013-10-24 20:50:05.208929,15005
4900388,12,Active,10,9,2013-10-24 20:50:05.213679,15005
4900389,13,Active,7,32,2013-10-24 20:50:05.218534,15005
4900390,14,Active,26,7,2013-10-24 20:50:05.223265,15005
4900391,15,Active,7,24,2013-10-24 20:50:05.228254,15005
4900392,16,Active,14,19,2013-10-24 20:50:05.233648,15005
4900393,17,Active,3,26,2013-10-24 20:50:05.23838,15005
4900394,18,Active,21,34,2013-10-24 20:50:05.243545,15005
4900395,19,Active,6,17,2013-10-24 20:50:05.248916,15005
4900396,20,Active,0,26,2013-10-24 20:50:05.254236,15005
4900397,21,Active,22,13,2013-10-24 20:50:05.259352,15005
4900398,22,Active,31,16,2013-10-24 20:50:05.264088,15005
4900399,23,Active,0,45,2013-10-24 20:50:05.270128,15005
4900400,24,Active,17,30,2013-10-24 20:50:05.275134,15005
4900401,25,Active,30,21,2013-10-24 20:50:05.280107,15005
4900402,26,Active,10,20,2013-10-24 20:50:05.284721,15005
4900403,27,Active,25,20,2013-10-24 20:50:05.289611,15005
4900404,28,Active,13,15,2013-10-24 20:50:05.294567,15005
4900405,29,Active,5,18,2013-10-24 20:50:05.299547,15005
4900406,30,Active,16,23,2013-10-24 20:50:05.305751,15005
4900407,31,Active,9,29,2013-10-24 20:50:05.310516,15005
4900408,32,Active,6,27,2013-10-24 20:50:05.315429,15005
4900409,33,Active,13,18,2013-10-24 20:50:05.32025,15005
4900410,34,Active,19,18,2013-10-24 20:50:05.325069,15005
4900411,35,Active,40,15,2013-10-24 20:50:05.329635,15005
4900412,36,Active,18,9,2013-10-24 20:50:05.33443,15005
4900413,37,Active,1,22,2013-10-24 20:50:05.339148,15005
4900414,38,Active,18,21,2013-10-24 20:50:05.344161,15005
4900415,39,Active,0,39,2013-10-24 20:50:05.349136,15005
4900416,40,Active,5,34,2013-10-24 20:50:05.354369,15005
4900417,41,Active,19,12,2013-10-24 20:50:05.359901,15005
4900418,42,Active,26,5,2013-10-24 20:50:05.365038,15005
4900419,43,Active,1,22,2013-10-24 20:50:05.369984,15005
4900420,44,Active,4,19,2013-10-24 20:50:05.374943,15005
4900421,45,Active,38,1,2013-10-24 20:50:05.380383,15005
4900422,46,Active,2,29,2013-10-24 20:50:05.385604,15005
4900423,47,Active,1,22,2013-10-24 20:50:05.390859,15005
4900424,48,Active,6,14,2013-10-24 20:50:05.395521,15005
4900425,49,Active,21,2,2013-10-24 20:50:05.400357,15005
4900426,50,Active,26,1,2013-10-24 20:50:05.405367,15005
4900427,51,Active,23,17,2013-10-24 20:50:05.410409,15005
4900428,52,Active,21,6,2013-10-24 20:50:05.414909,15005
4900429,53,Active,5,28,2013-10-24 20:50:05.420455,15005
4900430,54,Active,5,42,2013-10-24 20:50:05.425358,15005
4900431,55,Active,3,28,2013-10-24 20:50:05.430508,15005
4900432,56,Active,37,2,2013-10-24 20:50:05.458471,15005
4900433,57,Active,1,22,2013-10-24 20:50:05.465722,15005
4900434,58,Active,34,5,2013-10-24 20:50:05.471433,15005
4900435,59,Active,26,9,2013-10-24 20:50:05.477543,15005
4900436,60,Active,9,18,2013-10-24 20:50:05.483285,15005
4900437,61,Active,2,22,2013-10-24 20:50:05.48898,15005
4900438,62,Active,15,16,2013-10-24 20:50:05.494526,15005
4900439,63,Active,22,5,2013-10-24 20:50:05.50003,15005
4900440,64,Active,0,35,2013-10-24 20:50:05.505587,15005
4900441,65,Active,0,24,2013-10-24 20:50:05.511214,15005
4900442,66,Active,19,38,2013-10-24 20:50:05.516812,15005
4900443,67,Active,18,9,2013-10-24 20:50:05.522173,15005
4900444,68,Active,3,20,2013-10-24 20:50:05.527936,15005
4900445,69,Active,11,28,2013-10-24 20:50:05.534043,15005
4900446,70,Active,5,26,2013-10-24 20:50:05.540188,15005
4900447,71,Active,1,18,2013-10-24 20:50:05.545793,15005
4900448,72,Active,13,11,2013-10-24 20:50:05.55137,15005
4900449,73,Active,2,17,2013-10-24 20:50:05.557308,15005
4900450,74,Active,19,0,2013-10-24 20:50:05.563001,15005
4900451,75,Active,1,30,2013-10-24 20:50:05.568653,15005
4900452,76,Active,31,28,2013-10-24 20:50:05.574595,15005
4900453,77,Active,5,22,2013-10-24 20:50:05.579677,15005
4900454,78,Active,20,23,2013-10-24 20:50:05.585379,15005
4900455,79,Active,5,42,2013-10-24 20:50:05.591008,15005
4900456,80,Active,2,17,2013-10-24 20:50:05.597798,15005
4900457,81,Active,8,21,2013-10-24 20:50:05.603366,15005
4900458,82,Active,3,17,2013-10-24 20:50:05.609104,15005
4900459,83,Active,27,28,2013-10-24 20:50:05.614651,15005
4900460,84,Active,6,25,2013-10-24 20:50:05.620136,15005
4900461,85,Active,3,21,2013-10-24 20:50:05.626108,15005
4900462,86,Active,29,6,2013-10-24 20:50:05.632062,15005
4900463,87,Active,1,26,2013-10-24 20:50:05.637742,15005
4900464,88,Active,24,11,2013-10-24 20:50:05.643402,15005
4900465,89,Active,5,50,2013-10-24 20:50:05.648908,15005
4900466,90,Active,4,33,2013-10-24 20:50:05.655331,15005
4900467,91,Active,8,15,2013-10-24 20:50:05.661198,15005
4900468,92,Active,27,4,2013-10-24 20:50:05.666979,15005
4900469,93,Active,33,3,2013-10-24 20:50:05.672842,15005
4900470,94,Active,17,16,2013-10-24 20:50:05.678825,15005
4900471,95,Active,32,5,2013-10-24 20:50:05.684574,15005
4900472,96,Active,6,25,2013-10-24 20:50:05.689741,15005
4900473,97,Active,9,18,2013-10-24 20:50:05.695919,15005
4900474,98,Active,21,20,2013-10-24 20:50:05.701677,15005
4900475,99,Active,6,29,2013-10-24 20:50:05.707662,15005
4900476,100,Active,5,25,2013-10-24 20:50:05.713259,15005
4900477,101,Active,2,29,2013-10-24 20:50:05.718997,15005
4900478,102,Active,2,21,2013-10-24 20:50:05.725731,15005
4900479,103,Active,0,39,2013-10-24 20:50:05.731612,15005
4900480,104,Active,24,5,2013-10-24 20:50:05.737711,15005
4900481,105,Active,13,30,2013-10-24 20:50:05.743528,15005
4900482,106,Active,2,25,2013-10-24 20:50:05.74918,15005
4900483,107,Active,1,30,2013-10-24 20:50:05.754785,15005
4900484,108,Active,6,29,2013-10-24 20:50:05.760664,15005
4900485,109,Active,11,28,2013-10-24 20:50:05.766225,15005
4900486,110,Active,3,24,2013-10-24 20:50:05.771714,15005
4900487,111,Active,5,26,2013-10-24 20:50:05.777776,15005
4900488,112,Active,25,14,2013-10-24 20:50:05.805194,15005
4900489,113,Active,47,4,2013-10-24 20:50:05.810967,15005
4900490,114,Active,8,27,2013-10-24 20:50:05.816865,15005
4900491,115,Active,0,27,2013-10-24 20:50:05.822098,15005
4900492,116,Active,20,19,2013-10-24 20:50:05.827415,15005
4900493,117,Active,18,5,2013-10-24 20:50:05.832756,15005
4900494,118,Active,16,15,2013-10-24 20:50:05.83801,15005
4900495,119,Active,29,10,2013-10-24 20:50:05.843177,15005
4900496,120,Active,3,24,2013-10-24 20:50:05.848341,15005
4900497,121,Active,5,19,2013-10-24 20:50:05.853632,15005
4900498,122,Active,11,20,2013-10-24 20:50:05.859006,15005
4900499,123,Active,18,9,2013-10-24 20:50:05.865832,15005
4900500,124,Active,19,17,2013-10-24 20:50:05.871678,15005
4900501,125,Active,19,18,2013-10-24 20:50:05.877279,15005
4900502,126,Active,0,24,2013-10-24 20:50:05.882751,15005
4900503,127,Active,5,22,2013-10-24 20:50:05.887907,15005
4900504,128,Active,2,17,2013-10-24 20:50:05.893116,15005
4900505,129,Active,0,29,2013-10-24 20:50:05.899843,15005
4900506,130,Active,18,5,2013-10-24 20:50:05.906256,15005
4900507,131,Active,2,21,2013-10-24 20:50:05.911698,15005
4900508,132,Active,2,33,2013-10-24 20:50:05.916736,15005
4900509,133,Active,3,24,2013-10-24 20:50:05.9222,15005
4900510,134,Active,25,10,2013-10-24 20:50:05.927538,15005
4900511,135,Active,40,2,2013-10-24 20:50:05.934294,15005
4900512,136,Active,3,20,2013-10-24 20:50:05.939902,15005
4900513,137,Active,2,26,2013-10-24 20:50:05.946195,15005
4900514,138,Active,32,7,2013-10-24 20:50:05.952488,15005
4900515,139,Active,13,23,2013-10-24 20:50:05.958294,15005
4900516,140,Active,4,23,2013-10-24 20:50:05.963809,15005
4900517,141,Active,2,29,2013-10-24 20:50:05.969477,15005
4900518,142,Active,8,35,2013-10-24 20:50:05.975305,15005
4900519,143,Active,14,9,2013-10-24 20:50:05.980934,15005
4900520,144,Active,4,23,2013-10-24 20:50:05.987845,15005
4900521,145,Active,24,12,2013-10-24 20:50:05.994212,15005
4900522,146,Active,31,24,2013-10-24 20:50:05.999664,15005
4900523,147,Active,17,22,2013-10-24 20:50:06.005346,15005
4900524,148,Active,8,35,2013-10-24 20:50:06.010722,15005
4900525,149,Active,0,57,2013-10-24 20:50:06.016593,15005
4900526,150,Active,26,22,2013-10-24 20:50:06.022228,15005
4900527,151,Active,2,25,2013-10-24 20:50:06.027889,15005
4900528,152,Active,2,29,2013-10-24 20:50:06.034141,15005
4900529,153,Active,2,31,2013-10-24 20:50:06.039771,15005
4900530,154,Active,17,17,2013-10-24 20:50:06.045657,15005
4900531,155,Active,24,15,2013-10-24 20:50:06.051076,15005
4900532,156,Active,12,23,2013-10-24 20:50:06.056678,15005
4900533,157,Active,3,24,2013-10-24 20:50:06.063093,15005
4900534,158,Active,6,13,2013-10-24 20:50:06.069316,15005
4900535,159,Active,8,22,2013-10-24 20:50:06.074839,15005
4900536,160,Active,14,29,2013-10-24 20:50:06.080749,15005
4900537,161,Active,45,2,2013-10-24 20:50:06.086605,15005
4900538,162,Inactive,0,59,2013-10-24 20:50:06.091949,15005
4900539,163,Active,9,30,2013-10-24 20:50:06.097655,15005
4900540,164,Active,27,9,2013-10-24 20:50:06.102941,15005
4900541,165,Active,33,6,2013-10-24 20:50:06.108936,15005
4900542,166,Active,0,31,2013-10-24 20:50:06.115381,15005
4900543,167,Active,3,26,2013-10-24 20:50:06.121176,15005
4900544,168,Active,15,28,2013-10-24 20:50:06.151259,15005
4900545,169,Active,0,39,2013-10-24 20:50:06.157242,15005
4900546,170,Active,29,6,2013-10-24 20:50:06.162817,15005
4900547,171,Active,5,22,2013-10-24 20:50:06.16883,15005
4900548,172,Active,23,8,2013-10-24 20:50:06.174724,15005
4900549,173,Active,1,30,2013-10-24 20:50:06.180383,15005
4900550,174,Active,24,8,2013-10-24 20:50:06.185778,15005
4900551,175,Active,1,30,2013-10-24 20:50:06.191475,15005
4900552,176,Active,4,32,2013-10-24 20:50:06.197032,15005
4900553,177,Active,4,26,2013-10-24 20:50:06.202233,15005
4900554,178,Inactive,0,25,2013-10-24 20:50:06.207649,15005
4900555,179,Active,0,27,2013-10-24 20:50:06.213265,15005
4900556,180,Active,13,18,2013-10-24 20:50:06.219507,15005
4900557,181,Active,0,27,2013-10-24 20:50:06.225454,15005
4900558,182,Active,3,12,2013-10-24 20:50:06.230815,15005
4900559,183,Active,1,40,2013-10-24 20:50:06.236341,15005
4900560,184,Active,26,16,2013-10-24 20:50:06.243421,15005
4900561,185,Active,16,15,2013-10-24 20:50:06.249837,15005
4900562,186,Active,30,9,2013-10-24 20:50:06.255457,15005
4900563,187,Active,6,34,2013-10-24 20:50:06.262,15005
4900564,188,Active,2,32,2013-10-24 20:50:06.268127,15005
4900565,189,Active,1,42,2013-10-24 20:50:06.274813,15005
4900566,190,Active,5,18,2013-10-24 20:50:06.280508,15005
4900567,191,Active,2,17,2013-10-24 20:50:06.286366,15005
4900568,192,Active,2,33,2013-10-24 20:50:06.292164,15005
4900569,193,Active,2,21,2013-10-24 20:50:06.298306,15005
4900570,194,Active,11,18,2013-10-24 20:50:06.304674,15005
4900571,195,Active,14,10,2013-10-24 20:50:06.310494,15005
4900572,196,Active,28,14,2013-10-24 20:50:06.316038,15005
4900573,197,Active,0,31,2013-10-24 20:50:06.321644,15005
4900574,198,Active,3,44,2013-10-24 20:50:06.327502,15005
4900575,199,Active,22,1,2013-10-24 20:50:06.334158,15005
4900576,200,Active,2,21,2013-10-24 20:50:06.339881,15005
4900577,201,Active,1,22,2013-10-24 20:50:06.346146,15005
4900578,202,Active,1,18,2013-10-24 20:50:06.352264,15005
4900579,203,Active,5,50,2013-10-24 20:50:06.358197,15005
4900580,204,Active,3,36,2013-10-24 20:50:06.363899,15005
4900581,205,Active,20,11,2013-10-24 20:50:06.369645,15005
4900582,206,Active,53,6,2013-10-24 20:50:06.375783,15005
4900583,207,Active,5,26,2013-10-24 20:50:06.381317,15005
4900584,208,Active,26,1,2013-10-24 20:50:06.386801,15005
4900585,209,Active,15,15,2013-10-24 20:50:06.392972,15005
4900586,210,Active,0,31,2013-10-24 20:50:06.398609,15005
4900587,211,Active,6,33,2013-10-24 20:50:06.406107,15005
4900588,212,Active,20,7,2013-10-24 20:50:06.411581,15005
4900589,213,Active,27,20,2013-10-24 20:50:06.417844,15005
4900590,214,Active,1,26,2013-10-24 20:50:06.423518,15005
4900591,215,Active,2,25,2013-10-24 20:50:06.429115,15005
4900592,216,Active,3,24,2013-10-24 20:50:06.435172,15005
4900593,217,Active,3,36,2013-10-24 20:50:06.441368,15005
4900594,218,Active,0,32,2013-10-24 20:50:06.44703,15005
4900595,219,Active,5,28,2013-10-24 20:50:06.452728,15005
4900596,220,Active,28,23,2013-10-24 20:50:06.458823,15005
4900597,221,Active,1,22,2013-10-24 20:50:06.464832,15005
4900598,222,Active,34,18,2013-10-24 20:50:06.470824,15005
4900599,223,Active,4,32,2013-10-24 20:50:06.476226,15005
4900600,224,Active,13,26,2013-10-24 20:50:06.5066,15005
4900601,225,Active,2,29,2013-10-24 20:50:06.512493,15005
4900602,226,Active,8,23,2013-10-24 20:50:06.518668,15005
4900603,227,Active,2,29,2013-10-24 20:50:06.524385,15005
4900604,228,Active,1,58,2013-10-24 20:50:06.52979,15005
4900605,229,Active,6,33,2013-10-24 20:50:06.535845,15005
4900606,230,Active,3,32,2013-10-24 20:50:06.541436,15005
4900607,231,Active,3,36,2013-10-24 20:50:06.546966,15005
4900608,232,Active,12,23,2013-10-24 20:50:06.552193,15005
4900609,233,Active,0,59,2013-10-24 20:50:06.559366,15005
4900610,234,Active,0,31,2013-10-24 20:50:06.565716,15005
4900611,235,Active,9,12,2013-10-24 20:50:06.571573,15005
4900612,236,Active,9,14,2013-10-24 20:50:06.576784,15005
4900613,237,Inactive,0,39,2013-10-24 20:50:06.582185,15005
4900614,238,Active,21,26,2013-10-24 20:50:06.587728,15005
4900615,239,Active,14,11,2013-10-24 20:50:06.593319,15005
4900616,240,Active,23,36,2013-10-24 20:50:06.599038,15005
4900617,241,Active,13,26,2013-10-24 20:50:06.604571,15005
4900618,242,Active,22,13,2013-10-24 20:50:06.610113,15005
4900619,243,Active,18,16,2013-10-24 20:50:06.61612,15005
4900620,244,Active,7,52,2013-10-24 20:50:06.621735,15005
4900621,245,Active,2,55,2013-10-24 20:50:06.62704,15005
4900622,246,Active,12,25,2013-10-24 20:50:06.633107,15005
4900623,247,Active,0,27,2013-10-24 20:50:06.638608,15005
4900624,248,Active,9,32,2013-10-24 20:50:06.644009,15005
4900625,249,Active,3,39,2013-10-24 20:50:06.64951,15005
4900626,250,Active,22,25,2013-10-24 20:50:06.655261,15005
4900627,251,Active,5,32,2013-10-24 20:50:06.660765,15005
4900628,252,Inactive,0,44,2013-10-24 20:50:06.666649,15005
4900629,253,Active,34,25,2013-10-24 20:50:06.672459,15005
4900630,254,Active,12,19,2013-10-24 20:50:06.677664,15005
4900631,255,Active,2,29,2013-10-24 20:50:06.683442,15005
4900632,256,Active,4,23,2013-10-24 20:50:06.688875,15005
4900633,257,Active,5,20,2013-10-24 20:50:06.694607,15005
4900634,258,Active,8,31,2013-10-24 20:50:06.700368,15005
4900635,259,Active,13,22,2013-10-24 20:50:06.70606,15005
4900636,260,Active,3,41,2013-10-24 20:50:06.711846,15005
4900637,261,Active,8,31,2013-10-24 20:50:06.717266,15005
4900638,262,Active,14,25,2013-10-24 20:50:06.722801,15005
4900639,263,Active,11,25,2013-10-24 20:50:06.728653,15005
4900640,264,Active,25,16,2013-10-24 20:50:06.734522,15005
4900641,265,Active,27,10,2013-10-24 20:50:06.741063,15005
4900642,266,Active,12,47,2013-10-24 20:50:06.746749,15005
4900643,267,Active,22,31,2013-10-24 20:50:06.752139,15005
4900644,268,Active,15,34,2013-10-24 20:50:06.757344,15005
4900645,269,Active,16,18,2013-10-24 20:50:06.762829,15005
4900646,270,Active,6,29,2013-10-24 20:50:06.768803,15005
4900647,271,Active,6,19,2013-10-24 20:50:06.77692,15005
4900648,272,Inactive,0,35,2013-10-24 20:50:06.782506,15005
4900649,273,Active,49,10,2013-10-24 20:50:06.788146,15005
4900650,274,Active,8,22,2013-10-24 20:50:06.79403,15005
4900651,275,Active,5,31,2013-10-24 20:50:06.799959,15005
4900652,276,Active,12,40,2013-10-24 20:50:06.805582,15005
4900653,277,Active,26,17,2013-10-24 20:50:06.811624,15005
4900654,330,Active,2,28,2013-10-24 20:50:06.817612,15005
4900655,278,Inactive,0,27,2013-10-24 20:50:06.823467,15005
4900656,279,Active,11,34,2013-10-24 20:50:06.853793,15005
4900657,280,Active,11,25,2013-10-24 20:50:06.859847,15005
4900658,281,Active,3,44,2013-10-24 20:50:06.865583,15005
4900659,282,Active,6,18,2013-10-24 20:50:06.871087,15005
4900660,283,Active,13,23,2013-10-24 20:50:06.87675,15005
4900661,284,Active,30,21,2013-10-24 20:50:06.882389,15005
4900662,285,Active,21,12,2013-10-24 20:50:06.88792,15005
4900663,286,Active,10,17,2013-10-24 20:50:06.893683,15005
4900664,287,Active,1,26,2013-10-24 20:50:06.899477,15005
4900665,288,Active,10,43,2013-10-24 20:50:06.905167,15005
4900666,289,Active,10,25,2013-10-24 20:50:06.910919,15005
4900667,290,Active,1,30,2013-10-24 20:50:06.916668,15005
4900668,291,Active,3,56,2013-10-24 20:50:06.922399,15005
4900669,292,Active,3,36,2013-10-24 20:50:06.928453,15005
4900670,293,Active,30,31,2013-10-24 20:50:06.934575,15005
4900671,294,Active,11,28,2013-10-24 20:50:06.940836,15005
4900672,295,Active,16,51,2013-10-24 20:50:06.946699,15005
4900673,296,Active,23,28,2013-10-24 20:50:06.952531,15005
4900674,297,Active,12,39,2013-10-24 20:50:06.958588,15005
4900675,298,Active,7,50,2013-10-24 20:50:06.964315,15005
4900676,299,Active,14,25,2013-10-24 20:50:06.971016,15005
4900677,300,Active,1,42,2013-10-24 20:50:06.976516,15005
4900678,301,Inactive,0,7,2013-10-24 20:50:06.982566,15005
4900679,302,Active,19,20,2013-10-24 20:50:06.988526,15005
4900680,303,Active,23,18,2013-10-24 20:50:06.994243,15005
4900681,304,Active,1,35,2013-10-24 20:50:06.999759,15005
4900682,305,Active,10,29,2013-10-24 20:50:07.005618,15005
4900683,306,Active,2,41,2013-10-24 20:50:07.010934,15005
4900684,307,Active,2,46,2013-10-24 20:50:07.016545,15005
4900685,308,Active,16,15,2013-10-24 20:50:07.022794,15005
4900686,309,Active,4,25,2013-10-24 20:50:07.028605,15005
4900687,310,Active,1,38,2013-10-24 20:50:07.034684,15005
4900688,311,Active,11,28,2013-10-24 20:50:07.041234,15005
4900689,312,Active,21,10,2013-10-24 20:50:07.046794,15005
4900690,313,Active,10,29,2013-10-24 20:50:07.052512,15005
4900691,314,Active,13,14,2013-10-24 20:50:07.058073,15005
4900692,315,Active,22,16,2013-10-24 20:50:07.064127,15005
4900693,316,Active,25,5,2013-10-24 20:50:07.070019,15005
4900694,317,Active,0,15,2013-10-24 20:50:07.076399,15005
4900695,318,Active,19,8,2013-10-24 20:50:07.082826,15005
4900696,319,Active,8,22,2013-10-24 20:50:07.089027,15005
4900697,320,Active,30,6,2013-10-24 20:50:07.09505,15005
4900698,321,Active,9,3,2013-10-24 20:50:07.100848,15005
4900699,322,Active,19,30,2013-10-24 20:50:07.106211,15005
4900700,332,Active,8,16,2013-10-24 20:50:07.112013,15005
4900701,327,Active,8,24,2013-10-24 20:50:07.117349,15005
4900702,328,Active,36,3,2013-10-24 20:50:07.12407,15005
4900703,331,Active,3,33,2013-10-24 20:50:07.1301,15005
4900704,323,Active,0,39,2013-10-24 20:50:07.136815,15005
4900705,324,Active,10,33,2013-10-24 20:50:07.142466,15005
4900706,329,Active,13,20,2013-10-24 20:50:07.149596,15005
4900707,325,Active,16,20,2013-10-24 20:50:07.156653,15005
4900708,326,Active,8,17,2013-10-24 20:50:07.162621,15005
4900709,1,Active,16,23,2013-10-24 21:00:04.98228,15006
4900710,2,Active,32,1,2013-10-24 21:00:04.992552,15006
4900711,3,Active,6,20,2013-10-24 21:00:04.997363,15006
4900712,4,Active,8,54,2013-10-24 21:00:05.002878,15006
4900713,5,Active,6,33,2013-10-24 21:00:05.00782,15006
4900714,6,Active,14,5,2013-10-24 21:00:05.019038,15006
4900715,7,Active,1,18,2013-10-24 21:00:05.024388,15006
4900716,8,Active,7,24,2013-10-24 21:00:05.03472,15006
4900717,9,Active,26,4,2013-10-24 21:00:05.040533,15006
4900718,10,Active,27,19,2013-10-24 21:00:05.045205,15006
4900719,11,Active,5,19,2013-10-24 21:00:05.049911,15006
4900720,12,Active,10,9,2013-10-24 21:00:05.05432,15006
4900721,13,Active,12,27,2013-10-24 21:00:05.058619,15006
4900722,14,Active,27,6,2013-10-24 21:00:05.063122,15006
4900723,15,Active,8,23,2013-10-24 21:00:05.067762,15006
4900724,16,Active,12,21,2013-10-24 21:00:05.072436,15006
4900725,17,Active,5,24,2013-10-24 21:00:05.076935,15006
4900726,18,Active,17,38,2013-10-24 21:00:05.08156,15006
4900727,19,Active,6,17,2013-10-24 21:00:05.085925,15006
4900728,20,Active,0,26,2013-10-24 21:00:05.092215,15006
4900729,21,Active,27,8,2013-10-24 21:00:05.096906,15006
4900730,22,Active,31,16,2013-10-24 21:00:05.101495,15006
4900731,23,Active,0,45,2013-10-24 21:00:05.106151,15006
4900732,24,Active,15,32,2013-10-24 21:00:05.110501,15006
4900733,25,Active,29,22,2013-10-24 21:00:05.114952,15006
4900734,26,Active,10,20,2013-10-24 21:00:05.119304,15006
4900735,27,Active,25,20,2013-10-24 21:00:05.123661,15006
4900736,28,Active,14,14,2013-10-24 21:00:05.128246,15006
4900737,29,Active,5,18,2013-10-24 21:00:05.132731,15006
4900738,30,Active,17,22,2013-10-24 21:00:05.138427,15006
4900739,31,Active,9,29,2013-10-24 21:00:05.143237,15006
4900740,32,Active,9,24,2013-10-24 21:00:05.147628,15006
4900741,33,Active,16,15,2013-10-24 21:00:05.152639,15006
4900742,34,Active,20,17,2013-10-24 21:00:05.158045,15006
4900743,35,Active,37,18,2013-10-24 21:00:05.162739,15006
4900744,36,Active,22,5,2013-10-24 21:00:05.167411,15006
4900745,37,Active,0,23,2013-10-24 21:00:05.171874,15006
4900746,38,Active,18,21,2013-10-24 21:00:05.176776,15006
4900747,39,Active,4,35,2013-10-24 21:00:05.181853,15006
4900748,40,Active,7,32,2013-10-24 21:00:05.186606,15006
4900749,41,Active,18,13,2013-10-24 21:00:05.191298,15006
4900750,42,Active,24,7,2013-10-24 21:00:05.196267,15006
4900751,43,Active,1,22,2013-10-24 21:00:05.20122,15006
4900752,44,Active,4,19,2013-10-24 21:00:05.206102,15006
4900753,45,Active,37,2,2013-10-24 21:00:05.210871,15006
4900754,46,Active,2,29,2013-10-24 21:00:05.215712,15006
4900755,47,Active,1,22,2013-10-24 21:00:05.220498,15006
4900756,48,Active,7,13,2013-10-24 21:00:05.225349,15006
4900757,49,Active,20,3,2013-10-24 21:00:05.230187,15006
4900758,50,Active,26,1,2013-10-24 21:00:05.234925,15006
4900759,51,Active,15,25,2013-10-24 21:00:05.239639,15006
4900760,52,Active,22,5,2013-10-24 21:00:05.244574,15006
4900761,53,Active,7,26,2013-10-24 21:00:05.249392,15006
4900762,54,Active,4,43,2013-10-24 21:00:05.254322,15006
4900763,55,Active,5,26,2013-10-24 21:00:05.258678,15006
4900764,56,Active,38,1,2013-10-24 21:00:05.288556,15006
4900765,57,Active,2,21,2013-10-24 21:00:05.295858,15006
4900766,58,Active,33,6,2013-10-24 21:00:05.301509,15006
4900767,59,Active,22,13,2013-10-24 21:00:05.307212,15006
4900768,60,Active,9,18,2013-10-24 21:00:05.312357,15006
4900769,61,Active,2,22,2013-10-24 21:00:05.31788,15006
4900770,62,Active,14,17,2013-10-24 21:00:05.323249,15006
4900771,63,Active,24,3,2013-10-24 21:00:05.32878,15006
4900772,64,Active,0,35,2013-10-24 21:00:05.335459,15006
4900773,65,Active,0,24,2013-10-24 21:00:05.341437,15006
4900774,66,Active,18,39,2013-10-24 21:00:05.347089,15006
4900775,67,Active,17,10,2013-10-24 21:00:05.352386,15006
4900776,68,Active,3,20,2013-10-24 21:00:05.357938,15006
4900777,69,Active,11,28,2013-10-24 21:00:05.363381,15006
4900778,70,Active,6,25,2013-10-24 21:00:05.368807,15006
4900779,71,Active,2,17,2013-10-24 21:00:05.374317,15006
4900780,72,Active,14,10,2013-10-24 21:00:05.379464,15006
4900781,73,Active,2,17,2013-10-24 21:00:05.38459,15006
4900782,74,Active,19,0,2013-10-24 21:00:05.38983,15006
4900783,75,Active,3,28,2013-10-24 21:00:05.397738,15006
4900784,76,Active,31,28,2013-10-24 21:00:05.403636,15006
4900785,77,Active,5,22,2013-10-24 21:00:05.409055,15006
4900786,78,Active,19,24,2013-10-24 21:00:05.414468,15006
4900787,79,Active,1,46,2013-10-24 21:00:05.419666,15006
4900788,80,Active,2,17,2013-10-24 21:00:05.42476,15006
4900789,81,Active,8,21,2013-10-24 21:00:05.430596,15006
4900790,82,Active,3,17,2013-10-24 21:00:05.436029,15006
4900791,83,Active,23,32,2013-10-24 21:00:05.441547,15006
4900792,84,Active,4,27,2013-10-24 21:00:05.44692,15006
4900793,85,Active,6,18,2013-10-24 21:00:05.452336,15006
4900794,86,Active,30,5,2013-10-24 21:00:05.457861,15006
4900795,87,Active,4,23,2013-10-24 21:00:05.463287,15006
4900796,88,Active,24,11,2013-10-24 21:00:05.469034,15006
4900797,89,Active,2,53,2013-10-24 21:00:05.474591,15006
4900798,90,Active,3,34,2013-10-24 21:00:05.479929,15006
4900799,91,Active,8,15,2013-10-24 21:00:05.48622,15006
4900800,92,Active,29,2,2013-10-24 21:00:05.495244,15006
4900801,93,Active,34,2,2013-10-24 21:00:05.500632,15006
4900802,94,Active,18,15,2013-10-24 21:00:05.506185,15006
4900803,95,Active,32,5,2013-10-24 21:00:05.511778,15006
4900804,96,Active,5,26,2013-10-24 21:00:05.517208,15006
4900805,97,Active,10,17,2013-10-24 21:00:05.522771,15006
4900806,98,Active,17,24,2013-10-24 21:00:05.52817,15006
4900807,99,Active,6,29,2013-10-24 21:00:05.534045,15006
4900808,100,Active,3,27,2013-10-24 21:00:05.539622,15006
4900809,101,Active,2,29,2013-10-24 21:00:05.546018,15006
4900810,102,Active,2,21,2013-10-24 21:00:05.551607,15006
4900811,103,Active,0,39,2013-10-24 21:00:05.558025,15006
4900812,104,Active,24,5,2013-10-24 21:00:05.564344,15006
4900813,105,Active,12,31,2013-10-24 21:00:05.570591,15006
4900814,106,Active,2,25,2013-10-24 21:00:05.576925,15006
4900815,107,Active,6,25,2013-10-24 21:00:05.58356,15006
4900816,108,Active,5,30,2013-10-24 21:00:05.589373,15006
4900817,109,Active,8,31,2013-10-24 21:00:05.594946,15006
4900818,110,Active,3,24,2013-10-24 21:00:05.601182,15006
4900819,111,Active,4,27,2013-10-24 21:00:05.606488,15006
4900820,112,Active,24,15,2013-10-24 21:00:05.63518,15006
4900821,113,Active,48,3,2013-10-24 21:00:05.641298,15006
4900822,114,Active,6,29,2013-10-24 21:00:05.648108,15006
4900823,115,Active,1,26,2013-10-24 21:00:05.653649,15006
4900824,116,Active,17,22,2013-10-24 21:00:05.659378,15006
4900825,117,Active,17,6,2013-10-24 21:00:05.664769,15006
4900826,118,Active,9,22,2013-10-24 21:00:05.671099,15006
4900827,119,Active,29,10,2013-10-24 21:00:05.67688,15006
4900828,120,Active,3,24,2013-10-24 21:00:05.682774,15006
4900829,121,Active,5,19,2013-10-24 21:00:05.688916,15006
4900830,122,Active,17,14,2013-10-24 21:00:05.694391,15006
4900831,123,Active,16,11,2013-10-24 21:00:05.700217,15006
4900832,124,Active,17,19,2013-10-24 21:00:05.70625,15006
4900833,125,Active,16,21,2013-10-24 21:00:05.711668,15006
4900834,126,Active,0,24,2013-10-24 21:00:05.717352,15006
4900835,127,Active,5,22,2013-10-24 21:00:05.723298,15006
4900836,128,Active,3,16,2013-10-24 21:00:05.729045,15006
4900837,129,Active,1,28,2013-10-24 21:00:05.734759,15006
4900838,130,Active,18,5,2013-10-24 21:00:05.740332,15006
4900839,131,Active,1,22,2013-10-24 21:00:05.746454,15006
4900840,132,Active,5,30,2013-10-24 21:00:05.752189,15006
4900841,133,Active,4,23,2013-10-24 21:00:05.757951,15006
4900842,134,Active,23,12,2013-10-24 21:00:05.764259,15006
4900843,135,Active,39,3,2013-10-24 21:00:05.770138,15006
4900844,136,Active,2,21,2013-10-24 21:00:05.779171,15006
4900845,137,Active,3,25,2013-10-24 21:00:05.784576,15006
4900846,138,Active,31,8,2013-10-24 21:00:05.790202,15006
4900847,139,Active,10,26,2013-10-24 21:00:05.795514,15006
4900848,140,Active,4,23,2013-10-24 21:00:05.800749,15006
4900849,141,Active,2,29,2013-10-24 21:00:05.805724,15006
4900850,142,Active,9,34,2013-10-24 21:00:05.811686,15006
4900851,143,Active,13,10,2013-10-24 21:00:05.817222,15006
4900852,144,Active,5,22,2013-10-24 21:00:05.82331,15006
4900853,145,Active,22,14,2013-10-24 21:00:05.829154,15006
4900854,146,Active,25,30,2013-10-24 21:00:05.836022,15006
4900855,147,Active,14,25,2013-10-24 21:00:05.841571,15006
4900856,148,Active,8,35,2013-10-24 21:00:05.847447,15006
4900857,149,Active,0,57,2013-10-24 21:00:05.853054,15006
4900858,150,Active,25,23,2013-10-24 21:00:05.859024,15006
4900859,151,Active,2,25,2013-10-24 21:00:05.864908,15006
4900860,152,Active,2,29,2013-10-24 21:00:05.872185,15006
4900861,153,Active,0,33,2013-10-24 21:00:05.879029,15006
4900862,154,Active,14,20,2013-10-24 21:00:05.884887,15006
4900863,155,Active,25,14,2013-10-24 21:00:05.890898,15006
4900864,156,Active,13,22,2013-10-24 21:00:05.896188,15006
4900865,157,Active,3,24,2013-10-24 21:00:05.902036,15006
4900866,158,Active,6,13,2013-10-24 21:00:05.907758,15006
4900867,159,Active,8,22,2013-10-24 21:00:05.913371,15006
4900868,160,Active,35,8,2013-10-24 21:00:05.918658,15006
4900869,161,Active,44,3,2013-10-24 21:00:05.924453,15006
4900870,162,Inactive,0,59,2013-10-24 21:00:05.930853,15006
4900871,163,Active,13,26,2013-10-24 21:00:05.939408,15006
4900872,164,Active,31,5,2013-10-24 21:00:05.944857,15006
4900873,165,Active,33,6,2013-10-24 21:00:05.950422,15006
4900874,166,Active,1,30,2013-10-24 21:00:05.956289,15006
4900875,167,Active,5,24,2013-10-24 21:00:05.962428,15006
4900876,168,Active,15,28,2013-10-24 21:00:05.992207,15006
4900877,169,Active,2,37,2013-10-24 21:00:05.998139,15006
4900878,170,Active,28,7,2013-10-24 21:00:06.003492,15006
4900879,171,Active,5,22,2013-10-24 21:00:06.008517,15006
4900880,172,Active,22,9,2013-10-24 21:00:06.013588,15006
4900881,173,Active,1,30,2013-10-24 21:00:06.018929,15006
4900882,174,Active,24,8,2013-10-24 21:00:06.024186,15006
4900883,175,Active,3,28,2013-10-24 21:00:06.029916,15006
4900884,176,Active,5,31,2013-10-24 21:00:06.035357,15006
4900885,177,Active,4,26,2013-10-24 21:00:06.040538,15006
4900886,178,Inactive,0,25,2013-10-24 21:00:06.046088,15006
4900887,179,Active,0,27,2013-10-24 21:00:06.055365,15006
4900888,180,Active,13,18,2013-10-24 21:00:06.060481,15006
4900889,181,Active,0,27,2013-10-24 21:00:06.066284,15006
4900890,182,Active,3,12,2013-10-24 21:00:06.071682,15006
4900891,183,Active,3,38,2013-10-24 21:00:06.076699,15006
4900892,184,Active,23,19,2013-10-24 21:00:06.082119,15006
4900893,185,Active,17,14,2013-10-24 21:00:06.08717,15006
4900894,186,Active,30,9,2013-10-24 21:00:06.093043,15006
4900895,187,Active,6,34,2013-10-24 21:00:06.098215,15006
4900896,188,Active,2,32,2013-10-24 21:00:06.103352,15006
4900897,189,Active,1,42,2013-10-24 21:00:06.108756,15006
4900898,190,Active,5,18,2013-10-24 21:00:06.114168,15006
4900899,191,Active,2,17,2013-10-24 21:00:06.119315,15006
4900900,192,Active,0,35,2013-10-24 21:00:06.124594,15006
4900901,193,Active,2,21,2013-10-24 21:00:06.130258,15006
4900902,194,Active,12,17,2013-10-24 21:00:06.136313,15006
4900903,195,Active,14,10,2013-10-24 21:00:06.141805,15006
4900904,196,Active,26,16,2013-10-24 21:00:06.147524,15006
4900905,197,Active,0,31,2013-10-24 21:00:06.15293,15006
4900906,198,Active,1,46,2013-10-24 21:00:06.159025,15006
4900907,199,Active,21,2,2013-10-24 21:00:06.166803,15006
4900908,200,Active,3,20,2013-10-24 21:00:06.172471,15006
4900909,201,Active,0,23,2013-10-24 21:00:06.179011,15006
4900910,202,Active,1,18,2013-10-24 21:00:06.184578,15006
4900911,203,Active,3,52,2013-10-24 21:00:06.189817,15006
4900912,204,Active,1,38,2013-10-24 21:00:06.195325,15006
4900913,205,Active,14,17,2013-10-24 21:00:06.200924,15006
4900914,206,Active,53,6,2013-10-24 21:00:06.206254,15006
4900915,207,Active,6,25,2013-10-24 21:00:06.21175,15006
4900916,208,Active,26,1,2013-10-24 21:00:06.217482,15006
4900917,209,Active,15,15,2013-10-24 21:00:06.223835,15006
4900918,210,Active,0,31,2013-10-24 21:00:06.229788,15006
4900919,211,Active,5,34,2013-10-24 21:00:06.235846,15006
4900920,212,Active,19,8,2013-10-24 21:00:06.24136,15006
4900921,213,Active,26,21,2013-10-24 21:00:06.246891,15006
4900922,214,Active,1,26,2013-10-24 21:00:06.252208,15006
4900923,215,Active,2,25,2013-10-24 21:00:06.257828,15006
4900924,216,Active,3,24,2013-10-24 21:00:06.26299,15006
4900925,217,Active,2,37,2013-10-24 21:00:06.268822,15006
4900926,218,Active,0,32,2013-10-24 21:00:06.27438,15006
4900927,219,Active,7,26,2013-10-24 21:00:06.279732,15006
4900928,220,Active,21,30,2013-10-24 21:00:06.285186,15006
4900929,221,Active,1,22,2013-10-24 21:00:06.290684,15006
4900930,222,Active,34,18,2013-10-24 21:00:06.296034,15006
4900931,223,Active,7,29,2013-10-24 21:00:06.301681,15006
4900932,224,Active,14,25,2013-10-24 21:00:06.331817,15006
4900933,225,Active,4,27,2013-10-24 21:00:06.337596,15006
4900934,226,Active,8,23,2013-10-24 21:00:06.343784,15006
4900935,227,Active,2,29,2013-10-24 21:00:06.34922,15006
4900936,228,Active,1,58,2013-10-24 21:00:06.35554,15006
4900937,229,Active,7,32,2013-10-24 21:00:06.36089,15006
4900938,230,Active,3,32,2013-10-24 21:00:06.366818,15006
4900939,231,Active,2,37,2013-10-24 21:00:06.372504,15006
4900940,232,Active,7,28,2013-10-24 21:00:06.378641,15006
4900941,233,Active,3,56,2013-10-24 21:00:06.384355,15006
4900942,234,Active,0,31,2013-10-24 21:00:06.390135,15006
4900943,235,Active,9,12,2013-10-24 21:00:06.395805,15006
4900944,236,Active,9,14,2013-10-24 21:00:06.401698,15006
4900945,237,Inactive,0,39,2013-10-24 21:00:06.407351,15006
4900946,238,Active,19,28,2013-10-24 21:00:06.413195,15006
4900947,239,Active,15,10,2013-10-24 21:00:06.418664,15006
4900948,240,Active,24,35,2013-10-24 21:00:06.423933,15006
4900949,241,Active,15,24,2013-10-24 21:00:06.429427,15006
4900950,242,Active,22,13,2013-10-24 21:00:06.434867,15006
4900951,243,Active,20,14,2013-10-24 21:00:06.441066,15006
4900952,244,Active,6,53,2013-10-24 21:00:06.446419,15006
4900953,245,Active,2,55,2013-10-24 21:00:06.452201,15006
4900954,246,Active,12,25,2013-10-24 21:00:06.459508,15006
4900955,247,Active,0,27,2013-10-24 21:00:06.464752,15006
4900956,248,Active,8,33,2013-10-24 21:00:06.471012,15006
4900957,249,Active,3,39,2013-10-24 21:00:06.476166,15006
4900958,250,Active,23,24,2013-10-24 21:00:06.48125,15006
4900959,251,Active,3,34,2013-10-24 21:00:06.486732,15006
4900960,252,Inactive,0,44,2013-10-24 21:00:06.491941,15006
4900961,253,Active,35,24,2013-10-24 21:00:06.497319,15006
4900962,254,Active,12,19,2013-10-24 21:00:06.502634,15006
4900963,255,Active,0,31,2013-10-24 21:00:06.507988,15006
4900964,256,Active,5,22,2013-10-24 21:00:06.513267,15006
4900965,257,Active,5,20,2013-10-24 21:00:06.519127,15006
4900966,258,Active,8,31,2013-10-24 21:00:06.525119,15006
4900967,259,Active,11,24,2013-10-24 21:00:06.53078,15006
4900968,260,Active,0,44,2013-10-24 21:00:06.53604,15006
4900969,261,Active,10,29,2013-10-24 21:00:06.541706,15006
4900970,262,Active,13,26,2013-10-24 21:00:06.547386,15006
4900971,263,Active,10,26,2013-10-24 21:00:06.552996,15006
4900972,264,Active,28,13,2013-10-24 21:00:06.558399,15006
4900973,265,Active,26,11,2013-10-24 21:00:06.564073,15006
4900974,266,Active,14,45,2013-10-24 21:00:06.570166,15006
4900975,267,Active,13,40,2013-10-24 21:00:06.575361,15006
4900976,268,Active,29,20,2013-10-24 21:00:06.581769,15006
4900977,269,Active,12,22,2013-10-24 21:00:06.587119,15006
4900978,270,Active,6,29,2013-10-24 21:00:06.592816,15006
4900979,271,Active,6,19,2013-10-24 21:00:06.598094,15006
4900980,272,Inactive,0,35,2013-10-24 21:00:06.603431,15006
4900981,273,Active,52,7,2013-10-24 21:00:06.608928,15006
4900982,274,Active,8,22,2013-10-24 21:00:06.614195,15006
4900983,275,Active,7,29,2013-10-24 21:00:06.620256,15006
4900984,276,Active,12,40,2013-10-24 21:00:06.625448,15006
4900985,277,Active,30,13,2013-10-24 21:00:06.631073,15006
4900986,330,Active,4,26,2013-10-24 21:00:06.636757,15006
4900987,278,Inactive,0,27,2013-10-24 21:00:06.643762,15006
4900988,279,Active,11,34,2013-10-24 21:00:06.672966,15006
4900989,280,Active,15,21,2013-10-24 21:00:06.678702,15006
4900990,281,Active,3,44,2013-10-24 21:00:06.684524,15006
4900991,282,Active,5,19,2013-10-24 21:00:06.690342,15006
4900992,283,Active,9,27,2013-10-24 21:00:06.695951,15006
4900993,284,Active,23,28,2013-10-24 21:00:06.701532,15006
4900994,285,Active,20,13,2013-10-24 21:00:06.706935,15006
4900995,286,Active,10,17,2013-10-24 21:00:06.712393,15006
4900996,287,Active,1,26,2013-10-24 21:00:06.717601,15006
4900997,288,Active,10,43,2013-10-24 21:00:06.724396,15006
4900998,289,Active,12,23,2013-10-24 21:00:06.729827,15006
4900999,290,Active,2,29,2013-10-24 21:00:06.735683,15006
4901000,291,Active,1,58,2013-10-24 21:00:06.741049,15006
4901001,292,Active,5,34,2013-10-24 21:00:06.746648,15006
4901002,293,Active,27,34,2013-10-24 21:00:06.752408,15006
4901003,294,Active,6,33,2013-10-24 21:00:06.75836,15006
4901004,295,Active,15,52,2013-10-24 21:00:06.763543,15006
4901005,296,Active,22,29,2013-10-24 21:00:06.768889,15006
4901006,297,Active,10,41,2013-10-24 21:00:06.774493,15006
4901007,298,Active,6,51,2013-10-24 21:00:06.780118,15006
4901008,299,Active,9,30,2013-10-24 21:00:06.78605,15006
4901009,300,Active,1,42,2013-10-24 21:00:06.792336,15006
4901010,301,Inactive,0,7,2013-10-24 21:00:06.797648,15006
4901011,302,Active,15,24,2013-10-24 21:00:06.803252,15006
4901012,303,Active,24,17,2013-10-24 21:00:06.808705,15006
4901013,304,Active,0,36,2013-10-24 21:00:06.814406,15006
4901014,305,Active,7,32,2013-10-24 21:00:06.820281,15006
4901015,306,Active,2,41,2013-10-24 21:00:06.825716,15006
4901016,307,Active,1,47,2013-10-24 21:00:06.831158,15006
4901017,308,Active,14,17,2013-10-24 21:00:06.836506,15006
4901018,309,Active,4,25,2013-10-24 21:00:06.842505,15006
4901019,310,Active,1,38,2013-10-24 21:00:06.848279,15006
4901020,311,Active,8,31,2013-10-24 21:00:06.853893,15006
4901021,312,Active,21,10,2013-10-24 21:00:06.860193,15006
4901022,313,Active,11,28,2013-10-24 21:00:06.866245,15006
4901023,314,Active,12,15,2013-10-24 21:00:06.872084,15006
4901024,315,Active,22,16,2013-10-24 21:00:06.877767,15006
4901025,316,Active,25,5,2013-10-24 21:00:06.883455,15006
4901026,317,Active,0,15,2013-10-24 21:00:06.889085,15006
4901027,318,Active,19,8,2013-10-24 21:00:06.894796,15006
4901028,319,Active,5,25,2013-10-24 21:00:06.900357,15006
4901029,320,Active,29,7,2013-10-24 21:00:06.905738,15006
4901030,321,Active,9,3,2013-10-24 21:00:06.91144,15006
4901031,322,Active,19,30,2013-10-24 21:00:06.91662,15006
4901032,332,Active,7,17,2013-10-24 21:00:06.92219,15006
4901033,327,Active,9,23,2013-10-24 21:00:06.927665,15006
4901034,328,Active,37,2,2013-10-24 21:00:06.933052,15006
4901035,331,Active,1,35,2013-10-24 21:00:06.938578,15006
4901036,323,Active,0,39,2013-10-24 21:00:06.944179,15006
4901037,324,Active,10,33,2013-10-24 21:00:06.949834,15006
4901038,329,Active,11,22,2013-10-24 21:00:06.955957,15006
4901039,325,Active,15,21,2013-10-24 21:00:06.961766,15006
4901040,326,Active,7,18,2013-10-24 21:00:06.967434,15006
4901041,1,Active,14,25,2013-10-24 21:10:04.981665,15007
4901042,2,Active,32,1,2013-10-24 21:10:04.991651,15007
4901043,3,Active,7,19,2013-10-24 21:10:04.99673,15007
4901044,4,Active,8,54,2013-10-24 21:10:05.002464,15007
4901045,5,Active,1,38,2013-10-24 21:10:05.010973,15007
4901046,6,Active,14,5,2013-10-24 21:10:05.015949,15007
4901047,7,Active,1,18,2013-10-24 21:10:05.020458,15007
4901048,8,Active,9,22,2013-10-24 21:10:05.025041,15007
4901049,9,Active,25,5,2013-10-24 21:10:05.05698,15007
4901050,10,Active,20,26,2013-10-24 21:10:05.063158,15007
4901051,11,Active,5,19,2013-10-24 21:10:05.068544,15007
4901052,12,Active,11,8,2013-10-24 21:10:05.073413,15007
4901053,13,Active,14,25,2013-10-24 21:10:05.078333,15007
4901054,14,Active,26,7,2013-10-24 21:10:05.083066,15007
4901055,15,Active,10,21,2013-10-24 21:10:05.088158,15007
4901056,16,Active,12,21,2013-10-24 21:10:05.092919,15007
4901057,17,Active,7,22,2013-10-24 21:10:05.098001,15007
4901058,18,Active,14,41,2013-10-24 21:10:05.131862,15007
4901059,19,Active,7,16,2013-10-24 21:10:05.139403,15007
4901060,20,Active,1,25,2013-10-24 21:10:05.145063,15007
4901061,21,Active,26,9,2013-10-24 21:10:05.150175,15007
4901062,22,Active,32,15,2013-10-24 21:10:05.155423,15007
4901063,23,Active,0,45,2013-10-24 21:10:05.160203,15007
4901064,24,Active,9,38,2013-10-24 21:10:05.165615,15007
4901065,25,Active,24,27,2013-10-24 21:10:05.170353,15007
4901066,26,Active,5,25,2013-10-24 21:10:05.174704,15007
4901067,27,Active,21,24,2013-10-24 21:10:05.204734,15007
4901068,28,Active,12,16,2013-10-24 21:10:05.209598,15007
4901069,29,Active,5,18,2013-10-24 21:10:05.214414,15007
4901070,30,Active,17,22,2013-10-24 21:10:05.219359,15007
4901071,31,Active,9,29,2013-10-24 21:10:05.224054,15007
4901072,32,Active,11,22,2013-10-24 21:10:05.228919,15007
4901073,33,Active,15,16,2013-10-24 21:10:05.233386,15007
4901074,34,Active,20,17,2013-10-24 21:10:05.238279,15007
4901075,35,Active,35,20,2013-10-24 21:10:05.244136,15007
4901076,36,Active,21,6,2013-10-24 21:10:05.276072,15007
4901077,37,Active,0,23,2013-10-24 21:10:05.280903,15007
4901078,38,Active,19,20,2013-10-24 21:10:05.285637,15007
4901079,39,Active,4,35,2013-10-24 21:10:05.291751,15007
4901080,40,Active,10,29,2013-10-24 21:10:05.296699,15007
4901081,41,Active,21,10,2013-10-24 21:10:05.302335,15007
4901082,42,Active,23,8,2013-10-24 21:10:05.307275,15007
4901083,43,Active,1,22,2013-10-24 21:10:05.312544,15007
4901084,44,Active,4,19,2013-10-24 21:10:05.318714,15007
4901085,45,Active,36,3,2013-10-24 21:10:05.324582,15007
4901086,46,Active,1,30,2013-10-24 21:10:05.330123,15007
4901087,47,Active,1,22,2013-10-24 21:10:05.335848,15007
4901088,48,Active,9,11,2013-10-24 21:10:05.340719,15007
4901089,49,Active,19,4,2013-10-24 21:10:05.345734,15007
4901090,50,Active,23,4,2013-10-24 21:10:05.350263,15007
4901091,51,Active,12,28,2013-10-24 21:10:05.354908,15007
4901092,52,Active,22,5,2013-10-24 21:10:05.359578,15007
4901093,53,Active,8,25,2013-10-24 21:10:05.36461,15007
4901094,54,Active,4,43,2013-10-24 21:10:05.369235,15007
4901095,55,Active,10,21,2013-10-24 21:10:05.373977,15007
4901096,56,Active,35,4,2013-10-24 21:10:05.40304,15007
4901097,57,Active,2,21,2013-10-24 21:10:05.410063,15007
4901098,58,Active,33,6,2013-10-24 21:10:05.415857,15007
4901099,59,Active,21,14,2013-10-24 21:10:05.421892,15007
4901100,60,Active,9,18,2013-10-24 21:10:05.427745,15007
4901101,61,Active,2,22,2013-10-24 21:10:05.433228,15007
4901102,62,Active,15,16,2013-10-24 21:10:05.439147,15007
4901103,63,Active,18,9,2013-10-24 21:10:05.444571,15007
4901104,64,Active,0,35,2013-10-24 21:10:05.450605,15007
4901105,65,Active,0,24,2013-10-24 21:10:05.45631,15007
4901106,66,Active,17,40,2013-10-24 21:10:05.490995,15007
4901107,67,Active,17,10,2013-10-24 21:10:05.498785,15007
4901108,68,Active,4,19,2013-10-24 21:10:05.504871,15007
4901109,69,Active,12,27,2013-10-24 21:10:05.510716,15007
4901110,70,Active,7,24,2013-10-24 21:10:05.516183,15007
4901111,71,Active,1,18,2013-10-24 21:10:05.522024,15007
4901112,72,Active,15,9,2013-10-24 21:10:05.528427,15007
4901113,73,Active,1,18,2013-10-24 21:10:05.533441,15007
4901114,74,Active,19,0,2013-10-24 21:10:05.538714,15007
4901115,75,Active,4,27,2013-10-24 21:10:05.543924,15007
4901116,76,Active,30,29,2013-10-24 21:10:05.549225,15007
4901117,77,Active,5,22,2013-10-24 21:10:05.554512,15007
4901118,78,Active,20,23,2013-10-24 21:10:05.56041,15007
4901119,79,Active,1,46,2013-10-24 21:10:05.566035,15007
4901120,80,Active,2,17,2013-10-24 21:10:05.571417,15007
4901121,81,Active,10,19,2013-10-24 21:10:05.577047,15007
4901122,82,Active,2,18,2013-10-24 21:10:05.585606,15007
4901123,83,Active,19,36,2013-10-24 21:10:05.592784,15007
4901124,84,Active,1,30,2013-10-24 21:10:05.599285,15007
4901125,85,Active,5,19,2013-10-24 21:10:05.604709,15007
4901126,86,Active,30,5,2013-10-24 21:10:05.611253,15007
4901127,87,Active,3,24,2013-10-24 21:10:05.617314,15007
4901128,88,Active,24,11,2013-10-24 21:10:05.622866,15007
4901129,89,Active,2,53,2013-10-24 21:10:05.628893,15007
4901130,90,Active,7,30,2013-10-24 21:10:05.63447,15007
4901131,91,Active,8,15,2013-10-24 21:10:05.640176,15007
4901132,92,Active,27,4,2013-10-24 21:10:05.646908,15007
4901133,93,Active,33,3,2013-10-24 21:10:05.652792,15007
4901134,94,Active,23,10,2013-10-24 21:10:05.659091,15007
4901135,95,Active,29,8,2013-10-24 21:10:05.6645,15007
4901136,96,Active,5,26,2013-10-24 21:10:05.671219,15007
4901137,97,Active,8,19,2013-10-24 21:10:05.678145,15007
4901138,98,Active,15,26,2013-10-24 21:10:05.683664,15007
4901139,99,Active,6,29,2013-10-24 21:10:05.689455,15007
4901140,100,Active,2,28,2013-10-24 21:10:05.695874,15007
4901141,101,Active,2,29,2013-10-24 21:10:05.702727,15007
4901142,102,Active,1,22,2013-10-24 21:10:05.713705,15007
4901143,103,Active,0,39,2013-10-24 21:10:05.720148,15007
4901144,104,Active,22,7,2013-10-24 21:10:05.725742,15007
4901145,105,Active,10,33,2013-10-24 21:10:05.731633,15007
4901146,106,Active,2,25,2013-10-24 21:10:05.738141,15007
4901147,107,Active,6,25,2013-10-24 21:10:05.744651,15007
4901148,108,Active,4,31,2013-10-24 21:10:05.75141,15007
4901149,109,Active,10,29,2013-10-24 21:10:05.759736,15007
4901150,110,Active,3,24,2013-10-24 21:10:05.767441,15007
4901151,111,Active,3,28,2013-10-24 21:10:05.772859,15007
4901152,112,Active,24,15,2013-10-24 21:10:05.835015,15007
4901153,113,Active,47,4,2013-10-24 21:10:05.842222,15007
4901154,114,Active,7,28,2013-10-24 21:10:05.84886,15007
4901155,115,Active,0,27,2013-10-24 21:10:05.856484,15007
4901156,116,Active,19,20,2013-10-24 21:10:05.863794,15007
4901157,117,Active,15,8,2013-10-24 21:10:05.898366,15007
4901158,118,Active,10,21,2013-10-24 21:10:05.905951,15007
4901159,119,Active,28,11,2013-10-24 21:10:05.912546,15007
4901160,120,Active,4,23,2013-10-24 21:10:05.918953,15007
4901161,121,Active,4,20,2013-10-24 21:10:05.925011,15007
4901162,122,Active,19,12,2013-10-24 21:10:05.931621,15007
4901163,123,Active,16,11,2013-10-24 21:10:05.938042,15007
4901164,124,Active,17,19,2013-10-24 21:10:05.945026,15007
4901165,125,Active,12,25,2013-10-24 21:10:05.95164,15007
4901166,126,Active,0,24,2013-10-24 21:10:05.957859,15007
4901167,127,Active,6,21,2013-10-24 21:10:05.965084,15007
4901168,128,Active,2,17,2013-10-24 21:10:05.970921,15007
4901169,129,Active,1,28,2013-10-24 21:10:05.979567,15007
4901170,130,Active,18,5,2013-10-24 21:10:05.987011,15007
4901171,131,Active,1,22,2013-10-24 21:10:05.994235,15007
4901172,132,Active,7,28,2013-10-24 21:10:06.000339,15007
4901173,133,Active,3,24,2013-10-24 21:10:06.00631,15007
4901174,134,Active,24,11,2013-10-24 21:10:06.013419,15007
4901175,135,Active,36,6,2013-10-24 21:10:06.019928,15007
4901176,136,Active,1,22,2013-10-24 21:10:06.025099,15007
4901177,137,Active,5,23,2013-10-24 21:10:06.030814,15007
4901178,138,Active,29,10,2013-10-24 21:10:06.036638,15007
4901179,139,Active,11,25,2013-10-24 21:10:06.042744,15007
4901180,140,Active,4,23,2013-10-24 21:10:06.048669,15007
4901181,141,Active,3,28,2013-10-24 21:10:06.054836,15007
4901182,142,Active,9,34,2013-10-24 21:10:06.06131,15007
4901183,143,Active,14,9,2013-10-24 21:10:06.067479,15007
4901184,144,Active,4,23,2013-10-24 21:10:06.073891,15007
4901185,145,Active,23,13,2013-10-24 21:10:06.080784,15007
4901186,146,Active,15,40,2013-10-24 21:10:06.086834,15007
4901187,147,Active,12,27,2013-10-24 21:10:06.093138,15007
4901188,148,Active,6,37,2013-10-24 21:10:06.099675,15007
4901189,149,Active,2,55,2013-10-24 21:10:06.106108,15007
4901190,150,Active,23,25,2013-10-24 21:10:06.111978,15007
4901191,151,Active,2,25,2013-10-24 21:10:06.117908,15007
4901192,152,Active,1,30,2013-10-24 21:10:06.123738,15007
4901193,153,Active,1,32,2013-10-24 21:10:06.129746,15007
4901194,154,Active,14,20,2013-10-24 21:10:06.136473,15007
4901195,155,Active,23,16,2013-10-24 21:10:06.142282,15007
4901196,156,Active,17,18,2013-10-24 21:10:06.148226,15007
4901197,157,Active,3,24,2013-10-24 21:10:06.153853,15007
4901198,158,Active,6,13,2013-10-24 21:10:06.159628,15007
4901199,159,Active,10,20,2013-10-24 21:10:06.165387,15007
4901200,160,Active,35,8,2013-10-24 21:10:06.171058,15007
4901201,161,Active,46,1,2013-10-24 21:10:06.177032,15007
4901202,162,Inactive,0,59,2013-10-24 21:10:06.183262,15007
4901203,163,Active,14,25,2013-10-24 21:10:06.191107,15007
4901204,164,Active,30,6,2013-10-24 21:10:06.197796,15007
4901205,165,Active,32,7,2013-10-24 21:10:06.204524,15007
4901206,166,Active,1,30,2013-10-24 21:10:06.210358,15007
4901207,167,Active,5,24,2013-10-24 21:10:06.216223,15007
4901208,168,Active,12,31,2013-10-24 21:10:06.246676,15007
4901209,169,Active,0,39,2013-10-24 21:10:06.253693,15007
4901210,170,Active,21,14,2013-10-24 21:10:06.259713,15007
4901211,171,Active,5,22,2013-10-24 21:10:06.265639,15007
4901212,172,Active,22,9,2013-10-24 21:10:06.271312,15007
4901213,173,Active,0,31,2013-10-24 21:10:06.276787,15007
4901214,174,Active,25,7,2013-10-24 21:10:06.282297,15007
4901215,175,Active,4,27,2013-10-24 21:10:06.288068,15007
4901216,176,Active,6,30,2013-10-24 21:10:06.294489,15007
4901217,177,Active,4,26,2013-10-24 21:10:06.300013,15007
4901218,178,Inactive,0,25,2013-10-24 21:10:06.306163,15007
4901219,179,Active,0,27,2013-10-24 21:10:06.311817,15007
4901220,180,Active,13,18,2013-10-24 21:10:06.317389,15007
4901221,181,Active,0,27,2013-10-24 21:10:06.323975,15007
4901222,182,Active,3,12,2013-10-24 21:10:06.329822,15007
4901223,183,Active,4,37,2013-10-24 21:10:06.335978,15007
4901224,184,Active,22,20,2013-10-24 21:10:06.341862,15007
4901225,185,Active,17,14,2013-10-24 21:10:06.346968,15007
4901226,186,Active,28,11,2013-10-24 21:10:06.353097,15007
4901227,187,Active,7,33,2013-10-24 21:10:06.359521,15007
4901228,188,Active,1,33,2013-10-24 21:10:06.365864,15007
4901229,189,Active,1,42,2013-10-24 21:10:06.371787,15007
4901230,190,Active,7,16,2013-10-24 21:10:06.37742,15007
4901231,191,Active,2,17,2013-10-24 21:10:06.382848,15007
4901232,192,Active,1,34,2013-10-24 21:10:06.38858,15007
4901233,193,Active,2,21,2013-10-24 21:10:06.394195,15007
4901234,194,Active,12,17,2013-10-24 21:10:06.400225,15007
4901235,195,Active,15,9,2013-10-24 21:10:06.405711,15007
4901236,196,Active,27,15,2013-10-24 21:10:06.411488,15007
4901237,197,Active,1,30,2013-10-24 21:10:06.416914,15007
4901238,198,Active,0,47,2013-10-24 21:10:06.422348,15007
4901239,199,Active,22,1,2013-10-24 21:10:06.427622,15007
4901240,200,Active,3,20,2013-10-24 21:10:06.433169,15007
4901241,201,Active,0,23,2013-10-24 21:10:06.438458,15007
4901242,202,Active,1,18,2013-10-24 21:10:06.443917,15007
4901243,203,Active,2,53,2013-10-24 21:10:06.449257,15007
4901244,204,Active,0,39,2013-10-24 21:10:06.4545,15007
4901245,205,Active,15,16,2013-10-24 21:10:06.45985,15007
4901246,206,Active,51,8,2013-10-24 21:10:06.465317,15007
4901247,207,Active,6,25,2013-10-24 21:10:06.470654,15007
4901248,208,Active,26,1,2013-10-24 21:10:06.476255,15007
4901249,209,Active,15,15,2013-10-24 21:10:06.481654,15007
4901250,210,Active,0,31,2013-10-24 21:10:06.486868,15007
4901251,211,Active,7,32,2013-10-24 21:10:06.492111,15007
4901252,212,Active,19,8,2013-10-24 21:10:06.497858,15007
4901253,213,Active,19,28,2013-10-24 21:10:06.503704,15007
4901254,214,Active,0,27,2013-10-24 21:10:06.509653,15007
4901255,215,Active,2,25,2013-10-24 21:10:06.515553,15007
4901256,216,Active,5,22,2013-10-24 21:10:06.521224,15007
4901257,217,Active,3,36,2013-10-24 21:10:06.526583,15007
4901258,218,Active,0,32,2013-10-24 21:10:06.532007,15007
4901259,219,Active,8,25,2013-10-24 21:10:06.537292,15007
4901260,220,Active,18,33,2013-10-24 21:10:06.542575,15007
4901261,221,Active,1,22,2013-10-24 21:10:06.547731,15007
4901262,222,Active,34,18,2013-10-24 21:10:06.553116,15007
4901263,223,Active,9,27,2013-10-24 21:10:06.558693,15007
4901264,224,Active,14,25,2013-10-24 21:10:06.588907,15007
4901265,225,Active,5,26,2013-10-24 21:10:06.595151,15007
4901266,226,Active,8,23,2013-10-24 21:10:06.602538,15007
4901267,227,Active,0,31,2013-10-24 21:10:06.608349,15007
4901268,228,Active,5,54,2013-10-24 21:10:06.61436,15007
4901269,229,Active,10,29,2013-10-24 21:10:06.619771,15007
4901270,230,Active,2,33,2013-10-24 21:10:06.625592,15007
4901271,231,Active,0,39,2013-10-24 21:10:06.631166,15007
4901272,232,Active,6,29,2013-10-24 21:10:06.636376,15007
4901273,233,Active,0,59,2013-10-24 21:10:06.641618,15007
4901274,234,Active,0,31,2013-10-24 21:10:06.647491,15007
4901275,235,Active,8,13,2013-10-24 21:10:06.652714,15007
4901276,236,Active,10,13,2013-10-24 21:10:06.658044,15007
4901277,237,Inactive,0,39,2013-10-24 21:10:06.663293,15007
4901278,238,Active,21,26,2013-10-24 21:10:06.668487,15007
4901279,239,Active,12,13,2013-10-24 21:10:06.673952,15007
4901280,240,Active,18,41,2013-10-24 21:10:06.67961,15007
4901281,241,Active,15,24,2013-10-24 21:10:06.685143,15007
4901282,242,Active,10,25,2013-10-24 21:10:06.690922,15007
4901283,243,Active,19,15,2013-10-24 21:10:06.696276,15007
4901284,244,Active,2,57,2013-10-24 21:10:06.701565,15007
4901285,245,Active,1,56,2013-10-24 21:10:06.707015,15007
4901286,246,Active,12,25,2013-10-24 21:10:06.712159,15007
4901287,247,Active,0,27,2013-10-24 21:10:06.717728,15007
4901288,248,Active,1,40,2013-10-24 21:10:06.724888,15007
4901289,249,Active,3,39,2013-10-24 21:10:06.730849,15007
4901290,250,Active,14,33,2013-10-24 21:10:06.736487,15007
4901291,251,Active,2,35,2013-10-24 21:10:06.742126,15007
4901292,252,Inactive,0,44,2013-10-24 21:10:06.747725,15007
4901293,253,Active,36,23,2013-10-24 21:10:06.753298,15007
4901294,254,Active,14,17,2013-10-24 21:10:06.758722,15007
4901295,255,Active,4,27,2013-10-24 21:10:06.764567,15007
4901296,256,Active,7,20,2013-10-24 21:10:06.770226,15007
4901297,257,Active,5,20,2013-10-24 21:10:06.775693,15007
4901298,258,Active,9,30,2013-10-24 21:10:06.781105,15007
4901299,259,Active,11,24,2013-10-24 21:10:06.786348,15007
4901300,260,Active,0,44,2013-10-24 21:10:06.791696,15007
4901301,261,Active,5,34,2013-10-24 21:10:06.797238,15007
4901302,262,Active,10,29,2013-10-24 21:10:06.802789,15007
4901303,263,Active,8,28,2013-10-24 21:10:06.808408,15007
4901304,264,Active,29,12,2013-10-24 21:10:06.814105,15007
4901305,265,Active,24,13,2013-10-24 21:10:06.81949,15007
4901306,266,Active,9,50,2013-10-24 21:10:06.824801,15007
4901307,267,Active,8,45,2013-10-24 21:10:06.830423,15007
4901308,268,Active,30,19,2013-10-24 21:10:06.83646,15007
4901309,269,Active,4,30,2013-10-24 21:10:06.84311,15007
4901310,270,Active,8,27,2013-10-24 21:10:06.849791,15007
4901311,271,Active,11,14,2013-10-24 21:10:06.855564,15007
4901312,272,Inactive,0,35,2013-10-24 21:10:06.860966,15007
4901313,273,Active,50,9,2013-10-24 21:10:06.86683,15007
4901314,274,Active,5,25,2013-10-24 21:10:06.872062,15007
4901315,275,Active,2,34,2013-10-24 21:10:06.877671,15007
4901316,276,Active,11,41,2013-10-24 21:10:06.882986,15007
4901317,277,Active,30,13,2013-10-24 21:10:06.888487,15007
4901318,330,Active,5,25,2013-10-24 21:10:06.894093,15007
4901319,278,Inactive,0,27,2013-10-24 21:10:06.899558,15007
4901320,279,Active,11,34,2013-10-24 21:10:06.929062,15007
4901321,280,Active,21,15,2013-10-24 21:10:06.936527,15007
4901322,281,Active,3,44,2013-10-24 21:10:06.942403,15007
4901323,282,Active,7,17,2013-10-24 21:10:06.947928,15007
4901324,283,Active,15,21,2013-10-24 21:10:06.953192,15007
4901325,284,Active,16,35,2013-10-24 21:10:06.958566,15007
4901326,285,Active,22,11,2013-10-24 21:10:06.963965,15007
4901327,286,Active,9,18,2013-10-24 21:10:06.970103,15007
4901328,287,Active,0,27,2013-10-24 21:10:06.975342,15007
4901329,288,Active,13,40,2013-10-24 21:10:06.981016,15007
4901330,289,Active,17,18,2013-10-24 21:10:06.986542,15007
4901331,290,Active,2,29,2013-10-24 21:10:06.991737,15007
4901332,291,Active,2,57,2013-10-24 21:10:06.997278,15007
4901333,292,Active,1,38,2013-10-24 21:10:07.003334,15007
4901334,293,Active,27,34,2013-10-24 21:10:07.008625,15007
4901335,294,Active,5,34,2013-10-24 21:10:07.014021,15007
4901336,295,Active,36,31,2013-10-24 21:10:07.019299,15007
4901337,296,Active,20,31,2013-10-24 21:10:07.024561,15007
4901338,297,Active,9,42,2013-10-24 21:10:07.030367,15007
4901339,298,Active,0,57,2013-10-24 21:10:07.035468,15007
4901340,299,Active,6,33,2013-10-24 21:10:07.040679,15007
4901341,300,Active,0,43,2013-10-24 21:10:07.046036,15007
4901342,301,Inactive,0,7,2013-10-24 21:10:07.051295,15007
4901343,302,Active,13,26,2013-10-24 21:10:07.056516,15007
4901344,303,Active,23,18,2013-10-24 21:10:07.061701,15007
4901345,304,Active,0,36,2013-10-24 21:10:07.068062,15007
4901346,305,Active,9,30,2013-10-24 21:10:07.07309,15007
4901347,306,Active,3,40,2013-10-24 21:10:07.078633,15007
4901348,307,Active,1,47,2013-10-24 21:10:07.083937,15007
4901349,308,Active,13,18,2013-10-24 21:10:07.089678,15007
4901350,309,Active,1,28,2013-10-24 21:10:07.095142,15007
4901351,310,Active,1,38,2013-10-24 21:10:07.100576,15007
4901352,311,Active,1,38,2013-10-24 21:10:07.106161,15007
4901353,312,Active,20,11,2013-10-24 21:10:07.111396,15007
4901354,313,Active,10,29,2013-10-24 21:10:07.116771,15007
4901355,314,Active,14,13,2013-10-24 21:10:07.122966,15007
4901356,315,Active,17,21,2013-10-24 21:10:07.128219,15007
4901357,316,Active,23,7,2013-10-24 21:10:07.133489,15007
4901358,317,Active,0,15,2013-10-24 21:10:07.138819,15007
4901359,318,Active,19,8,2013-10-24 21:10:07.14408,15007
4901360,319,Active,5,25,2013-10-24 21:10:07.149382,15007
4901361,320,Active,28,8,2013-10-24 21:10:07.154672,15007
4901362,321,Active,9,3,2013-10-24 21:10:07.160413,15007
4901363,322,Active,20,29,2013-10-24 21:10:07.166319,15007
4901364,332,Active,8,16,2013-10-24 21:10:07.171819,15007
4901365,327,Active,9,23,2013-10-24 21:10:07.177497,15007
4901366,328,Active,37,2,2013-10-24 21:10:07.183126,15007
4901367,331,Active,0,36,2013-10-24 21:10:07.188762,15007
4901368,323,Active,0,39,2013-10-24 21:10:07.194758,15007
4901369,324,Active,15,28,2013-10-24 21:10:07.20085,15007
4901370,329,Active,11,22,2013-10-24 21:10:07.207304,15007
4901371,325,Active,12,24,2013-10-24 21:10:07.213173,15007
4901372,326,Active,0,25,2013-10-24 21:10:07.218885,15007
4901373,1,Active,14,25,2013-10-24 21:20:05.221742,15008
4901374,2,Active,31,2,2013-10-24 21:20:05.230748,15008
4901375,3,Active,8,18,2013-10-24 21:20:05.235546,15008
4901376,4,Active,7,55,2013-10-24 21:20:05.240109,15008
4901377,5,Active,10,29,2013-10-24 21:20:05.245255,15008
4901378,6,Active,14,5,2013-10-24 21:20:05.25062,15008
4901379,7,Active,1,18,2013-10-24 21:20:05.255129,15008
4901380,8,Active,15,16,2013-10-24 21:20:05.259832,15008
4901381,9,Active,26,4,2013-10-24 21:20:05.264724,15008
4901382,10,Active,9,37,2013-10-24 21:20:05.269681,15008
4901383,11,Active,4,20,2013-10-24 21:20:05.274877,15008
4901384,12,Active,11,8,2013-10-24 21:20:05.279684,15008
4901385,13,Active,12,27,2013-10-24 21:20:05.284328,15008
4901386,14,Active,24,9,2013-10-24 21:20:05.289028,15008
4901387,15,Active,12,19,2013-10-24 21:20:05.293828,15008
4901388,16,Active,9,24,2013-10-24 21:20:05.298588,15008
4901389,17,Active,8,21,2013-10-24 21:20:05.303407,15008
4901390,18,Active,10,45,2013-10-24 21:20:05.308751,15008
4901391,19,Active,8,15,2013-10-24 21:20:05.313751,15008
4901392,20,Active,0,26,2013-10-24 21:20:05.318464,15008
4901393,21,Active,24,11,2013-10-24 21:20:05.323357,15008
4901394,22,Active,29,18,2013-10-24 21:20:05.328199,15008
4901395,23,Active,0,45,2013-10-24 21:20:05.333283,15008
4901396,24,Active,2,45,2013-10-24 21:20:05.33984,15008
4901397,25,Active,19,32,2013-10-24 21:20:05.345634,15008
4901398,26,Active,3,27,2013-10-24 21:20:05.350755,15008
4901399,27,Active,13,32,2013-10-24 21:20:05.356605,15008
4901400,28,Active,13,15,2013-10-24 21:20:05.361329,15008
4901401,29,Active,5,18,2013-10-24 21:20:05.366014,15008
4901402,30,Active,17,22,2013-10-24 21:20:05.371392,15008
4901403,31,Active,9,29,2013-10-24 21:20:05.376147,15008
4901404,32,Active,10,23,2013-10-24 21:20:05.380651,15008
4901405,33,Active,14,17,2013-10-24 21:20:05.386048,15008
4901406,34,Active,21,16,2013-10-24 21:20:05.390882,15008
4901407,35,Active,35,20,2013-10-24 21:20:05.396402,15008
4901408,36,Active,24,3,2013-10-24 21:20:05.401101,15008
4901409,37,Active,0,23,2013-10-24 21:20:05.405839,15008
4901410,38,Active,18,21,2013-10-24 21:20:05.410687,15008
4901411,39,Active,6,33,2013-10-24 21:20:05.415641,15008
4901412,40,Active,9,30,2013-10-24 21:20:05.420283,15008
4901413,41,Active,22,9,2013-10-24 21:20:05.429182,15008
4901414,42,Active,23,8,2013-10-24 21:20:05.43399,15008
4901415,43,Active,1,22,2013-10-24 21:20:05.439732,15008
4901416,44,Active,4,19,2013-10-24 21:20:05.444329,15008
4901417,45,Active,36,3,2013-10-24 21:20:05.449795,15008
4901418,46,Active,1,30,2013-10-24 21:20:05.454735,15008
4901419,47,Active,1,22,2013-10-24 21:20:05.459839,15008
4901420,48,Active,8,12,2013-10-24 21:20:05.464722,15008
4901421,49,Active,21,2,2013-10-24 21:20:05.469098,15008
4901422,50,Active,25,2,2013-10-24 21:20:05.474307,15008
4901423,51,Active,15,25,2013-10-24 21:20:05.479664,15008
4901424,52,Active,23,4,2013-10-24 21:20:05.484372,15008
4901425,53,Active,9,24,2013-10-24 21:20:05.48979,15008
4901426,54,Active,0,47,2013-10-24 21:20:05.495209,15008
4901427,55,Active,11,20,2013-10-24 21:20:05.500456,15008
4901428,56,Active,33,6,2013-10-24 21:20:05.529126,15008
4901429,57,Active,1,22,2013-10-24 21:20:05.53488,15008
4901430,58,Active,30,9,2013-10-24 21:20:05.540707,15008
4901431,59,Active,19,16,2013-10-24 21:20:05.546699,15008
4901432,60,Active,9,18,2013-10-24 21:20:05.552288,15008
4901433,61,Active,2,22,2013-10-24 21:20:05.558195,15008
4901434,62,Active,13,18,2013-10-24 21:20:05.56374,15008
4901435,63,Active,16,11,2013-10-24 21:20:05.573866,15008
4901436,64,Active,0,35,2013-10-24 21:20:05.579341,15008
4901437,65,Active,0,24,2013-10-24 21:20:05.584922,15008
4901438,66,Active,15,42,2013-10-24 21:20:05.590859,15008
4901439,67,Active,16,11,2013-10-24 21:20:05.595946,15008
4901440,68,Active,4,19,2013-10-24 21:20:05.601402,15008
4901441,69,Active,13,26,2013-10-24 21:20:05.607287,15008
4901442,70,Active,7,24,2013-10-24 21:20:05.613092,15008
4901443,71,Active,1,18,2013-10-24 21:20:05.618881,15008
4901444,72,Active,16,8,2013-10-24 21:20:05.624338,15008
4901445,73,Active,2,17,2013-10-24 21:20:05.629859,15008
4901446,74,Active,19,0,2013-10-24 21:20:05.635663,15008
4901447,75,Active,3,28,2013-10-24 21:20:05.641259,15008
4901448,76,Active,25,34,2013-10-24 21:20:05.647289,15008
4901449,77,Active,5,22,2013-10-24 21:20:05.652966,15008
4901450,78,Active,22,21,2013-10-24 21:20:05.659113,15008
4901451,79,Active,1,46,2013-10-24 21:20:05.665444,15008
4901452,80,Active,2,17,2013-10-24 21:20:05.671577,15008
4901453,81,Active,9,20,2013-10-24 21:20:05.676872,15008
4901454,82,Active,3,17,2013-10-24 21:20:05.68262,15008
4901455,83,Active,14,41,2013-10-24 21:20:05.687769,15008
4901456,84,Active,1,30,2013-10-24 21:20:05.693654,15008
4901457,85,Active,6,18,2013-10-24 21:20:05.699087,15008
4901458,86,Active,29,6,2013-10-24 21:20:05.704432,15008
4901459,87,Active,4,23,2013-10-24 21:20:05.710092,15008
4901460,88,Active,24,11,2013-10-24 21:20:05.715727,15008
4901461,89,Active,1,54,2013-10-24 21:20:05.721361,15008
4901462,90,Active,6,31,2013-10-24 21:20:05.727442,15008
4901463,91,Active,8,15,2013-10-24 21:20:05.733213,15008
4901464,92,Active,26,5,2013-10-24 21:20:05.738714,15008
4901465,93,Active,29,7,2013-10-24 21:20:05.749466,15008
4901466,94,Active,17,16,2013-10-24 21:20:05.754882,15008
4901467,95,Active,28,9,2013-10-24 21:20:05.760275,15008
4901468,96,Active,6,25,2013-10-24 21:20:05.767045,15008
4901469,97,Active,8,19,2013-10-24 21:20:05.772901,15008
4901470,98,Active,11,30,2013-10-24 21:20:05.778529,15008
4901471,99,Active,6,29,2013-10-24 21:20:05.784059,15008
4901472,100,Active,2,28,2013-10-24 21:20:05.789498,15008
4901473,101,Active,2,29,2013-10-24 21:20:05.795049,15008
4901474,102,Active,1,22,2013-10-24 21:20:05.800926,15008
4901475,103,Active,0,39,2013-10-24 21:20:05.806401,15008
4901476,104,Active,22,7,2013-10-24 21:20:05.812818,15008
4901477,105,Active,9,34,2013-10-24 21:20:05.81894,15008
4901478,106,Active,4,23,2013-10-24 21:20:05.825888,15008
4901479,107,Active,4,27,2013-10-24 21:20:05.83159,15008
4901480,108,Active,5,30,2013-10-24 21:20:05.837438,15008
4901481,109,Active,8,31,2013-10-24 21:20:05.842732,15008
4901482,110,Active,3,24,2013-10-24 21:20:05.84788,15008
4901483,111,Active,2,29,2013-10-24 21:20:05.853917,15008
4901484,112,Active,25,14,2013-10-24 21:20:05.883512,15008
4901485,113,Active,46,5,2013-10-24 21:20:05.890473,15008
4901486,114,Active,9,26,2013-10-24 21:20:05.896481,15008
4901487,115,Active,0,27,2013-10-24 21:20:05.902138,15008
4901488,116,Active,15,24,2013-10-24 21:20:05.907556,15008
4901489,117,Active,13,10,2013-10-24 21:20:05.913326,15008
4901490,118,Active,2,29,2013-10-24 21:20:05.91913,15008
4901491,119,Active,27,12,2013-10-24 21:20:05.925122,15008
4901492,120,Active,5,22,2013-10-24 21:20:05.93177,15008
4901493,121,Active,1,23,2013-10-24 21:20:05.938243,15008
4901494,122,Active,21,10,2013-10-24 21:20:05.943892,15008
4901495,123,Active,10,17,2013-10-24 21:20:05.949611,15008
4901496,124,Active,18,18,2013-10-24 21:20:05.955579,15008
4901497,125,Active,9,28,2013-10-24 21:20:05.96227,15008
4901498,126,Active,0,24,2013-10-24 21:20:05.968561,15008
4901499,127,Active,2,25,2013-10-24 21:20:05.974127,15008
4901500,128,Active,2,17,2013-10-24 21:20:05.979586,15008
4901501,129,Active,1,28,2013-10-24 21:20:05.985832,15008
4901502,130,Active,18,5,2013-10-24 21:20:05.991334,15008
4901503,131,Active,1,22,2013-10-24 21:20:05.996867,15008
4901504,132,Active,6,29,2013-10-24 21:20:06.002686,15008
4901505,133,Active,5,22,2013-10-24 21:20:06.00807,15008
4901506,134,Active,18,17,2013-10-24 21:20:06.014303,15008
4901507,135,Active,37,5,2013-10-24 21:20:06.020775,15008
4901508,136,Active,0,23,2013-10-24 21:20:06.026305,15008
4901509,137,Active,5,23,2013-10-24 21:20:06.031735,15008
4901510,138,Active,27,12,2013-10-24 21:20:06.038018,15008
4901511,139,Active,7,29,2013-10-24 21:20:06.044336,15008
4901512,140,Active,4,23,2013-10-24 21:20:06.05089,15008
4901513,141,Active,3,28,2013-10-24 21:20:06.056859,15008
4901514,142,Active,7,36,2013-10-24 21:20:06.063197,15008
4901515,143,Active,13,10,2013-10-24 21:20:06.070206,15008
4901516,144,Active,6,21,2013-10-24 21:20:06.076067,15008
4901517,145,Active,26,10,2013-10-24 21:20:06.081818,15008
4901518,146,Active,10,45,2013-10-24 21:20:06.089549,15008
4901519,147,Active,11,28,2013-10-24 21:20:06.096129,15008
4901520,148,Active,5,38,2013-10-24 21:20:06.102123,15008
4901521,149,Active,0,57,2013-10-24 21:20:06.10812,15008
4901522,150,Active,22,26,2013-10-24 21:20:06.11418,15008
4901523,151,Active,3,24,2013-10-24 21:20:06.120132,15008
4901524,152,Active,1,30,2013-10-24 21:20:06.126049,15008
4901525,153,Active,3,30,2013-10-24 21:20:06.13151,15008
4901526,154,Active,12,22,2013-10-24 21:20:06.137373,15008
4901527,155,Active,23,16,2013-10-24 21:20:06.142998,15008
4901528,156,Active,17,18,2013-10-24 21:20:06.148514,15008
4901529,157,Active,3,24,2013-10-24 21:20:06.154442,15008
4901530,158,Active,5,14,2013-10-24 21:20:06.160754,15008
4901531,159,Active,8,22,2013-10-24 21:20:06.166285,15008
4901532,160,Active,32,11,2013-10-24 21:20:06.172562,15008
4901533,161,Active,42,5,2013-10-24 21:20:06.17842,15008
4901534,162,Inactive,0,59,2013-10-24 21:20:06.184566,15008
4901535,163,Active,16,23,2013-10-24 21:20:06.19313,15008
4901536,164,Active,33,3,2013-10-24 21:20:06.19951,15008
4901537,165,Active,35,4,2013-10-24 21:20:06.205575,15008
4901538,166,Active,1,30,2013-10-24 21:20:06.211234,15008
4901539,167,Active,8,21,2013-10-24 21:20:06.217085,15008
4901540,168,Active,9,34,2013-10-24 21:20:06.249299,15008
4901541,169,Active,0,39,2013-10-24 21:20:06.256315,15008
4901542,170,Active,20,15,2013-10-24 21:20:06.262075,15008
4901543,171,Active,5,22,2013-10-24 21:20:06.267324,15008
4901544,172,Active,21,10,2013-10-24 21:20:06.273285,15008
4901545,173,Active,2,29,2013-10-24 21:20:06.279412,15008
4901546,174,Active,27,5,2013-10-24 21:20:06.285342,15008
4901547,175,Active,5,26,2013-10-24 21:20:06.293388,15008
4901548,176,Active,5,31,2013-10-24 21:20:06.29937,15008
4901549,177,Active,4,26,2013-10-24 21:20:06.304933,15008
4901550,178,Inactive,0,25,2013-10-24 21:20:06.310976,15008
4901551,179,Active,0,27,2013-10-24 21:20:06.3173,15008
4901552,180,Active,12,19,2013-10-24 21:20:06.323895,15008
4901553,181,Active,0,27,2013-10-24 21:20:06.330204,15008
4901554,182,Active,3,12,2013-10-24 21:20:06.335847,15008
4901555,183,Active,5,36,2013-10-24 21:20:06.341953,15008
4901556,184,Active,19,23,2013-10-24 21:20:06.347655,15008
4901557,185,Active,17,14,2013-10-24 21:20:06.35381,15008
4901558,186,Active,33,6,2013-10-24 21:20:06.35928,15008
4901559,187,Active,7,33,2013-10-24 21:20:06.365823,15008
4901560,188,Active,1,33,2013-10-24 21:20:06.371312,15008
4901561,189,Active,1,42,2013-10-24 21:20:06.376716,15008
4901562,190,Active,8,15,2013-10-24 21:20:06.382083,15008
4901563,191,Active,2,17,2013-10-24 21:20:06.388187,15008
4901564,192,Active,1,34,2013-10-24 21:20:06.394107,15008
4901565,193,Active,2,21,2013-10-24 21:20:06.399441,15008
4901566,194,Active,13,16,2013-10-24 21:20:06.405673,15008
4901567,195,Active,17,7,2013-10-24 21:20:06.411317,15008
4901568,196,Active,26,16,2013-10-24 21:20:06.416909,15008
4901569,197,Active,1,30,2013-10-24 21:20:06.4227,15008
4901570,198,Active,4,43,2013-10-24 21:20:06.429313,15008
4901571,199,Active,21,2,2013-10-24 21:20:06.434833,15008
4901572,200,Active,3,20,2013-10-24 21:20:06.440456,15008
4901573,201,Active,0,23,2013-10-24 21:20:06.446078,15008
4901574,202,Active,1,18,2013-10-24 21:20:06.451841,15008
4901575,203,Active,3,52,2013-10-24 21:20:06.457381,15008
4901576,204,Active,0,39,2013-10-24 21:20:06.462846,15008
4901577,205,Active,19,12,2013-10-24 21:20:06.468583,15008
4901578,206,Active,50,9,2013-10-24 21:20:06.474323,15008
4901579,207,Active,7,24,2013-10-24 21:20:06.480661,15008
4901580,208,Active,25,2,2013-10-24 21:20:06.486697,15008
4901581,209,Active,15,15,2013-10-24 21:20:06.492688,15008
4901582,210,Active,2,29,2013-10-24 21:20:06.498157,15008
4901583,211,Active,10,29,2013-10-24 21:20:06.503652,15008
4901584,212,Active,20,7,2013-10-24 21:20:06.509308,15008
4901585,213,Active,18,29,2013-10-24 21:20:06.514852,15008
4901586,214,Active,0,27,2013-10-24 21:20:06.520255,15008
4901587,215,Active,2,25,2013-10-24 21:20:06.525877,15008
4901588,216,Active,6,21,2013-10-24 21:20:06.531622,15008
4901589,217,Active,4,35,2013-10-24 21:20:06.537214,15008
4901590,218,Active,0,32,2013-10-24 21:20:06.542662,15008
4901591,219,Active,8,25,2013-10-24 21:20:06.54811,15008
4901592,220,Active,13,38,2013-10-24 21:20:06.557527,15008
4901593,221,Active,1,22,2013-10-24 21:20:06.562793,15008
4901594,222,Active,30,22,2013-10-24 21:20:06.568368,15008
4901595,223,Active,9,27,2013-10-24 21:20:06.57411,15008
4901596,224,Active,11,28,2013-10-24 21:20:06.60303,15008
4901597,225,Active,7,24,2013-10-24 21:20:06.609131,15008
4901598,226,Active,8,23,2013-10-24 21:20:06.614763,15008
4901599,227,Active,1,30,2013-10-24 21:20:06.620462,15008
4901600,228,Active,7,52,2013-10-24 21:20:06.625905,15008
4901601,229,Active,11,28,2013-10-24 21:20:06.631529,15008
4901602,230,Active,5,30,2013-10-24 21:20:06.636691,15008
4901603,231,Active,0,39,2013-10-24 21:20:06.642441,15008
4901604,232,Active,3,32,2013-10-24 21:20:06.648059,15008
4901605,233,Active,2,57,2013-10-24 21:20:06.653726,15008
4901606,234,Active,0,31,2013-10-24 21:20:06.659315,15008
4901607,235,Active,11,10,2013-10-24 21:20:06.665094,15008
4901608,236,Active,10,13,2013-10-24 21:20:06.671783,15008
4901609,237,Inactive,0,39,2013-10-24 21:20:06.677152,15008
4901610,238,Active,19,28,2013-10-24 21:20:06.683817,15008
4901611,239,Active,13,12,2013-10-24 21:20:06.689204,15008
4901612,240,Active,14,45,2013-10-24 21:20:06.694298,15008
4901613,241,Active,16,23,2013-10-24 21:20:06.699635,15008
4901614,242,Active,8,27,2013-10-24 21:20:06.707024,15008
4901615,243,Active,18,16,2013-10-24 21:20:06.712249,15008
4901616,244,Active,0,59,2013-10-24 21:20:06.717733,15008
4901617,245,Active,2,55,2013-10-24 21:20:06.723249,15008
4901618,246,Active,10,27,2013-10-24 21:20:06.729277,15008
4901619,247,Active,0,27,2013-10-24 21:20:06.734888,15008
4901620,248,Active,0,41,2013-10-24 21:20:06.739985,15008
4901621,249,Active,3,39,2013-10-24 21:20:06.745562,15008
4901622,250,Active,11,36,2013-10-24 21:20:06.750893,15008
4901623,251,Active,1,36,2013-10-24 21:20:06.756117,15008
4901624,252,Inactive,0,44,2013-10-24 21:20:06.76185,15008
4901625,253,Active,43,16,2013-10-24 21:20:06.767555,15008
4901626,254,Active,13,18,2013-10-24 21:20:06.77414,15008
4901627,255,Active,4,27,2013-10-24 21:20:06.77933,15008
4901628,256,Active,4,23,2013-10-24 21:20:06.784889,15008
4901629,257,Active,5,20,2013-10-24 21:20:06.790624,15008
4901630,258,Active,14,25,2013-10-24 21:20:06.796078,15008
4901631,259,Active,8,27,2013-10-24 21:20:06.801822,15008
4901632,260,Active,0,44,2013-10-24 21:20:06.807236,15008
4901633,261,Active,2,37,2013-10-24 21:20:06.813264,15008
4901634,262,Active,7,32,2013-10-24 21:20:06.819674,15008
4901635,263,Active,13,23,2013-10-24 21:20:06.825165,15008
4901636,264,Active,37,4,2013-10-24 21:20:06.830794,15008
4901637,265,Active,22,15,2013-10-24 21:20:06.837484,15008
4901638,266,Active,5,54,2013-10-24 21:20:06.843259,15008
4901639,267,Active,7,46,2013-10-24 21:20:06.849132,15008
4901640,268,Active,44,5,2013-10-24 21:20:06.854661,15008
4901641,269,Active,0,34,2013-10-24 21:20:06.859995,15008
4901642,270,Active,10,25,2013-10-24 21:20:06.865074,15008
4901643,271,Active,12,13,2013-10-24 21:20:06.870738,15008
4901644,272,Inactive,0,35,2013-10-24 21:20:06.876101,15008
4901645,273,Active,42,17,2013-10-24 21:20:06.881507,15008
4901646,274,Active,10,20,2013-10-24 21:20:06.886946,15008
4901647,275,Active,3,33,2013-10-24 21:20:06.893352,15008
4901648,276,Active,5,47,2013-10-24 21:20:06.898888,15008
4901649,277,Active,32,11,2013-10-24 21:20:06.904365,15008
4901650,330,Active,7,23,2013-10-24 21:20:06.911092,15008
4901651,278,Inactive,0,27,2013-10-24 21:20:06.917005,15008
4901652,279,Active,10,35,2013-10-24 21:20:06.9457,15008
4901653,280,Active,25,11,2013-10-24 21:20:06.951511,15008
4901654,281,Active,0,47,2013-10-24 21:20:06.956793,15008
4901655,282,Active,5,19,2013-10-24 21:20:06.962237,15008
4901656,283,Active,14,22,2013-10-24 21:20:06.967842,15008
4901657,284,Active,7,44,2013-10-24 21:20:06.97362,15008
4901658,285,Active,15,18,2013-10-24 21:20:06.979261,15008
4901659,286,Active,6,21,2013-10-24 21:20:06.985735,15008
4901660,287,Active,0,27,2013-10-24 21:20:06.991709,15008
4901661,288,Active,17,36,2013-10-24 21:20:06.997921,15008
4901662,289,Active,20,15,2013-10-24 21:20:07.003638,15008
4901663,290,Active,0,31,2013-10-24 21:20:07.009283,15008
4901664,291,Active,3,56,2013-10-24 21:20:07.014665,15008
4901665,292,Active,0,39,2013-10-24 21:20:07.020059,15008
4901666,293,Active,15,46,2013-10-24 21:20:07.026227,15008
4901667,294,Active,0,39,2013-10-24 21:20:07.031762,15008
4901668,295,Active,60,7,2013-10-24 21:20:07.037643,15008
4901669,296,Active,16,35,2013-10-24 21:20:07.04346,15008
4901670,297,Active,12,39,2013-10-24 21:20:07.049253,15008
4901671,298,Active,0,57,2013-10-24 21:20:07.055178,15008
4901672,299,Active,1,38,2013-10-24 21:20:07.060619,15008
4901673,300,Active,2,41,2013-10-24 21:20:07.066099,15008
4901674,301,Inactive,0,7,2013-10-24 21:20:07.071928,15008
4901675,302,Active,14,25,2013-10-24 21:20:07.077731,15008
4901676,303,Active,23,18,2013-10-24 21:20:07.083189,15008
4901677,304,Active,0,36,2013-10-24 21:20:07.0886,15008
4901678,305,Active,11,28,2013-10-24 21:20:07.094188,15008
4901679,306,Active,3,40,2013-10-24 21:20:07.099626,15008
4901680,307,Active,2,46,2013-10-24 21:20:07.105706,15008
4901681,308,Active,12,19,2013-10-24 21:20:07.113422,15008
4901682,309,Active,2,27,2013-10-24 21:20:07.119055,15008
4901683,310,Active,5,34,2013-10-24 21:20:07.125116,15008
4901684,311,Active,3,36,2013-10-24 21:20:07.131,15008
4901685,312,Active,19,12,2013-10-24 21:20:07.13636,15008
4901686,313,Active,8,31,2013-10-24 21:20:07.142048,15008
4901687,314,Active,15,12,2013-10-24 21:20:07.147925,15008
4901688,315,Active,16,22,2013-10-24 21:20:07.153942,15008
4901689,316,Active,26,4,2013-10-24 21:20:07.159167,15008
4901690,317,Active,0,15,2013-10-24 21:20:07.164716,15008
4901691,318,Active,19,8,2013-10-24 21:20:07.170445,15008
4901692,319,Active,5,25,2013-10-24 21:20:07.177343,15008
4901693,320,Active,26,10,2013-10-24 21:20:07.182779,15008
4901694,321,Active,9,3,2013-10-24 21:20:07.187983,15008
4901695,322,Active,20,29,2013-10-24 21:20:07.194092,15008
4901696,332,Active,6,18,2013-10-24 21:20:07.200415,15008
4901697,327,Active,9,23,2013-10-24 21:20:07.206022,15008
4901698,328,Active,35,4,2013-10-24 21:20:07.211411,15008
4901699,331,Active,0,36,2013-10-24 21:20:07.216995,15008
4901700,323,Active,0,39,2013-10-24 21:20:07.222788,15008
4901701,324,Active,15,28,2013-10-24 21:20:07.228534,15008
4901702,329,Active,10,23,2013-10-24 21:20:07.234101,15008
4901703,325,Active,11,25,2013-10-24 21:20:07.239782,15008
4901704,326,Active,0,25,2013-10-24 21:20:07.249993,15008
4901705,1,Active,15,24,2013-10-24 21:30:05.157592,15009
4901706,2,Active,30,3,2013-10-24 21:30:05.166692,15009
4901707,3,Active,9,17,2013-10-24 21:30:05.171512,15009
4901708,4,Active,6,56,2013-10-24 21:30:05.177132,15009
4901709,5,Active,2,37,2013-10-24 21:30:05.182149,15009
4901710,6,Active,14,5,2013-10-24 21:30:05.187851,15009
4901711,7,Active,1,18,2013-10-24 21:30:05.193321,15009
4901712,8,Active,13,18,2013-10-24 21:30:05.198615,15009
4901713,9,Active,26,4,2013-10-24 21:30:05.203392,15009
4901714,10,Active,9,37,2013-10-24 21:30:05.208189,15009
4901715,11,Active,3,21,2013-10-24 21:30:05.214368,15009
4901716,12,Active,11,8,2013-10-24 21:30:05.219525,15009
4901717,13,Active,14,25,2013-10-24 21:30:05.224491,15009
4901718,14,Active,25,8,2013-10-24 21:30:05.229485,15009
4901719,15,Active,14,17,2013-10-24 21:30:05.234879,15009
4901720,16,Active,10,23,2013-10-24 21:30:05.239949,15009
4901721,17,Active,9,20,2013-10-24 21:30:05.245169,15009
4901722,18,Active,9,46,2013-10-24 21:30:05.249729,15009
4901723,19,Active,9,14,2013-10-24 21:30:05.254944,15009
4901724,20,Active,3,23,2013-10-24 21:30:05.260493,15009
4901725,21,Active,22,13,2013-10-24 21:30:05.265932,15009
4901726,22,Active,27,20,2013-10-24 21:30:05.271222,15009
4901727,23,Active,0,45,2013-10-24 21:30:05.276264,15009
4901728,24,Active,2,45,2013-10-24 21:30:05.28157,15009
4901729,25,Active,17,34,2013-10-24 21:30:05.286461,15009
4901730,26,Active,2,28,2013-10-24 21:30:05.291823,15009
4901731,27,Active,10,35,2013-10-24 21:30:05.296664,15009
4901732,28,Active,14,14,2013-10-24 21:30:05.301789,15009
4901733,29,Active,5,18,2013-10-24 21:30:05.307273,15009
4901734,30,Active,18,21,2013-10-24 21:30:05.313131,15009
4901735,31,Active,8,30,2013-10-24 21:30:05.318717,15009
4901736,32,Active,11,22,2013-10-24 21:30:05.324806,15009
4901737,33,Active,14,17,2013-10-24 21:30:05.329781,15009
4901738,34,Active,19,18,2013-10-24 21:30:05.336915,15009
4901739,35,Active,30,25,2013-10-24 21:30:05.342049,15009
4901740,36,Active,22,5,2013-10-24 21:30:05.347137,15009
4901741,37,Active,0,23,2013-10-24 21:30:05.352274,15009
4901742,38,Active,14,25,2013-10-24 21:30:05.357337,15009
4901743,39,Active,8,31,2013-10-24 21:30:05.362574,15009
4901744,40,Active,12,27,2013-10-24 21:30:05.367786,15009
4901745,41,Active,21,10,2013-10-24 21:30:05.373137,15009
4901746,42,Active,23,8,2013-10-24 21:30:05.378221,15009
4901747,43,Active,1,22,2013-10-24 21:30:05.382933,15009
4901748,44,Active,4,19,2013-10-24 21:30:05.388288,15009
4901749,45,Active,36,3,2013-10-24 21:30:05.393361,15009
4901750,46,Active,1,30,2013-10-24 21:30:05.398515,15009
4901751,47,Active,2,21,2013-10-24 21:30:05.404001,15009
4901752,48,Active,9,11,2013-10-24 21:30:05.409279,15009
4901753,49,Active,21,2,2013-10-24 21:30:05.414986,15009
4901754,50,Active,23,4,2013-10-24 21:30:05.420014,15009
4901755,51,Active,14,26,2013-10-24 21:30:05.425587,15009
4901756,52,Active,25,2,2013-10-24 21:30:05.431537,15009
4901757,53,Active,9,24,2013-10-24 21:30:05.437021,15009
4901758,54,Active,0,47,2013-10-24 21:30:05.441883,15009
4901759,55,Active,14,17,2013-10-24 21:30:05.447284,15009
4901760,56,Active,35,4,2013-10-24 21:30:05.477305,15009
4901761,57,Active,1,22,2013-10-24 21:30:05.484247,15009
4901762,58,Active,29,10,2013-10-24 21:30:05.491263,15009
4901763,59,Active,15,20,2013-10-24 21:30:05.497234,15009
4901764,60,Active,9,18,2013-10-24 21:30:05.504008,15009
4901765,61,Active,2,22,2013-10-24 21:30:05.510089,15009
4901766,62,Active,16,15,2013-10-24 21:30:05.515777,15009
4901767,63,Active,13,14,2013-10-24 21:30:05.521657,15009
4901768,64,Active,0,35,2013-10-24 21:30:05.527888,15009
4901769,65,Active,0,24,2013-10-24 21:30:05.53481,15009
4901770,66,Active,14,43,2013-10-24 21:30:05.540815,15009
4901771,67,Active,16,11,2013-10-24 21:30:05.547334,15009
4901772,68,Active,4,19,2013-10-24 21:30:05.553788,15009
4901773,69,Active,17,22,2013-10-24 21:30:05.559694,15009
4901774,70,Active,8,23,2013-10-24 21:30:05.565459,15009
4901775,71,Active,2,17,2013-10-24 21:30:05.571741,15009
4901776,72,Active,14,10,2013-10-24 21:30:05.577679,15009
4901777,73,Active,3,16,2013-10-24 21:30:05.58343,15009
4901778,74,Active,19,0,2013-10-24 21:30:05.589159,15009
4901779,75,Active,4,27,2013-10-24 21:30:05.59628,15009
4901780,76,Active,19,40,2013-10-24 21:30:05.607824,15009
4901781,77,Active,5,22,2013-10-24 21:30:05.614444,15009
4901782,78,Active,24,19,2013-10-24 21:30:05.62019,15009
4901783,79,Active,4,43,2013-10-24 21:30:05.626372,15009
4901784,80,Active,1,18,2013-10-24 21:30:05.632888,15009
4901785,81,Active,9,20,2013-10-24 21:30:05.638515,15009
4901786,82,Active,4,16,2013-10-24 21:30:05.64407,15009
4901787,83,Active,11,44,2013-10-24 21:30:05.650019,15009
4901788,84,Active,2,29,2013-10-24 21:30:05.655813,15009
4901789,85,Active,7,17,2013-10-24 21:30:05.662186,15009
4901790,86,Active,28,7,2013-10-24 21:30:05.668,15009
4901791,87,Active,4,23,2013-10-24 21:30:05.673662,15009
4901792,88,Active,26,9,2013-10-24 21:30:05.679419,15009
4901793,89,Active,0,55,2013-10-24 21:30:05.68483,15009
4901794,90,Active,9,28,2013-10-24 21:30:05.6905,15009
4901795,91,Active,9,14,2013-10-24 21:30:05.696109,15009
4901796,92,Active,24,7,2013-10-24 21:30:05.70229,15009
4901797,93,Active,27,9,2013-10-24 21:30:05.70773,15009
4901798,94,Active,13,20,2013-10-24 21:30:05.713718,15009
4901799,95,Active,30,7,2013-10-24 21:30:05.719845,15009
4901800,96,Active,3,28,2013-10-24 21:30:05.726112,15009
4901801,97,Active,9,18,2013-10-24 21:30:05.731446,15009
4901802,98,Active,8,33,2013-10-24 21:30:05.737471,15009
4901803,99,Active,7,28,2013-10-24 21:30:05.74329,15009
4901804,100,Active,3,27,2013-10-24 21:30:05.749343,15009
4901805,101,Active,2,29,2013-10-24 21:30:05.755201,15009
4901806,102,Active,1,22,2013-10-24 21:30:05.76055,15009
4901807,103,Active,1,38,2013-10-24 21:30:05.766633,15009
4901808,104,Active,26,3,2013-10-24 21:30:05.772489,15009
4901809,105,Active,10,33,2013-10-24 21:30:05.778549,15009
4901810,106,Active,6,21,2013-10-24 21:30:05.784929,15009
4901811,107,Active,0,31,2013-10-24 21:30:05.79059,15009
4901812,108,Active,5,30,2013-10-24 21:30:05.79645,15009
4901813,109,Active,10,29,2013-10-24 21:30:05.803003,15009
4901814,110,Active,3,24,2013-10-24 21:30:05.808892,15009
4901815,111,Active,3,28,2013-10-24 21:30:05.814592,15009
4901816,112,Active,26,13,2013-10-24 21:30:05.842284,15009
4901817,113,Active,46,5,2013-10-24 21:30:05.848814,15009
4901818,114,Active,10,25,2013-10-24 21:30:05.858863,15009
4901819,115,Active,1,26,2013-10-24 21:30:05.86524,15009
4901820,116,Active,9,30,2013-10-24 21:30:05.870602,15009
4901821,117,Active,13,10,2013-10-24 21:30:05.876611,15009
4901822,118,Active,1,30,2013-10-24 21:30:05.88285,15009
4901823,119,Active,25,14,2013-10-24 21:30:05.88838,15009
4901824,120,Active,7,20,2013-10-24 21:30:05.894073,15009
4901825,121,Active,0,24,2013-10-24 21:30:05.899805,15009
4901826,122,Active,20,11,2013-10-24 21:30:05.90691,15009
4901827,123,Active,13,14,2013-10-24 21:30:05.913855,15009
4901828,124,Active,18,18,2013-10-24 21:30:05.921024,15009
4901829,125,Active,5,32,2013-10-24 21:30:05.927035,15009
4901830,126,Active,0,24,2013-10-24 21:30:05.933325,15009
4901831,127,Active,3,24,2013-10-24 21:30:05.940155,15009
4901832,128,Active,3,16,2013-10-24 21:30:05.945961,15009
4901833,129,Active,3,26,2013-10-24 21:30:05.953914,15009
4901834,130,Active,17,6,2013-10-24 21:30:05.960367,15009
4901835,131,Active,0,23,2013-10-24 21:30:05.96652,15009
4901836,132,Active,7,28,2013-10-24 21:30:05.971928,15009
4901837,133,Active,6,21,2013-10-24 21:30:05.978201,15009
4901838,134,Active,18,17,2013-10-24 21:30:05.984673,15009
4901839,135,Active,40,2,2013-10-24 21:30:05.990972,15009
4901840,136,Active,2,21,2013-10-24 21:30:05.997433,15009
4901841,137,Active,8,20,2013-10-24 21:30:06.003232,15009
4901842,138,Active,26,13,2013-10-24 21:30:06.009009,15009
4901843,139,Active,6,30,2013-10-24 21:30:06.016772,15009
4901844,140,Active,4,23,2013-10-24 21:30:06.023014,15009
4901845,141,Active,3,28,2013-10-24 21:30:06.029495,15009
4901846,142,Active,6,37,2013-10-24 21:30:06.035797,15009
4901847,143,Active,11,12,2013-10-24 21:30:06.042129,15009
4901848,144,Active,7,20,2013-10-24 21:30:06.047911,15009
4901849,145,Active,27,9,2013-10-24 21:30:06.054472,15009
4901850,146,Active,8,47,2013-10-24 21:30:06.060696,15009
4901851,147,Active,9,30,2013-10-24 21:30:06.067045,15009
4901852,148,Active,7,36,2013-10-24 21:30:06.073044,15009
4901853,149,Active,0,57,2013-10-24 21:30:06.079816,15009
4901854,150,Active,13,35,2013-10-24 21:30:06.086809,15009
4901855,151,Active,2,25,2013-10-24 21:30:06.093247,15009
4901856,152,Active,1,30,2013-10-24 21:30:06.099554,15009
4901857,153,Active,4,29,2013-10-24 21:30:06.106113,15009
4901858,154,Active,4,30,2013-10-24 21:30:06.112651,15009
4901859,155,Active,22,17,2013-10-24 21:30:06.118976,15009
4901860,156,Active,19,16,2013-10-24 21:30:06.124886,15009
4901861,157,Active,3,24,2013-10-24 21:30:06.131225,15009
4901862,158,Active,5,14,2013-10-24 21:30:06.138481,15009
4901863,159,Active,10,20,2013-10-24 21:30:06.147006,15009
4901864,160,Active,30,13,2013-10-24 21:30:06.152768,15009
4901865,161,Active,39,8,2013-10-24 21:30:06.15887,15009
4901866,162,Inactive,0,59,2013-10-24 21:30:06.164671,15009
4901867,163,Active,17,22,2013-10-24 21:30:06.170865,15009
4901868,164,Active,33,3,2013-10-24 21:30:06.178387,15009
4901869,165,Active,35,4,2013-10-24 21:30:06.18468,15009
4901870,166,Active,1,30,2013-10-24 21:30:06.1958,15009
4901871,167,Active,8,21,2013-10-24 21:30:06.202831,15009
4901872,168,Active,6,37,2013-10-24 21:30:06.231587,15009
4901873,169,Active,2,37,2013-10-24 21:30:06.23867,15009
4901874,170,Active,21,14,2013-10-24 21:30:06.244311,15009
4901875,171,Active,5,22,2013-10-24 21:30:06.250497,15009
4901876,172,Active,21,10,2013-10-24 21:30:06.256104,15009
4901877,173,Active,2,29,2013-10-24 21:30:06.262097,15009
4901878,174,Active,27,5,2013-10-24 21:30:06.268243,15009
4901879,175,Active,7,24,2013-10-24 21:30:06.27461,15009
4901880,176,Active,7,29,2013-10-24 21:30:06.28109,15009
4901881,177,Active,4,26,2013-10-24 21:30:06.291403,15009
4901882,178,Inactive,0,25,2013-10-24 21:30:06.297731,15009
4901883,179,Active,0,27,2013-10-24 21:30:06.304348,15009
4901884,180,Active,12,19,2013-10-24 21:30:06.310738,15009
4901885,181,Active,0,27,2013-10-24 21:30:06.317355,15009
4901886,182,Active,3,12,2013-10-24 21:30:06.323459,15009
4901887,183,Active,6,35,2013-10-24 21:30:06.329833,15009
4901888,184,Active,18,24,2013-10-24 21:30:06.335746,15009
4901889,185,Active,18,13,2013-10-24 21:30:06.342135,15009
4901890,186,Active,30,9,2013-10-24 21:30:06.348073,15009
4901891,187,Active,9,31,2013-10-24 21:30:06.354043,15009
4901892,188,Active,2,32,2013-10-24 21:30:06.360775,15009
4901893,189,Active,1,42,2013-10-24 21:30:06.36749,15009
4901894,190,Active,7,16,2013-10-24 21:30:06.373651,15009
4901895,191,Active,2,17,2013-10-24 21:30:06.380049,15009
4901896,192,Active,5,30,2013-10-24 21:30:06.386043,15009
4901897,193,Active,3,20,2013-10-24 21:30:06.393231,15009
4901898,194,Active,13,16,2013-10-24 21:30:06.399332,15009
4901899,195,Active,16,8,2013-10-24 21:30:06.405768,15009
4901900,196,Active,26,16,2013-10-24 21:30:06.411797,15009
4901901,197,Active,2,29,2013-10-24 21:30:06.418447,15009
4901902,198,Active,6,41,2013-10-24 21:30:06.425359,15009
4901903,199,Active,21,2,2013-10-24 21:30:06.431594,15009
4901904,200,Active,3,20,2013-10-24 21:30:06.437819,15009
4901905,201,Active,0,23,2013-10-24 21:30:06.44379,15009
4901906,202,Active,1,18,2013-10-24 21:30:06.450723,15009
4901907,203,Active,2,53,2013-10-24 21:30:06.456702,15009
4901908,204,Active,0,39,2013-10-24 21:30:06.46296,15009
4901909,205,Active,16,15,2013-10-24 21:30:06.468909,15009
4901910,206,Active,51,8,2013-10-24 21:30:06.475509,15009
4901911,207,Active,6,25,2013-10-24 21:30:06.482045,15009
4901912,208,Active,25,2,2013-10-24 21:30:06.488289,15009
4901913,209,Active,15,15,2013-10-24 21:30:06.49497,15009
4901914,210,Active,7,24,2013-10-24 21:30:06.501049,15009
4901915,211,Active,10,29,2013-10-24 21:30:06.50719,15009
4901916,212,Active,21,6,2013-10-24 21:30:06.512902,15009
4901917,213,Active,16,31,2013-10-24 21:30:06.519502,15009
4901918,214,Active,0,27,2013-10-24 21:30:06.525544,15009
4901919,215,Active,2,25,2013-10-24 21:30:06.536208,15009
4901920,216,Active,9,18,2013-10-24 21:30:06.542291,15009
4901921,217,Active,5,34,2013-10-24 21:30:06.548515,15009
4901922,218,Active,0,32,2013-10-24 21:30:06.554624,15009
4901923,219,Active,7,26,2013-10-24 21:30:06.560738,15009
4901924,220,Active,12,39,2013-10-24 21:30:06.566845,15009
4901925,221,Active,1,22,2013-10-24 21:30:06.573713,15009
4901926,222,Active,23,29,2013-10-24 21:30:06.579596,15009
4901927,223,Active,10,26,2013-10-24 21:30:06.58549,15009
4901928,224,Active,7,32,2013-10-24 21:30:06.614477,15009
4901929,225,Active,8,23,2013-10-24 21:30:06.621389,15009
4901930,226,Active,8,23,2013-10-24 21:30:06.627643,15009
4901931,227,Active,1,30,2013-10-24 21:30:06.633631,15009
4901932,228,Active,8,51,2013-10-24 21:30:06.639366,15009
4901933,229,Active,13,26,2013-10-24 21:30:06.645144,15009
4901934,230,Active,4,31,2013-10-24 21:30:06.651302,15009
4901935,231,Active,0,39,2013-10-24 21:30:06.657031,15009
4901936,232,Active,0,35,2013-10-24 21:30:06.66332,15009
4901937,233,Active,0,59,2013-10-24 21:30:06.66882,15009
4901938,234,Active,0,31,2013-10-24 21:30:06.674322,15009
4901939,235,Active,9,12,2013-10-24 21:30:06.680085,15009
4901940,236,Active,10,13,2013-10-24 21:30:06.685976,15009
4901941,237,Inactive,0,39,2013-10-24 21:30:06.695306,15009
4901942,238,Active,19,28,2013-10-24 21:30:06.701385,15009
4901943,239,Active,18,7,2013-10-24 21:30:06.706829,15009
4901944,240,Active,13,46,2013-10-24 21:30:06.712243,15009
4901945,241,Active,12,27,2013-10-24 21:30:06.717992,15009
4901946,242,Active,6,29,2013-10-24 21:30:06.723552,15009
4901947,243,Active,20,14,2013-10-24 21:30:06.729089,15009
4901948,244,Active,0,59,2013-10-24 21:30:06.735019,15009
4901949,245,Active,0,57,2013-10-24 21:30:06.740648,15009
4901950,246,Active,10,27,2013-10-24 21:30:06.746203,15009
4901951,247,Active,1,26,2013-10-24 21:30:06.751628,15009
4901952,248,Active,1,40,2013-10-24 21:30:06.756889,15009
4901953,249,Active,2,40,2013-10-24 21:30:06.762329,15009
4901954,250,Active,7,40,2013-10-24 21:30:06.768359,15009
4901955,251,Active,1,36,2013-10-24 21:30:06.773943,15009
4901956,252,Inactive,0,44,2013-10-24 21:30:06.779821,15009
4901957,253,Active,49,10,2013-10-24 21:30:06.785316,15009
4901958,254,Active,13,18,2013-10-24 21:30:06.791161,15009
4901959,255,Active,9,22,2013-10-24 21:30:06.796733,15009
4901960,256,Active,4,23,2013-10-24 21:30:06.802532,15009
4901961,257,Active,3,22,2013-10-24 21:30:06.808231,15009
4901962,258,Active,16,23,2013-10-24 21:30:06.81444,15009
4901963,259,Active,10,25,2013-10-24 21:30:06.820526,15009
4901964,260,Active,0,44,2013-10-24 21:30:06.82628,15009
4901965,261,Active,1,38,2013-10-24 21:30:06.831928,15009
4901966,262,Active,8,31,2013-10-24 21:30:06.837702,15009
4901967,263,Active,13,23,2013-10-24 21:30:06.843382,15009
4901968,264,Active,38,3,2013-10-24 21:30:06.848769,15009
4901969,265,Active,21,16,2013-10-24 21:30:06.854369,15009
4901970,266,Active,12,47,2013-10-24 21:30:06.859888,15009
4901971,267,Active,0,53,2013-10-24 21:30:06.865979,15009
4901972,268,Active,46,3,2013-10-24 21:30:06.871686,15009
4901973,269,Active,0,34,2013-10-24 21:30:06.877557,15009
4901974,270,Active,11,24,2013-10-24 21:30:06.883623,15009
4901975,271,Active,12,13,2013-10-24 21:30:06.889619,15009
4901976,272,Inactive,0,35,2013-10-24 21:30:06.895432,15009
4901977,273,Active,39,20,2013-10-24 21:30:06.901512,15009
4901978,274,Active,18,12,2013-10-24 21:30:06.90747,15009
4901979,275,Active,7,29,2013-10-24 21:30:06.913787,15009
4901980,276,Active,3,49,2013-10-24 21:30:06.919788,15009
4901981,277,Active,32,11,2013-10-24 21:30:06.926118,15009
4901982,330,Active,9,21,2013-10-24 21:30:06.93158,15009
4901983,278,Inactive,0,27,2013-10-24 21:30:06.937417,15009
4901984,279,Active,10,35,2013-10-24 21:30:06.965582,15009
4901985,280,Active,28,8,2013-10-24 21:30:06.972022,15009
4901986,281,Active,3,44,2013-10-24 21:30:06.978874,15009
4901987,282,Active,4,20,2013-10-24 21:30:06.984594,15009
4901988,283,Active,18,18,2013-10-24 21:30:06.990177,15009
4901989,284,Active,2,49,2013-10-24 21:30:06.99569,15009
4901990,285,Active,9,24,2013-10-24 21:30:07.001132,15009
4901991,286,Active,14,13,2013-10-24 21:30:07.0072,15009
4901992,287,Active,1,26,2013-10-24 21:30:07.013104,15009
4901993,288,Active,22,31,2013-10-24 21:30:07.018835,15009
4901994,289,Active,21,14,2013-10-24 21:30:07.024587,15009
4901995,290,Active,1,30,2013-10-24 21:30:07.030171,15009
4901996,291,Active,2,57,2013-10-24 21:30:07.036228,15009
4901997,292,Active,3,36,2013-10-24 21:30:07.041775,15009
4901998,293,Active,24,37,2013-10-24 21:30:07.047147,15009
4901999,294,Active,2,37,2013-10-24 21:30:07.053272,15009
4902000,295,Active,59,8,2013-10-24 21:30:07.058855,15009
4902001,296,Active,12,39,2013-10-24 21:30:07.064542,15009
4902002,297,Active,16,35,2013-10-24 21:30:07.071151,15009
4902003,298,Active,0,57,2013-10-24 21:30:07.076745,15009
4902004,299,Active,0,39,2013-10-24 21:30:07.082344,15009
4902005,300,Active,2,41,2013-10-24 21:30:07.087803,15009
4902006,301,Inactive,0,7,2013-10-24 21:30:07.093911,15009
4902007,302,Active,14,25,2013-10-24 21:30:07.09967,15009
4902008,303,Active,25,16,2013-10-24 21:30:07.106727,15009
4902009,304,Active,2,34,2013-10-24 21:30:07.112536,15009
4902010,305,Active,12,27,2013-10-24 21:30:07.118109,15009
4902011,306,Active,4,39,2013-10-24 21:30:07.123579,15009
4902012,307,Active,2,46,2013-10-24 21:30:07.12934,15009
4902013,308,Active,9,22,2013-10-24 21:30:07.135499,15009
4902014,309,Active,0,29,2013-10-24 21:30:07.141394,15009
4902015,310,Active,1,38,2013-10-24 21:30:07.147404,15009
4902016,311,Active,0,39,2013-10-24 21:30:07.152772,15009
4902017,312,Active,20,11,2013-10-24 21:30:07.158956,15009
4902018,313,Active,5,34,2013-10-24 21:30:07.165093,15009
4902019,314,Active,17,10,2013-10-24 21:30:07.170679,15009
4902020,315,Active,15,23,2013-10-24 21:30:07.176547,15009
4902021,316,Active,26,4,2013-10-24 21:30:07.182889,15009
4902022,317,Active,0,15,2013-10-24 21:30:07.188448,15009
4902023,318,Active,19,8,2013-10-24 21:30:07.193767,15009
4902024,319,Active,5,25,2013-10-24 21:30:07.199657,15009
4902025,320,Active,22,14,2013-10-24 21:30:07.205421,15009
4902026,321,Active,9,3,2013-10-24 21:30:07.211907,15009
4902027,322,Active,17,32,2013-10-24 21:30:07.218063,15009
4902028,332,Active,7,17,2013-10-24 21:30:07.223484,15009
4902029,327,Active,10,22,2013-10-24 21:30:07.229875,15009
4902030,328,Active,32,7,2013-10-24 21:30:07.239008,15009
4902031,331,Active,0,36,2013-10-24 21:30:07.245028,15009
4902032,323,Active,0,39,2013-10-24 21:30:07.251358,15009
4902033,324,Active,19,24,2013-10-24 21:30:07.258177,15009
4902034,329,Active,10,23,2013-10-24 21:30:07.264688,15009
4902035,325,Active,8,28,2013-10-24 21:30:07.271584,15009
4902036,326,Active,1,24,2013-10-24 21:30:07.278818,15009
4902037,1,Active,13,26,2013-10-24 21:40:05.090766,15010
4902038,2,Active,29,4,2013-10-24 21:40:05.103021,15010
4902039,3,Active,8,18,2013-10-24 21:40:05.10789,15010
4902040,4,Active,6,56,2013-10-24 21:40:05.113578,15010
4902041,5,Active,0,39,2013-10-24 21:40:05.119742,15010
4902042,6,Active,14,5,2013-10-24 21:40:05.124591,15010
4902043,7,Active,2,17,2013-10-24 21:40:05.129446,15010
4902044,8,Active,11,20,2013-10-24 21:40:05.133799,15010
4902045,9,Active,27,3,2013-10-24 21:40:05.138539,15010
4902046,10,Active,7,39,2013-10-24 21:40:05.143495,15010
4902047,11,Active,3,21,2013-10-24 21:40:05.148484,15010
4902048,12,Active,11,8,2013-10-24 21:40:05.153428,15010
4902049,13,Active,11,28,2013-10-24 21:40:05.158217,15010
4902050,14,Active,25,8,2013-10-24 21:40:05.162952,15010
4902051,15,Active,13,18,2013-10-24 21:40:05.168007,15010
4902052,16,Active,4,29,2013-10-24 21:40:05.172653,15010
4902053,17,Active,9,20,2013-10-24 21:40:05.177829,15010
4902054,18,Active,1,54,2013-10-24 21:40:05.182783,15010
4902055,19,Active,10,13,2013-10-24 21:40:05.18764,15010
4902056,20,Active,3,23,2013-10-24 21:40:05.192793,15010
4902057,21,Active,21,14,2013-10-24 21:40:05.198212,15010
4902058,22,Active,18,29,2013-10-24 21:40:05.203371,15010
4902059,23,Active,1,44,2013-10-24 21:40:05.208508,15010
4902060,24,Active,0,47,2013-10-24 21:40:05.213964,15010
4902061,25,Active,11,40,2013-10-24 21:40:05.219001,15010
4902062,26,Active,0,30,2013-10-24 21:40:05.224162,15010
4902063,27,Active,9,36,2013-10-24 21:40:05.228795,15010
4902064,28,Active,15,13,2013-10-24 21:40:05.233551,15010
4902065,29,Active,5,18,2013-10-24 21:40:05.238371,15010
4902066,30,Active,18,21,2013-10-24 21:40:05.243293,15010
4902067,31,Active,8,30,2013-10-24 21:40:05.248178,15010
4902068,32,Active,14,19,2013-10-24 21:40:05.255997,15010
4902069,33,Active,14,17,2013-10-24 21:40:05.261003,15010
4902070,34,Active,18,19,2013-10-24 21:40:05.266173,15010
4902071,35,Active,28,27,2013-10-24 21:40:05.271514,15010
4902072,36,Active,22,5,2013-10-24 21:40:05.276593,15010
4902073,37,Active,0,23,2013-10-24 21:40:05.285364,15010
4902074,38,Active,11,28,2013-10-24 21:40:05.291645,15010
4902075,39,Active,12,27,2013-10-24 21:40:05.296497,15010
4902076,40,Active,14,25,2013-10-24 21:40:05.300828,15010
4902077,41,Active,20,11,2013-10-24 21:40:05.305298,15010
4902078,42,Active,20,11,2013-10-24 21:40:05.309782,15010
4902079,43,Active,1,22,2013-10-24 21:40:05.314671,15010
4902080,44,Active,3,20,2013-10-24 21:40:05.319545,15010
4902081,45,Active,36,3,2013-10-24 21:40:05.324248,15010
4902082,46,Active,1,30,2013-10-24 21:40:05.328629,15010
4902083,47,Active,2,21,2013-10-24 21:40:05.333432,15010
4902084,48,Active,9,11,2013-10-24 21:40:05.337956,15010
4902085,49,Active,21,2,2013-10-24 21:40:05.342535,15010
4902086,50,Active,24,3,2013-10-24 21:40:05.346973,15010
4902087,51,Active,18,22,2013-10-24 21:40:05.35155,15010
4902088,52,Active,25,2,2013-10-24 21:40:05.356059,15010
4902089,53,Active,10,23,2013-10-24 21:40:05.360883,15010
4902090,54,Active,0,47,2013-10-24 21:40:05.365846,15010
4902091,55,Active,17,14,2013-10-24 21:40:05.370777,15010
4902092,56,Active,36,3,2013-10-24 21:40:05.401112,15010
4902093,57,Active,0,23,2013-10-24 21:40:05.406135,15010
4902094,58,Active,30,9,2013-10-24 21:40:05.413082,15010
4902095,59,Active,10,25,2013-10-24 21:40:05.419102,15010
4902096,60,Active,9,18,2013-10-24 21:40:05.429703,15010
4902097,61,Active,2,22,2013-10-24 21:40:05.4355,15010
4902098,62,Active,18,13,2013-10-24 21:40:05.440901,15010
4902099,63,Active,10,17,2013-10-24 21:40:05.446301,15010
4902100,64,Active,1,34,2013-10-24 21:40:05.451647,15010
4902101,65,Active,0,24,2013-10-24 21:40:05.457469,15010
4902102,66,Active,10,47,2013-10-24 21:40:05.462954,15010
4902103,67,Active,16,11,2013-10-24 21:40:05.468912,15010
4902104,68,Active,4,19,2013-10-24 21:40:05.474543,15010
4902105,69,Active,16,23,2013-10-24 21:40:05.480205,15010
4902106,70,Active,7,24,2013-10-24 21:40:05.48597,15010
4902107,71,Active,4,15,2013-10-24 21:40:05.49123,15010
4902108,72,Active,16,8,2013-10-24 21:40:05.496677,15010
4902109,73,Active,3,16,2013-10-24 21:40:05.502211,15010
4902110,74,Active,19,0,2013-10-24 21:40:05.50752,15010
4902111,75,Active,5,26,2013-10-24 21:40:05.512625,15010
4902112,76,Active,17,42,2013-10-24 21:40:05.518086,15010
4902113,77,Active,5,22,2013-10-24 21:40:05.524097,15010
4902114,78,Active,26,17,2013-10-24 21:40:05.529953,15010
4902115,79,Active,7,40,2013-10-24 21:40:05.535881,15010
4902116,80,Active,1,18,2013-10-24 21:40:05.541624,15010
4902117,81,Active,8,21,2013-10-24 21:40:05.547102,15010
4902118,82,Active,6,14,2013-10-24 21:40:05.553656,15010
4902119,83,Active,8,47,2013-10-24 21:40:05.559651,15010
4902120,84,Active,2,29,2013-10-24 21:40:05.565583,15010
4902121,85,Active,7,17,2013-10-24 21:40:05.571572,15010
4902122,86,Active,29,6,2013-10-24 21:40:05.577674,15010
4902123,87,Active,7,20,2013-10-24 21:40:05.583392,15010
4902124,88,Active,26,9,2013-10-24 21:40:05.58896,15010
4902125,89,Active,0,55,2013-10-24 21:40:05.594714,15010
4902126,90,Active,9,28,2013-10-24 21:40:05.600275,15010
4902127,91,Active,9,14,2013-10-24 21:40:05.60635,15010
4902128,92,Active,24,7,2013-10-24 21:40:05.612012,15010
4902129,93,Active,23,13,2013-10-24 21:40:05.617765,15010
4902130,94,Active,10,23,2013-10-24 21:40:05.623691,15010
4902131,95,Active,29,8,2013-10-24 21:40:05.62995,15010
4902132,96,Active,2,29,2013-10-24 21:40:05.635729,15010
4902133,97,Active,11,16,2013-10-24 21:40:05.641307,15010
4902134,98,Active,6,35,2013-10-24 21:40:05.646645,15010
4902135,99,Active,7,28,2013-10-24 21:40:05.652034,15010
4902136,100,Active,4,26,2013-10-24 21:40:05.65759,15010
4902137,101,Active,4,27,2013-10-24 21:40:05.663055,15010
4902138,102,Active,1,22,2013-10-24 21:40:05.668568,15010
4902139,103,Active,1,38,2013-10-24 21:40:05.674004,15010
4902140,104,Active,25,4,2013-10-24 21:40:05.679673,15010
4902141,105,Active,8,35,2013-10-24 21:40:05.685678,15010
4902142,106,Active,10,17,2013-10-24 21:40:05.691068,15010
4902143,107,Active,3,28,2013-10-24 21:40:05.696708,15010
4902144,108,Active,5,30,2013-10-24 21:40:05.702803,15010
4902145,109,Active,9,30,2013-10-24 21:40:05.70826,15010
4902146,110,Active,3,24,2013-10-24 21:40:05.713933,15010
4902147,111,Active,5,26,2013-10-24 21:40:05.718881,15010
4902148,112,Active,25,14,2013-10-24 21:40:05.747496,15010
4902149,113,Active,46,5,2013-10-24 21:40:05.754004,15010
4902150,114,Active,12,23,2013-10-24 21:40:05.759646,15010
4902151,115,Active,0,27,2013-10-24 21:40:05.76527,15010
4902152,116,Active,10,29,2013-10-24 21:40:05.770853,15010
4902153,117,Active,11,12,2013-10-24 21:40:05.776208,15010
4902154,118,Active,1,30,2013-10-24 21:40:05.781652,15010
4902155,119,Active,25,14,2013-10-24 21:40:05.787293,15010
4902156,120,Active,6,21,2013-10-24 21:40:05.792717,15010
4902157,121,Active,1,23,2013-10-24 21:40:05.798229,15010
4902158,122,Active,22,9,2013-10-24 21:40:05.803619,15010
4902159,123,Active,9,18,2013-10-24 21:40:05.809181,15010
4902160,124,Active,18,18,2013-10-24 21:40:05.814458,15010
4902161,125,Active,3,34,2013-10-24 21:40:05.820471,15010
4902162,126,Active,0,24,2013-10-24 21:40:05.825829,15010
4902163,127,Active,5,22,2013-10-24 21:40:05.832101,15010
4902164,128,Active,3,16,2013-10-24 21:40:05.837371,15010
4902165,129,Active,4,25,2013-10-24 21:40:05.843184,15010
4902166,130,Active,17,6,2013-10-24 21:40:05.848708,15010
4902167,131,Active,0,23,2013-10-24 21:40:05.854055,15010
4902168,132,Active,5,30,2013-10-24 21:40:05.859362,15010
4902169,133,Active,8,19,2013-10-24 21:40:05.864829,15010
4902170,134,Active,16,19,2013-10-24 21:40:05.870362,15010
4902171,135,Active,40,2,2013-10-24 21:40:05.876827,15010
4902172,136,Active,1,22,2013-10-24 21:40:05.882312,15010
4902173,137,Active,8,20,2013-10-24 21:40:05.887397,15010
4902174,138,Active,25,14,2013-10-24 21:40:05.892388,15010
4902175,139,Active,5,31,2013-10-24 21:40:05.897608,15010
4902176,140,Active,3,24,2013-10-24 21:40:05.902825,15010
4902177,141,Active,3,28,2013-10-24 21:40:05.907792,15010
4902178,142,Active,5,38,2013-10-24 21:40:05.913049,15010
4902179,143,Active,10,13,2013-10-24 21:40:05.918328,15010
4902180,144,Active,5,22,2013-10-24 21:40:05.923397,15010
4902181,145,Active,30,6,2013-10-24 21:40:05.928715,15010
4902182,146,Active,1,54,2013-10-24 21:40:05.933838,15010
4902183,147,Active,5,34,2013-10-24 21:40:05.938877,15010
4902184,148,Active,5,38,2013-10-24 21:40:05.944408,15010
4902185,149,Active,0,57,2013-10-24 21:40:05.949549,15010
4902186,150,Active,2,46,2013-10-24 21:40:05.954721,15010
4902187,151,Active,2,25,2013-10-24 21:40:05.959897,15010
4902188,152,Active,2,29,2013-10-24 21:40:05.965048,15010
4902189,153,Active,7,26,2013-10-24 21:40:05.970313,15010
4902190,154,Active,0,34,2013-10-24 21:40:05.975604,15010
4902191,155,Active,23,16,2013-10-24 21:40:05.980882,15010
4902192,156,Active,21,14,2013-10-24 21:40:05.986478,15010
4902193,157,Active,5,22,2013-10-24 21:40:05.991881,15010
4902194,158,Active,5,14,2013-10-24 21:40:05.997512,15010
4902195,159,Active,13,17,2013-10-24 21:40:06.003256,15010
4902196,160,Active,31,12,2013-10-24 21:40:06.00916,15010
4902197,161,Active,34,13,2013-10-24 21:40:06.01488,15010
4902198,162,Inactive,0,59,2013-10-24 21:40:06.02031,15010
4902199,163,Active,17,22,2013-10-24 21:40:06.028129,15010
4902200,164,Active,32,4,2013-10-24 21:40:06.033502,15010
4902201,165,Active,34,5,2013-10-24 21:40:06.038953,15010
4902202,166,Active,1,30,2013-10-24 21:40:06.044362,15010
4902203,167,Active,9,20,2013-10-24 21:40:06.050226,15010
4902204,168,Active,4,39,2013-10-24 21:40:06.078048,15010
4902205,169,Active,2,37,2013-10-24 21:40:06.08409,15010
4902206,170,Active,23,12,2013-10-24 21:40:06.089417,15010
4902207,171,Active,5,22,2013-10-24 21:40:06.094731,15010
4902208,172,Active,21,10,2013-10-24 21:40:06.100172,15010
4902209,173,Active,2,29,2013-10-24 21:40:06.105878,15010
4902210,174,Active,26,6,2013-10-24 21:40:06.111055,15010
4902211,175,Active,8,23,2013-10-24 21:40:06.116541,15010
4902212,176,Active,12,24,2013-10-24 21:40:06.121944,15010
4902213,177,Active,3,27,2013-10-24 21:40:06.127648,15010
4902214,178,Inactive,0,25,2013-10-24 21:40:06.136082,15010
4902215,179,Active,0,27,2013-10-24 21:40:06.141523,15010
4902216,180,Active,12,19,2013-10-24 21:40:06.147424,15010
4902217,181,Active,0,27,2013-10-24 21:40:06.153036,15010
4902218,182,Active,4,11,2013-10-24 21:40:06.158545,15010
4902219,183,Active,4,37,2013-10-24 21:40:06.163773,15010
4902220,184,Active,18,24,2013-10-24 21:40:06.168994,15010
4902221,185,Active,19,12,2013-10-24 21:40:06.174466,15010
4902222,186,Active,32,7,2013-10-24 21:40:06.180099,15010
4902223,187,Active,9,31,2013-10-24 21:40:06.18599,15010
4902224,188,Active,3,31,2013-10-24 21:40:06.191548,15010
4902225,189,Active,0,43,2013-10-24 21:40:06.196933,15010
4902226,190,Active,8,15,2013-10-24 21:40:06.202528,15010
4902227,191,Active,3,16,2013-10-24 21:40:06.207659,15010
4902228,192,Active,9,26,2013-10-24 21:40:06.21311,15010
4902229,193,Active,3,20,2013-10-24 21:40:06.218579,15010
4902230,194,Active,11,18,2013-10-24 21:40:06.224094,15010
4902231,195,Active,15,9,2013-10-24 21:40:06.229554,15010
4902232,196,Active,23,19,2013-10-24 21:40:06.23565,15010
4902233,197,Active,2,29,2013-10-24 21:40:06.241779,15010
4902234,198,Active,5,42,2013-10-24 21:40:06.247108,15010
4902235,199,Active,21,2,2013-10-24 21:40:06.252807,15010
4902236,200,Active,4,19,2013-10-24 21:40:06.260307,15010
4902237,201,Active,0,23,2013-10-24 21:40:06.265548,15010
4902238,202,Active,1,18,2013-10-24 21:40:06.270585,15010
4902239,203,Active,3,52,2013-10-24 21:40:06.275786,15010
4902240,204,Active,1,38,2013-10-24 21:40:06.281129,15010
4902241,205,Active,15,16,2013-10-24 21:40:06.2866,15010
4902242,206,Active,48,11,2013-10-24 21:40:06.291785,15010
4902243,207,Active,5,26,2013-10-24 21:40:06.297106,15010
4902244,208,Active,23,4,2013-10-24 21:40:06.302386,15010
4902245,209,Active,15,15,2013-10-24 21:40:06.307548,15010
4902246,210,Active,10,21,2013-10-24 21:40:06.312847,15010
4902247,211,Active,10,29,2013-10-24 21:40:06.320555,15010
4902248,212,Active,21,6,2013-10-24 21:40:06.32579,15010
4902249,213,Active,12,35,2013-10-24 21:40:06.331299,15010
4902250,214,Active,1,26,2013-10-24 21:40:06.336429,15010
4902251,215,Active,1,26,2013-10-24 21:40:06.342034,15010
4902252,216,Active,11,16,2013-10-24 21:40:06.350024,15010
4902253,217,Active,9,30,2013-10-24 21:40:06.355581,15010
4902254,218,Active,0,32,2013-10-24 21:40:06.361042,15010
4902255,219,Active,6,27,2013-10-24 21:40:06.366469,15010
4902256,220,Active,10,41,2013-10-24 21:40:06.371631,15010
4902257,221,Active,0,23,2013-10-24 21:40:06.377112,15010
4902258,222,Active,22,30,2013-10-24 21:40:06.382624,15010
4902259,223,Active,11,25,2013-10-24 21:40:06.388299,15010
4902260,224,Active,6,33,2013-10-24 21:40:06.415836,15010
4902261,225,Active,7,24,2013-10-24 21:40:06.422224,15010
4902262,226,Active,8,23,2013-10-24 21:40:06.427646,15010
4902263,227,Active,1,30,2013-10-24 21:40:06.436198,15010
4902264,228,Active,4,55,2013-10-24 21:40:06.441707,15010
4902265,229,Active,13,26,2013-10-24 21:40:06.447608,15010
4902266,230,Active,3,32,2013-10-24 21:40:06.45299,15010
4902267,231,Active,0,39,2013-10-24 21:40:06.458894,15010
4902268,232,Active,1,34,2013-10-24 21:40:06.464476,15010
4902269,233,Active,2,57,2013-10-24 21:40:06.469755,15010
4902270,234,Active,0,31,2013-10-24 21:40:06.475001,15010
4902271,235,Active,8,13,2013-10-24 21:40:06.480444,15010
4902272,236,Active,9,14,2013-10-24 21:40:06.485686,15010
4902273,237,Inactive,0,39,2013-10-24 21:40:06.491255,15010
4902274,238,Active,22,25,2013-10-24 21:40:06.49712,15010
4902275,239,Active,14,11,2013-10-24 21:40:06.502807,15010
4902276,240,Active,12,47,2013-10-24 21:40:06.508433,15010
4902277,241,Active,8,31,2013-10-24 21:40:06.51434,15010
4902278,242,Active,2,33,2013-10-24 21:40:06.519656,15010
4902279,243,Active,21,13,2013-10-24 21:40:06.524915,15010
4902280,244,Active,0,59,2013-10-24 21:40:06.529877,15010
4902281,245,Active,0,57,2013-10-24 21:40:06.53521,15010
4902282,246,Active,11,26,2013-10-24 21:40:06.54066,15010
4902283,247,Active,1,26,2013-10-24 21:40:06.546156,15010
4902284,248,Active,0,41,2013-10-24 21:40:06.551629,15010
4902285,249,Active,3,39,2013-10-24 21:40:06.558367,15010
4902286,250,Active,1,46,2013-10-24 21:40:06.563931,15010
4902287,251,Active,0,37,2013-10-24 21:40:06.56957,15010
4902288,252,Inactive,0,44,2013-10-24 21:40:06.574903,15010
4902289,253,Active,40,19,2013-10-24 21:40:06.580335,15010
4902290,254,Active,18,13,2013-10-24 21:40:06.585857,15010
4902291,255,Active,12,19,2013-10-24 21:40:06.591098,15010
4902292,256,Active,4,23,2013-10-24 21:40:06.596528,15010
4902293,257,Active,3,22,2013-10-24 21:40:06.601851,15010
4902294,258,Active,19,20,2013-10-24 21:40:06.60754,15010
4902295,259,Active,12,23,2013-10-24 21:40:06.613105,15010
4902296,260,Active,0,44,2013-10-24 21:40:06.619225,15010
4902297,261,Active,0,39,2013-10-24 21:40:06.625026,15010
4902298,262,Active,3,36,2013-10-24 21:40:06.630648,15010
4902299,263,Active,15,21,2013-10-24 21:40:06.635771,15010
4902300,264,Active,38,3,2013-10-24 21:40:06.640897,15010
4902301,265,Active,18,19,2013-10-24 21:40:06.646089,15010
4902302,266,Active,16,43,2013-10-24 21:40:06.65135,15010
4902303,267,Active,0,53,2013-10-24 21:40:06.656776,15010
4902304,268,Active,46,3,2013-10-24 21:40:06.662227,15010
4902305,269,Active,0,34,2013-10-24 21:40:06.667301,15010
4902306,270,Active,12,23,2013-10-24 21:40:06.672597,15010
4902307,271,Active,12,13,2013-10-24 21:40:06.678116,15010
4902308,272,Inactive,0,35,2013-10-24 21:40:06.683775,15010
4902309,273,Active,29,30,2013-10-24 21:40:06.689543,15010
4902310,274,Active,22,8,2013-10-24 21:40:06.695,15010
4902311,275,Active,6,30,2013-10-24 21:40:06.700845,15010
4902312,276,Active,1,51,2013-10-24 21:40:06.706637,15010
4902313,277,Active,30,13,2013-10-24 21:40:06.712244,15010
4902314,330,Active,10,20,2013-10-24 21:40:06.717977,15010
4902315,278,Inactive,0,27,2013-10-24 21:40:06.724758,15010
4902316,279,Active,4,41,2013-10-24 21:40:06.753488,15010
4902317,280,Active,29,7,2013-10-24 21:40:06.759213,15010
4902318,281,Active,5,42,2013-10-24 21:40:06.764851,15010
4902319,282,Active,5,19,2013-10-24 21:40:06.770155,15010
4902320,283,Active,18,18,2013-10-24 21:40:06.775756,15010
4902321,284,Active,2,49,2013-10-24 21:40:06.780984,15010
4902322,285,Active,7,26,2013-10-24 21:40:06.786645,15010
4902323,286,Active,16,11,2013-10-24 21:40:06.792452,15010
4902324,287,Active,3,24,2013-10-24 21:40:06.797794,15010
4902325,288,Active,25,28,2013-10-24 21:40:06.804121,15010
4902326,289,Active,24,11,2013-10-24 21:40:06.809749,15010
4902327,290,Active,0,31,2013-10-24 21:40:06.815333,15010
4902328,291,Active,2,57,2013-10-24 21:40:06.820983,15010
4902329,292,Active,2,37,2013-10-24 21:40:06.827225,15010
4902330,293,Active,26,35,2013-10-24 21:40:06.833467,15010
4902331,294,Active,0,39,2013-10-24 21:40:06.838972,15010
4902332,295,Active,65,2,2013-10-24 21:40:06.84457,15010
4902333,296,Active,7,44,2013-10-24 21:40:06.850648,15010
4902334,297,Active,17,34,2013-10-24 21:40:06.856906,15010
4902335,298,Active,0,57,2013-10-24 21:40:06.862922,15010
4902336,299,Active,0,39,2013-10-24 21:40:06.868718,15010
4902337,300,Active,3,40,2013-10-24 21:40:06.875018,15010
4902338,301,Inactive,0,7,2013-10-24 21:40:06.879918,15010
4902339,302,Active,6,33,2013-10-24 21:40:06.885457,15010
4902340,303,Active,26,15,2013-10-24 21:40:06.891102,15010
4902341,304,Active,3,33,2013-10-24 21:40:06.896653,15010
4902342,305,Active,12,27,2013-10-24 21:40:06.903042,15010
4902343,306,Active,3,40,2013-10-24 21:40:06.908833,15010
4902344,307,Active,0,48,2013-10-24 21:40:06.914456,15010
4902345,308,Active,6,25,2013-10-24 21:40:06.920019,15010
4902346,309,Active,1,28,2013-10-24 21:40:06.925242,15010
4902347,310,Active,5,34,2013-10-24 21:40:06.930507,15010
4902348,311,Active,0,39,2013-10-24 21:40:06.936853,15010
4902349,312,Active,20,11,2013-10-24 21:40:06.942515,15010
4902350,313,Active,4,35,2013-10-24 21:40:06.94779,15010
4902351,314,Active,19,8,2013-10-24 21:40:06.95343,15010
4902352,315,Active,6,32,2013-10-24 21:40:06.959571,15010
4902353,316,Active,25,5,2013-10-24 21:40:06.965115,15010
4902354,317,Active,0,15,2013-10-24 21:40:06.971045,15010
4902355,318,Active,18,9,2013-10-24 21:40:06.97656,15010
4902356,319,Active,7,23,2013-10-24 21:40:06.98232,15010
4902357,320,Active,19,17,2013-10-24 21:40:06.987409,15010
4902358,321,Active,9,3,2013-10-24 21:40:06.993077,15010
4902359,322,Active,17,32,2013-10-24 21:40:06.998884,15010
4902360,332,Active,6,18,2013-10-24 21:40:07.004475,15010
4902361,327,Active,10,22,2013-10-24 21:40:07.010258,15010
4902362,328,Active,29,10,2013-10-24 21:40:07.016042,15010
4902363,331,Active,1,35,2013-10-24 21:40:07.021974,15010
4902364,323,Active,0,39,2013-10-24 21:40:07.027758,15010
4902365,324,Active,18,25,2013-10-24 21:40:07.03641,15010
4902366,329,Active,10,23,2013-10-24 21:40:07.042476,15010
4902367,325,Active,6,30,2013-10-24 21:40:07.04789,15010
4902368,326,Active,1,24,2013-10-24 21:40:07.05333,15010
4902369,1,Active,19,20,2013-10-24 21:50:05.32968,15011
4902370,2,Active,28,5,2013-10-24 21:50:05.349316,15011
4902371,3,Active,9,17,2013-10-24 21:50:05.355428,15011
4902372,4,Active,5,57,2013-10-24 21:50:05.360665,15011
4902373,5,Active,0,39,2013-10-24 21:50:05.366603,15011
4902374,6,Active,14,5,2013-10-24 21:50:05.371623,15011
4902375,7,Active,1,18,2013-10-24 21:50:05.377865,15011
4902376,8,Active,10,21,2013-10-24 21:50:05.383309,15011
4902377,9,Active,27,3,2013-10-24 21:50:05.387842,15011
4902378,10,Active,3,43,2013-10-24 21:50:05.392686,15011
4902379,11,Active,0,24,2013-10-24 21:50:05.424298,15011
4902380,12,Active,11,8,2013-10-24 21:50:05.429292,15011
4902381,13,Active,14,25,2013-10-24 21:50:05.434781,15011
4902382,14,Active,22,11,2013-10-24 21:50:05.439418,15011
4902383,15,Active,6,25,2013-10-24 21:50:05.444032,15011
4902384,16,Active,6,27,2013-10-24 21:50:05.448844,15011
4902385,17,Active,11,18,2013-10-24 21:50:05.453842,15011
4902386,18,Active,0,55,2013-10-24 21:50:05.459191,15011
4902387,19,Active,10,13,2013-10-24 21:50:05.465168,15011
4902388,20,Active,6,20,2013-10-24 21:50:05.470576,15011
4902389,21,Active,21,14,2013-10-24 21:50:05.475302,15011
4902390,22,Active,15,32,2013-10-24 21:50:05.507381,15011
4902391,23,Active,2,43,2013-10-24 21:50:05.512157,15011
4902392,24,Active,0,47,2013-10-24 21:50:05.517072,15011
4902393,25,Active,3,48,2013-10-24 21:50:05.522017,15011
4902394,26,Active,1,29,2013-10-24 21:50:05.526419,15011
4902395,27,Active,4,41,2013-10-24 21:50:05.531484,15011
4902396,28,Active,10,18,2013-10-24 21:50:05.537203,15011
4902397,29,Active,5,18,2013-10-24 21:50:05.542694,15011
4902398,30,Active,18,21,2013-10-24 21:50:05.54808,15011
4902399,31,Active,9,29,2013-10-24 21:50:05.553026,15011
4902400,32,Active,11,22,2013-10-24 21:50:05.58584,15011
4902401,33,Active,14,17,2013-10-24 21:50:05.591354,15011
4902402,34,Active,17,20,2013-10-24 21:50:05.596798,15011
4902403,35,Active,24,31,2013-10-24 21:50:05.602242,15011
4902404,36,Active,24,3,2013-10-24 21:50:05.607008,15011
4902405,37,Active,0,23,2013-10-24 21:50:05.612429,15011
4902406,38,Active,10,29,2013-10-24 21:50:05.619689,15011
4902407,39,Active,11,28,2013-10-24 21:50:05.630081,15011
4902408,40,Active,15,24,2013-10-24 21:50:05.635355,15011
4902409,41,Active,21,10,2013-10-24 21:50:05.668066,15011
4902410,42,Active,20,11,2013-10-24 21:50:05.673702,15011
4902411,43,Active,1,22,2013-10-24 21:50:05.678805,15011
4902412,44,Active,2,21,2013-10-24 21:50:05.683525,15011
4902413,45,Active,36,3,2013-10-24 21:50:05.689352,15011
4902414,46,Active,1,30,2013-10-24 21:50:05.69442,15011
4902415,47,Active,2,21,2013-10-24 21:50:05.699543,15011
4902416,48,Active,8,12,2013-10-24 21:50:05.704841,15011
4902417,49,Active,20,3,2013-10-24 21:50:05.709619,15011
4902418,50,Active,22,5,2013-10-24 21:50:05.714607,15011
4902419,51,Active,16,24,2013-10-24 21:50:05.720167,15011
4902420,52,Active,25,2,2013-10-24 21:50:05.753341,15011
4902421,53,Active,9,24,2013-10-24 21:50:05.758847,15011
4902422,54,Active,5,42,2013-10-24 21:50:05.764216,15011
4902423,55,Active,16,15,2013-10-24 21:50:05.769067,15011
4902424,56,Active,32,7,2013-10-24 21:50:05.798811,15011
4902425,57,Active,0,23,2013-10-24 21:50:05.833071,15011
4902426,58,Active,26,13,2013-10-24 21:50:05.839792,15011
4902427,59,Active,7,28,2013-10-24 21:50:05.845443,15011
4902428,60,Active,11,16,2013-10-24 21:50:05.851015,15011
4902429,61,Active,2,22,2013-10-24 21:50:05.857795,15011
4902430,62,Active,19,12,2013-10-24 21:50:05.863255,15011
4902431,63,Active,9,18,2013-10-24 21:50:05.869009,15011
4902432,64,Active,1,34,2013-10-24 21:50:05.874414,15011
4902433,65,Active,0,24,2013-10-24 21:50:05.880665,15011
4902434,66,Active,13,44,2013-10-24 21:50:05.911862,15011
4902435,67,Active,9,18,2013-10-24 21:50:05.918604,15011
4902436,68,Active,4,19,2013-10-24 21:50:05.925106,15011
4902437,69,Active,15,24,2013-10-24 21:50:05.930779,15011
4902438,70,Active,6,25,2013-10-24 21:50:05.936435,15011
4902439,71,Active,4,15,2013-10-24 21:50:05.943159,15011
4902440,72,Active,15,9,2013-10-24 21:50:05.948812,15011
4902441,73,Active,4,15,2013-10-24 21:50:05.954089,15011
4902442,74,Active,19,0,2013-10-24 21:50:05.988662,15011
4902443,75,Active,3,28,2013-10-24 21:50:05.994757,15011
4902444,76,Active,10,49,2013-10-24 21:50:06.0002,15011
4902445,77,Active,5,22,2013-10-24 21:50:06.005412,15011
4902446,78,Active,28,15,2013-10-24 21:50:06.010625,15011
4902447,79,Active,9,38,2013-10-24 21:50:06.01591,15011
4902448,80,Active,1,18,2013-10-24 21:50:06.021112,15011
4902449,81,Active,8,21,2013-10-24 21:50:06.026185,15011
4902450,82,Active,5,15,2013-10-24 21:50:06.031381,15011
4902451,83,Active,0,55,2013-10-24 21:50:06.067249,15011
4902452,84,Active,1,30,2013-10-24 21:50:06.073356,15011
4902453,85,Active,7,17,2013-10-24 21:50:06.079277,15011
4902454,86,Active,31,4,2013-10-24 21:50:06.084928,15011
4902455,87,Active,7,20,2013-10-24 21:50:06.090836,15011
4902456,88,Active,26,9,2013-10-24 21:50:06.096637,15011
4902457,89,Active,1,54,2013-10-24 21:50:06.102753,15011
4902458,90,Active,11,26,2013-10-24 21:50:06.108438,15011
4902459,91,Active,11,12,2013-10-24 21:50:06.115405,15011
4902460,92,Active,21,10,2013-10-24 21:50:06.148911,15011
4902461,93,Active,21,15,2013-10-24 21:50:06.156826,15011
4902462,94,Active,3,30,2013-10-24 21:50:06.162938,15011
4902463,95,Active,28,9,2013-10-24 21:50:06.16928,15011
4902464,96,Active,3,28,2013-10-24 21:50:06.176105,15011
4902465,97,Active,11,16,2013-10-24 21:50:06.182456,15011
4902466,98,Active,5,36,2013-10-24 21:50:06.188448,15011
4902467,99,Active,9,26,2013-10-24 21:50:06.194203,15011
4902468,100,Active,6,24,2013-10-24 21:50:06.228575,15011
4902469,101,Active,4,27,2013-10-24 21:50:06.23508,15011
4902470,102,Active,4,19,2013-10-24 21:50:06.240921,15011
4902471,103,Active,1,38,2013-10-24 21:50:06.246823,15011
4902472,104,Active,24,5,2013-10-24 21:50:06.252892,15011
4902473,105,Active,11,32,2013-10-24 21:50:06.262641,15011
4902474,106,Active,12,15,2013-10-24 21:50:06.269246,15011
4902475,107,Active,0,31,2013-10-24 21:50:06.305412,15011
4902476,108,Active,2,33,2013-10-24 21:50:06.31495,15011
4902477,109,Active,10,29,2013-10-24 21:50:06.321333,15011
4902478,110,Active,2,25,2013-10-24 21:50:06.327656,15011
4902479,111,Active,5,26,2013-10-24 21:50:06.334189,15011
4902480,112,Active,24,15,2013-10-24 21:50:06.367392,15011
4902481,113,Active,46,5,2013-10-24 21:50:06.385636,15011
4902482,114,Active,12,23,2013-10-24 21:50:06.392097,15011
4902483,115,Active,0,27,2013-10-24 21:50:06.397937,15011
4902484,116,Active,7,32,2013-10-24 21:50:06.403256,15011
4902485,117,Active,9,14,2013-10-24 21:50:06.409575,15011
4902486,118,Active,1,30,2013-10-24 21:50:06.415562,15011
4902487,119,Active,23,16,2013-10-24 21:50:06.42192,15011
4902488,120,Active,6,21,2013-10-24 21:50:06.427312,15011
4902489,121,Active,3,21,2013-10-24 21:50:06.433114,15011
4902490,122,Active,23,8,2013-10-24 21:50:06.464728,15011
4902491,123,Active,11,16,2013-10-24 21:50:06.470687,15011
4902492,124,Active,18,18,2013-10-24 21:50:06.475676,15011
4902493,125,Active,3,34,2013-10-24 21:50:06.481071,15011
4902494,126,Active,1,23,2013-10-24 21:50:06.486527,15011
4902495,127,Active,6,21,2013-10-24 21:50:06.491842,15011
4902496,128,Active,3,16,2013-10-24 21:50:06.498015,15011
4902497,129,Active,7,22,2013-10-24 21:50:06.503485,15011
4902498,130,Active,15,8,2013-10-24 21:50:06.509614,15011
4902499,131,Active,0,23,2013-10-24 21:50:06.542517,15011
4902500,132,Active,6,29,2013-10-24 21:50:06.549527,15011
4902501,133,Active,11,16,2013-10-24 21:50:06.556155,15011
4902502,134,Active,13,22,2013-10-24 21:50:06.563559,15011
4902503,135,Active,40,2,2013-10-24 21:50:06.570387,15011
4902504,136,Active,3,20,2013-10-24 21:50:06.578074,15011
4902505,137,Active,9,19,2013-10-24 21:50:06.5844,15011
4902506,138,Active,26,13,2013-10-24 21:50:06.618765,15011
4902507,139,Active,2,34,2013-10-24 21:50:06.625621,15011
4902508,140,Active,4,23,2013-10-24 21:50:06.632393,15011
4902509,141,Active,4,27,2013-10-24 21:50:06.638848,15011
4902510,142,Active,5,38,2013-10-24 21:50:06.645078,15011
4902511,143,Active,10,13,2013-10-24 21:50:06.65208,15011
4902512,144,Active,1,26,2013-10-24 21:50:06.657813,15011
4902513,145,Active,32,4,2013-10-24 21:50:06.663508,15011
4902514,146,Active,0,55,2013-10-24 21:50:06.696927,15011
4902515,147,Active,3,36,2013-10-24 21:50:06.704804,15011
4902516,148,Active,2,41,2013-10-24 21:50:06.710502,15011
4902517,149,Active,1,56,2013-10-24 21:50:06.716587,15011
4902518,150,Active,3,45,2013-10-24 21:50:06.725913,15011
4902519,151,Active,2,25,2013-10-24 21:50:06.731406,15011
4902520,152,Active,4,27,2013-10-24 21:50:06.737621,15011
4902521,153,Active,8,25,2013-10-24 21:50:06.744127,15011
4902522,154,Active,2,32,2013-10-24 21:50:06.778534,15011
4902523,155,Active,24,15,2013-10-24 21:50:06.785735,15011
4902524,156,Active,24,11,2013-10-24 21:50:06.79194,15011
4902525,157,Active,4,23,2013-10-24 21:50:06.797877,15011
4902526,158,Active,3,16,2013-10-24 21:50:06.805244,15011
4902527,159,Active,15,15,2013-10-24 21:50:06.812041,15011
4902528,160,Active,31,12,2013-10-24 21:50:06.817978,15011
4902529,161,Active,33,14,2013-10-24 21:50:06.826277,15011
4902530,162,Inactive,0,59,2013-10-24 21:50:06.856074,15011
4902531,163,Active,16,23,2013-10-24 21:50:06.866982,15011
4902532,164,Active,29,7,2013-10-24 21:50:06.874446,15011
4902533,165,Active,37,2,2013-10-24 21:50:06.881079,15011
4902534,166,Active,1,30,2013-10-24 21:50:06.887411,15011
4902535,167,Active,8,21,2013-10-24 21:50:06.893187,15011
4902536,168,Active,4,39,2013-10-24 21:50:06.924806,15011
4902537,169,Active,0,39,2013-10-24 21:50:06.934071,15011
4902538,170,Active,20,15,2013-10-24 21:50:06.940654,15011
4902539,171,Active,5,22,2013-10-24 21:50:06.946794,15011
4902540,172,Active,21,10,2013-10-24 21:50:06.95322,15011
4902541,173,Active,3,28,2013-10-24 21:50:06.959733,15011
4902542,174,Active,25,7,2013-10-24 21:50:06.965995,15011
4902543,175,Active,8,23,2013-10-24 21:50:06.973301,15011
4902544,176,Active,11,25,2013-10-24 21:50:06.979619,15011
4902545,177,Active,4,26,2013-10-24 21:50:07.012746,15011
4902546,178,Inactive,0,25,2013-10-24 21:50:07.018864,15011
4902547,179,Active,0,27,2013-10-24 21:50:07.025164,15011
4902548,180,Active,12,19,2013-10-24 21:50:07.031035,15011
4902549,181,Active,0,27,2013-10-24 21:50:07.036705,15011
4902550,182,Active,5,10,2013-10-24 21:50:07.042537,15011
4902551,183,Active,5,36,2013-10-24 21:50:07.04872,15011
4902552,184,Active,14,28,2013-10-24 21:50:07.056004,15011
4902553,185,Active,21,10,2013-10-24 21:50:07.091082,15011
4902554,186,Active,35,4,2013-10-24 21:50:07.098698,15011
4902555,187,Active,11,29,2013-10-24 21:50:07.10423,15011
4902556,188,Active,6,28,2013-10-24 21:50:07.110527,15011
4902557,189,Active,0,43,2013-10-24 21:50:07.116788,15011
4902558,190,Active,9,14,2013-10-24 21:50:07.125945,15011
4902559,191,Active,4,15,2013-10-24 21:50:07.132556,15011
4902560,192,Active,9,26,2013-10-24 21:50:07.138441,15011
4902561,193,Active,3,20,2013-10-24 21:50:07.17023,15011
4902562,194,Active,9,20,2013-10-24 21:50:07.177131,15011
4902563,195,Active,12,12,2013-10-24 21:50:07.184278,15011
4902564,196,Active,21,21,2013-10-24 21:50:07.192515,15011
4902565,197,Active,2,29,2013-10-24 21:50:07.199187,15011
4902566,198,Active,8,39,2013-10-24 21:50:07.205994,15011
4902567,199,Active,21,2,2013-10-24 21:50:07.213558,15011
4902568,200,Active,4,19,2013-10-24 21:50:07.247655,15011
4902569,201,Active,0,23,2013-10-24 21:50:07.254487,15011
4902570,202,Active,2,17,2013-10-24 21:50:07.261311,15011
4902571,203,Active,3,52,2013-10-24 21:50:07.267348,15011
4902572,204,Active,3,36,2013-10-24 21:50:07.273198,15011
4902573,205,Active,18,13,2013-10-24 21:50:07.278744,15011
4902574,206,Active,48,11,2013-10-24 21:50:07.284798,15011
4902575,207,Active,7,24,2013-10-24 21:50:07.319636,15011
4902576,208,Active,23,4,2013-10-24 21:50:07.328601,15011
4902577,209,Active,14,16,2013-10-24 21:50:07.33512,15011
4902578,210,Active,11,20,2013-10-24 21:50:07.342096,15011
4902579,211,Active,15,24,2013-10-24 21:50:07.349242,15011
4902580,212,Active,22,5,2013-10-24 21:50:07.359064,15011
4902581,213,Active,7,40,2013-10-24 21:50:07.365529,15011
4902582,214,Active,1,26,2013-10-24 21:50:07.372453,15011
4902583,215,Active,1,26,2013-10-24 21:50:07.405378,15011
4902584,216,Active,14,13,2013-10-24 21:50:07.412473,15011
4902585,217,Active,15,24,2013-10-24 21:50:07.418861,15011
4902586,218,Active,1,31,2013-10-24 21:50:07.425245,15011
4902587,219,Active,6,27,2013-10-24 21:50:07.43272,15011
4902588,220,Active,9,42,2013-10-24 21:50:07.439913,15011
4902589,221,Active,0,23,2013-10-24 21:50:07.447276,15011
4902590,222,Active,8,44,2013-10-24 21:50:07.481003,15011
4902591,223,Active,9,27,2013-10-24 21:50:07.486951,15011
4902592,224,Active,4,35,2013-10-24 21:50:07.517433,15011
4902593,225,Active,7,24,2013-10-24 21:50:07.525131,15011
4902594,226,Active,8,23,2013-10-24 21:50:07.558853,15011
4902595,227,Active,0,31,2013-10-24 21:50:07.565466,15011
4902596,228,Active,5,54,2013-10-24 21:50:07.571098,15011
4902597,229,Active,14,25,2013-10-24 21:50:07.577705,15011
4902598,230,Active,3,32,2013-10-24 21:50:07.583231,15011
4902599,231,Active,0,39,2013-10-24 21:50:07.59041,15011
4902600,232,Active,0,35,2013-10-24 21:50:07.597911,15011
4902601,233,Active,2,57,2013-10-24 21:50:07.60368,15011
4902602,234,Active,0,31,2013-10-24 21:50:07.63942,15011
4902603,235,Active,5,16,2013-10-24 21:50:07.645694,15011
4902604,236,Active,9,14,2013-10-24 21:50:07.650868,15011
4902605,237,Inactive,0,39,2013-10-24 21:50:07.656615,15011
4902606,238,Active,28,19,2013-10-24 21:50:07.662238,15011
4902607,239,Active,11,14,2013-10-24 21:50:07.667922,15011
4902608,240,Active,11,48,2013-10-24 21:50:07.673553,15011
4902609,241,Active,3,36,2013-10-24 21:50:07.679036,15011
4902610,242,Active,1,34,2013-10-24 21:50:07.713171,15011
4902611,243,Active,21,13,2013-10-24 21:50:07.719251,15011
4902612,244,Active,0,59,2013-10-24 21:50:07.724509,15011
4902613,245,Active,0,57,2013-10-24 21:50:07.733969,15011
4902614,246,Active,13,24,2013-10-24 21:50:07.73934,15011
4902615,247,Active,1,26,2013-10-24 21:50:07.744597,15011
4902616,248,Active,0,41,2013-10-24 21:50:07.750387,15011
4902617,249,Active,4,38,2013-10-24 21:50:07.755668,15011
4902618,250,Active,0,47,2013-10-24 21:50:07.788462,15011
4902619,251,Active,0,37,2013-10-24 21:50:07.794443,15011
4902620,252,Inactive,0,44,2013-10-24 21:50:07.801011,15011
4902621,253,Active,42,17,2013-10-24 21:50:07.808309,15011
4902622,254,Active,22,9,2013-10-24 21:50:07.814423,15011
4902623,255,Active,16,15,2013-10-24 21:50:07.820966,15011
4902624,256,Active,4,23,2013-10-24 21:50:07.826319,15011
4902625,257,Active,3,22,2013-10-24 21:50:07.832086,15011
4902626,258,Active,23,16,2013-10-24 21:50:07.863706,15011
4902627,259,Active,12,23,2013-10-24 21:50:07.870202,15011
4902628,260,Active,0,44,2013-10-24 21:50:07.876105,15011
4902629,261,Active,0,39,2013-10-24 21:50:07.882341,15011
4902630,262,Active,1,38,2013-10-24 21:50:07.890506,15011
4902631,263,Active,14,22,2013-10-24 21:50:07.897104,15011
4902632,264,Active,38,3,2013-10-24 21:50:07.903268,15011
4902633,265,Active,15,22,2013-10-24 21:50:07.935232,15011
4902634,266,Active,21,38,2013-10-24 21:50:07.941991,15011
4902635,267,Active,0,53,2013-10-24 21:50:07.94789,15011
4902636,268,Active,45,4,2013-10-24 21:50:07.953918,15011
4902637,269,Active,1,33,2013-10-24 21:50:07.959508,15011
4902638,270,Active,16,19,2013-10-24 21:50:07.964806,15011
4902639,271,Active,15,10,2013-10-24 21:50:07.970391,15011
4902640,272,Inactive,0,35,2013-10-24 21:50:07.976015,15011
4902641,273,Active,26,33,2013-10-24 21:50:07.981686,15011
4902642,274,Active,14,16,2013-10-24 21:50:08.013761,15011
4902643,275,Active,7,29,2013-10-24 21:50:08.019389,15011
4902644,276,Active,1,51,2013-10-24 21:50:08.02536,15011
4902645,277,Active,32,11,2013-10-24 21:50:08.03113,15011
4902646,330,Active,11,19,2013-10-24 21:50:08.036808,15011
4902647,278,Inactive,0,27,2013-10-24 21:50:08.042838,15011
4902648,279,Active,5,40,2013-10-24 21:50:08.073815,15011
4902649,280,Active,30,6,2013-10-24 21:50:08.09204,15011
4902650,281,Active,11,36,2013-10-24 21:50:08.097727,15011
4902651,282,Active,3,21,2013-10-24 21:50:08.103215,15011
4902652,283,Active,21,15,2013-10-24 21:50:08.109775,15011
4902653,284,Active,1,50,2013-10-24 21:50:08.115546,15011
4902654,285,Active,9,24,2013-10-24 21:50:08.121163,15011
4902655,286,Active,15,12,2013-10-24 21:50:08.126857,15011
4902656,287,Active,3,24,2013-10-24 21:50:08.132667,15011
4902657,288,Active,27,26,2013-10-24 21:50:08.166326,15011
4902658,289,Active,25,10,2013-10-24 21:50:08.172374,15011
4902659,290,Active,2,29,2013-10-24 21:50:08.178102,15011
4902660,291,Active,1,58,2013-10-24 21:50:08.184164,15011
4902661,292,Active,3,36,2013-10-24 21:50:08.190673,15011
4902662,293,Active,28,33,2013-10-24 21:50:08.196659,15011
4902663,294,Active,0,39,2013-10-24 21:50:08.20261,15011
4902664,295,Active,63,4,2013-10-24 21:50:08.209658,15011
4902665,296,Active,2,49,2013-10-24 21:50:08.241357,15011
4902666,297,Active,18,33,2013-10-24 21:50:08.248349,15011
4902667,298,Active,0,57,2013-10-24 21:50:08.254348,15011
4902668,299,Active,0,39,2013-10-24 21:50:08.259572,15011
4902669,300,Active,6,37,2013-10-24 21:50:08.26507,15011
4902670,301,Inactive,0,7,2013-10-24 21:50:08.271751,15011
4902671,302,Active,9,30,2013-10-24 21:50:08.278235,15011
4902672,303,Active,29,12,2013-10-24 21:50:08.283679,15011
4902673,304,Active,3,33,2013-10-24 21:50:08.316644,15011
4902674,305,Active,13,26,2013-10-24 21:50:08.325853,15011
4902675,306,Active,4,39,2013-10-24 21:50:08.331308,15011
4902676,307,Active,0,48,2013-10-24 21:50:08.336547,15011
4902677,308,Active,3,28,2013-10-24 21:50:08.341578,15011
4902678,309,Active,1,28,2013-10-24 21:50:08.347175,15011
4902679,310,Active,10,29,2013-10-24 21:50:08.353544,15011
4902680,311,Active,1,38,2013-10-24 21:50:08.358942,15011
4902681,312,Active,20,11,2013-10-24 21:50:08.394729,15011
4902682,313,Active,6,33,2013-10-24 21:50:08.402279,15011
4902683,314,Active,20,7,2013-10-24 21:50:08.408884,15011
4902684,315,Active,7,31,2013-10-24 21:50:08.414463,15011
4902685,316,Active,25,5,2013-10-24 21:50:08.420448,15011
4902686,317,Active,0,15,2013-10-24 21:50:08.426991,15011
4902687,318,Active,19,8,2013-10-24 21:50:08.432339,15011
4902688,319,Active,9,21,2013-10-24 21:50:08.438189,15011
4902689,320,Active,19,17,2013-10-24 21:50:08.469338,15011
4902690,321,Active,9,3,2013-10-24 21:50:08.476104,15011
4902691,322,Active,12,37,2013-10-24 21:50:08.482761,15011
4902692,332,Active,7,17,2013-10-24 21:50:08.488923,15011
4902693,327,Active,10,22,2013-10-24 21:50:08.494845,15011
4902694,328,Active,28,11,2013-10-24 21:50:08.50127,15011
4902695,331,Active,1,35,2013-10-24 21:50:08.507334,15011
4902696,323,Active,2,37,2013-10-24 21:50:08.513506,15011
4902697,324,Active,20,23,2013-10-24 21:50:08.547037,15011
4902698,329,Active,10,23,2013-10-24 21:50:08.552613,15011
4902699,325,Active,5,31,2013-10-24 21:50:08.558364,15011
4902700,326,Active,3,22,2013-10-24 21:50:08.564487,15011
4902701,1,Active,21,18,2013-10-24 22:00:05.459641,15012
4902702,2,Active,27,6,2013-10-24 22:00:05.46821,15012
4902703,3,Active,10,16,2013-10-24 22:00:05.473685,15012
4902704,4,Active,5,57,2013-10-24 22:00:05.478202,15012
4902705,5,Active,0,39,2013-10-24 22:00:05.482895,15012
4902706,6,Active,14,5,2013-10-24 22:00:05.487902,15012
4902707,7,Active,2,17,2013-10-24 22:00:05.492535,15012
4902708,8,Active,15,16,2013-10-24 22:00:05.498023,15012
4902709,9,Active,27,3,2013-10-24 22:00:05.502572,15012
4902710,10,Active,1,45,2013-10-24 22:00:05.507105,15012
4902711,11,Active,0,24,2013-10-24 22:00:05.511445,15012
4902712,12,Active,10,9,2013-10-24 22:00:05.515866,15012
4902713,13,Active,15,24,2013-10-24 22:00:05.520337,15012
4902714,14,Active,21,12,2013-10-24 22:00:05.524759,15012
4902715,15,Active,8,23,2013-10-24 22:00:05.529198,15012
4902716,16,Active,4,29,2013-10-24 22:00:05.533819,15012
4902717,17,Active,11,18,2013-10-24 22:00:05.538401,15012
4902718,18,Active,0,55,2013-10-24 22:00:05.543409,15012
4902719,19,Active,10,13,2013-10-24 22:00:05.547907,15012
4902720,20,Active,5,21,2013-10-24 22:00:05.552465,15012
4902721,21,Active,23,12,2013-10-24 22:00:05.556982,15012
4902722,22,Active,11,36,2013-10-24 22:00:05.562242,15012
4902723,23,Active,1,44,2013-10-24 22:00:05.567932,15012
4902724,24,Active,5,42,2013-10-24 22:00:05.573875,15012
4902725,25,Active,2,49,2013-10-24 22:00:05.579149,15012
4902726,26,Active,0,30,2013-10-24 22:00:05.583561,15012
4902727,27,Active,0,45,2013-10-24 22:00:05.587946,15012
4902728,28,Active,12,16,2013-10-24 22:00:05.593346,15012
4902729,29,Active,4,19,2013-10-24 22:00:05.598221,15012
4902730,30,Active,18,21,2013-10-24 22:00:05.606856,15012
4902731,31,Active,9,29,2013-10-24 22:00:05.611523,15012
4902732,32,Active,12,21,2013-10-24 22:00:05.616843,15012
4902733,33,Active,10,21,2013-10-24 22:00:05.621413,15012
4902734,34,Active,15,22,2013-10-24 22:00:05.625807,15012
4902735,35,Active,18,37,2013-10-24 22:00:05.630715,15012
4902736,36,Active,21,6,2013-10-24 22:00:05.635242,15012
4902737,37,Active,0,23,2013-10-24 22:00:05.640085,15012
4902738,38,Active,10,29,2013-10-24 22:00:05.645235,15012
4902739,39,Active,13,26,2013-10-24 22:00:05.649655,15012
4902740,40,Active,16,23,2013-10-24 22:00:05.653982,15012
4902741,41,Active,23,8,2013-10-24 22:00:05.658684,15012
4902742,42,Active,15,16,2013-10-24 22:00:05.665519,15012
4902743,43,Active,2,21,2013-10-24 22:00:05.670096,15012
4902744,44,Active,2,21,2013-10-24 22:00:05.674532,15012
4902745,45,Active,35,4,2013-10-24 22:00:05.678925,15012
4902746,46,Active,0,31,2013-10-24 22:00:05.68335,15012
4902747,47,Active,2,21,2013-10-24 22:00:05.688539,15012
4902748,48,Active,10,10,2013-10-24 22:00:05.692848,15012
4902749,49,Active,16,7,2013-10-24 22:00:05.69776,15012
4902750,50,Active,20,7,2013-10-24 22:00:05.702401,15012
4902751,51,Active,11,29,2013-10-24 22:00:05.706769,15012
4902752,52,Active,25,2,2013-10-24 22:00:05.711237,15012
4902753,53,Active,9,24,2013-10-24 22:00:05.718267,15012
4902754,54,Active,4,43,2013-10-24 22:00:05.722778,15012
4902755,55,Active,18,13,2013-10-24 22:00:05.727395,15012
4902756,56,Active,32,7,2013-10-24 22:00:05.757596,15012
4902757,57,Active,0,23,2013-10-24 22:00:05.763089,15012
4902758,58,Active,25,14,2013-10-24 22:00:05.769122,15012
4902759,59,Active,6,29,2013-10-24 22:00:05.774607,15012
4902760,60,Active,11,16,2013-10-24 22:00:05.780398,15012
4902761,61,Active,4,20,2013-10-24 22:00:05.786407,15012
4902762,62,Active,25,6,2013-10-24 22:00:05.791858,15012
4902763,63,Active,3,24,2013-10-24 22:00:05.797323,15012
4902764,64,Active,0,35,2013-10-24 22:00:05.80333,15012
4902765,65,Active,1,23,2013-10-24 22:00:05.809136,15012
4902766,66,Active,13,44,2013-10-24 22:00:05.815183,15012
4902767,67,Active,8,19,2013-10-24 22:00:05.821263,15012
4902768,68,Active,8,15,2013-10-24 22:00:05.826735,15012
4902769,69,Active,14,25,2013-10-24 22:00:05.835413,15012
4902770,70,Active,8,23,2013-10-24 22:00:05.841779,15012
4902771,71,Active,4,15,2013-10-24 22:00:05.847877,15012
4902772,72,Active,15,9,2013-10-24 22:00:05.854125,15012
4902773,73,Active,4,15,2013-10-24 22:00:05.863487,15012
4902774,74,Active,19,0,2013-10-24 22:00:05.869157,15012
4902775,75,Active,1,30,2013-10-24 22:00:05.87456,15012
4902776,76,Active,10,49,2013-10-24 22:00:05.879986,15012
4902777,77,Active,6,21,2013-10-24 22:00:05.885686,15012
4902778,78,Active,23,20,2013-10-24 22:00:05.891522,15012
4902779,79,Active,10,37,2013-10-24 22:00:05.896437,15012
4902780,80,Active,1,18,2013-10-24 22:00:05.902206,15012
4902781,81,Active,8,21,2013-10-24 22:00:05.908129,15012
4902782,82,Active,6,14,2013-10-24 22:00:05.91513,15012
4902783,83,Active,6,49,2013-10-24 22:00:05.921301,15012
4902784,84,Active,6,25,2013-10-24 22:00:05.927363,15012
4902785,85,Active,8,16,2013-10-24 22:00:05.932815,15012
4902786,86,Active,31,4,2013-10-24 22:00:05.938378,15012
4902787,87,Active,10,17,2013-10-24 22:00:05.94402,15012
4902788,88,Active,26,9,2013-10-24 22:00:05.949809,15012
4902789,89,Active,1,54,2013-10-24 22:00:05.955725,15012
4902790,90,Active,16,21,2013-10-24 22:00:05.961719,15012
4902791,91,Active,13,10,2013-10-24 22:00:05.968086,15012
4902792,92,Active,24,7,2013-10-24 22:00:05.974349,15012
4902793,93,Active,21,15,2013-10-24 22:00:05.979777,15012
4902794,94,Active,2,31,2013-10-24 22:00:05.985549,15012
4902795,95,Active,28,9,2013-10-24 22:00:05.991058,15012
4902796,96,Active,2,29,2013-10-24 22:00:05.999395,15012
4902797,97,Active,12,15,2013-10-24 22:00:06.004782,15012
4902798,98,Active,3,38,2013-10-24 22:00:06.010374,15012
4902799,99,Active,10,25,2013-10-24 22:00:06.015986,15012
4902800,100,Active,5,25,2013-10-24 22:00:06.021789,15012
4902801,101,Active,5,26,2013-10-24 22:00:06.026952,15012
4902802,102,Active,4,19,2013-10-24 22:00:06.032018,15012
4902803,103,Active,0,39,2013-10-24 22:00:06.03716,15012
4902804,104,Active,24,5,2013-10-24 22:00:06.042336,15012
4902805,105,Active,7,36,2013-10-24 22:00:06.047796,15012
4902806,106,Active,14,13,2013-10-24 22:00:06.053039,15012
4902807,107,Active,2,29,2013-10-24 22:00:06.058215,15012
4902808,108,Active,1,34,2013-10-24 22:00:06.063496,15012
4902809,109,Active,9,30,2013-10-24 22:00:06.068649,15012
4902810,110,Active,2,25,2013-10-24 22:00:06.073407,15012
4902811,111,Active,7,24,2013-10-24 22:00:06.07798,15012
4902812,112,Active,24,15,2013-10-24 22:00:06.105182,15012
4902813,113,Active,44,7,2013-10-24 22:00:06.111407,15012
4902814,114,Active,14,21,2013-10-24 22:00:06.117312,15012
4902815,115,Active,2,25,2013-10-24 22:00:06.122858,15012
4902816,116,Active,6,33,2013-10-24 22:00:06.128425,15012
4902817,117,Active,7,16,2013-10-24 22:00:06.134073,15012
4902818,118,Active,0,31,2013-10-24 22:00:06.143071,15012
4902819,119,Active,21,18,2013-10-24 22:00:06.14857,15012
4902820,120,Active,6,21,2013-10-24 22:00:06.154093,15012
4902821,121,Active,2,22,2013-10-24 22:00:06.159815,15012
4902822,122,Active,22,9,2013-10-24 22:00:06.165462,15012
4902823,123,Active,9,18,2013-10-24 22:00:06.171331,15012
4902824,124,Active,19,17,2013-10-24 22:00:06.176209,15012
4902825,125,Active,1,36,2013-10-24 22:00:06.182006,15012
4902826,126,Active,1,23,2013-10-24 22:00:06.187723,15012
4902827,127,Active,6,21,2013-10-24 22:00:06.19503,15012
4902828,128,Active,4,15,2013-10-24 22:00:06.200229,15012
4902829,129,Active,7,22,2013-10-24 22:00:06.205319,15012
4902830,130,Active,15,8,2013-10-24 22:00:06.210498,15012
4902831,131,Active,1,22,2013-10-24 22:00:06.215909,15012
4902832,132,Active,5,30,2013-10-24 22:00:06.221293,15012
4902833,133,Active,16,11,2013-10-24 22:00:06.226852,15012
4902834,134,Active,13,22,2013-10-24 22:00:06.232321,15012
4902835,135,Active,40,2,2013-10-24 22:00:06.237701,15012
4902836,136,Active,2,21,2013-10-24 22:00:06.243267,15012
4902837,137,Active,13,15,2013-10-24 22:00:06.2493,15012
4902838,138,Active,23,16,2013-10-24 22:00:06.254964,15012
4902839,139,Active,2,34,2013-10-24 22:00:06.260889,15012
4902840,140,Active,4,23,2013-10-24 22:00:06.266515,15012
4902841,141,Active,5,26,2013-10-24 22:00:06.272296,15012
4902842,142,Active,4,39,2013-10-24 22:00:06.279706,15012
4902843,143,Active,10,13,2013-10-24 22:00:06.285157,15012
4902844,144,Active,1,26,2013-10-24 22:00:06.290517,15012
4902845,145,Active,33,3,2013-10-24 22:00:06.295772,15012
4902846,146,Active,1,54,2013-10-24 22:00:06.301,15012
4902847,147,Active,3,36,2013-10-24 22:00:06.306753,15012
4902848,148,Active,1,42,2013-10-24 22:00:06.3122,15012
4902849,149,Active,1,56,2013-10-24 22:00:06.318658,15012
4902850,150,Active,4,44,2013-10-24 22:00:06.323803,15012
4902851,151,Active,2,25,2013-10-24 22:00:06.330076,15012
4902852,152,Active,5,26,2013-10-24 22:00:06.335962,15012
4902853,153,Active,9,24,2013-10-24 22:00:06.341473,15012
4902854,154,Active,0,34,2013-10-24 22:00:06.347123,15012
4902855,155,Active,23,16,2013-10-24 22:00:06.353631,15012
4902856,156,Active,24,11,2013-10-24 22:00:06.359387,15012
4902857,157,Active,4,23,2013-10-24 22:00:06.365235,15012
4902858,158,Active,2,17,2013-10-24 22:00:06.370851,15012
4902859,159,Active,13,17,2013-10-24 22:00:06.376853,15012
4902860,160,Active,31,12,2013-10-24 22:00:06.382759,15012
4902861,161,Active,32,15,2013-10-24 22:00:06.388923,15012
4902862,162,Inactive,0,59,2013-10-24 22:00:06.3942,15012
4902863,163,Active,19,20,2013-10-24 22:00:06.40036,15012
4902864,164,Active,30,6,2013-10-24 22:00:06.406407,15012
4902865,165,Active,37,2,2013-10-24 22:00:06.411736,15012
4902866,166,Active,1,30,2013-10-24 22:00:06.417921,15012
4902867,167,Active,13,16,2013-10-24 22:00:06.423406,15012
4902868,168,Active,0,43,2013-10-24 22:00:06.453386,15012
4902869,169,Active,0,39,2013-10-24 22:00:06.463578,15012
4902870,170,Active,12,23,2013-10-24 22:00:06.469508,15012
4902871,171,Active,6,21,2013-10-24 22:00:06.475117,15012
4902872,172,Active,23,8,2013-10-24 22:00:06.480989,15012
4902873,173,Active,3,28,2013-10-24 22:00:06.486655,15012
4902874,174,Active,25,7,2013-10-24 22:00:06.491999,15012
4902875,175,Active,10,21,2013-10-24 22:00:06.497303,15012
4902876,176,Active,16,20,2013-10-24 22:00:06.502619,15012
4902877,177,Active,4,26,2013-10-24 22:00:06.508316,15012
4902878,178,Inactive,0,25,2013-10-24 22:00:06.5137,15012
4902879,179,Active,0,27,2013-10-24 22:00:06.519164,15012
4902880,180,Active,13,18,2013-10-24 22:00:06.524238,15012
4902881,181,Active,0,27,2013-10-24 22:00:06.529932,15012
4902882,182,Active,4,11,2013-10-24 22:00:06.539134,15012
4902883,183,Active,3,38,2013-10-24 22:00:06.545278,15012
4902884,184,Active,9,33,2013-10-24 22:00:06.550679,15012
4902885,185,Active,24,7,2013-10-24 22:00:06.55633,15012
4902886,186,Active,35,4,2013-10-24 22:00:06.562227,15012
4902887,187,Active,14,26,2013-10-24 22:00:06.567898,15012
4902888,188,Active,6,28,2013-10-24 22:00:06.573904,15012
4902889,189,Active,0,43,2013-10-24 22:00:06.579645,15012
4902890,190,Active,10,13,2013-10-24 22:00:06.585438,15012
4902891,191,Active,4,15,2013-10-24 22:00:06.591071,15012
4902892,192,Active,10,25,2013-10-24 22:00:06.596863,15012
4902893,193,Active,3,20,2013-10-24 22:00:06.603199,15012
4902894,194,Active,10,19,2013-10-24 22:00:06.608794,15012
4902895,195,Active,9,15,2013-10-24 22:00:06.613958,15012
4902896,196,Active,14,28,2013-10-24 22:00:06.619617,15012
4902897,197,Active,2,29,2013-10-24 22:00:06.625045,15012
4902898,198,Active,8,39,2013-10-24 22:00:06.630552,15012
4902899,199,Active,21,2,2013-10-24 22:00:06.636447,15012
4902900,200,Active,4,19,2013-10-24 22:00:06.641754,15012
4902901,201,Active,0,23,2013-10-24 22:00:06.646959,15012
4902902,202,Active,2,17,2013-10-24 22:00:06.652369,15012
4902903,203,Active,4,51,2013-10-24 22:00:06.657565,15012
4902904,204,Active,2,37,2013-10-24 22:00:06.665276,15012
4902905,205,Active,18,13,2013-10-24 22:00:06.670726,15012
4902906,206,Active,44,15,2013-10-24 22:00:06.675873,15012
4902907,207,Active,10,21,2013-10-24 22:00:06.681602,15012
4902908,208,Active,24,3,2013-10-24 22:00:06.687118,15012
4902909,209,Active,14,16,2013-10-24 22:00:06.692261,15012
4902910,210,Active,13,18,2013-10-24 22:00:06.697739,15012
4902911,211,Active,17,22,2013-10-24 22:00:06.702963,15012
4902912,212,Active,22,5,2013-10-24 22:00:06.708286,15012
4902913,213,Active,1,46,2013-10-24 22:00:06.713516,15012
4902914,214,Active,2,25,2013-10-24 22:00:06.718716,15012
4902915,215,Active,1,26,2013-10-24 22:00:06.723966,15012
4902916,216,Active,16,11,2013-10-24 22:00:06.72938,15012
4902917,217,Active,16,23,2013-10-24 22:00:06.734624,15012
4902918,218,Active,2,30,2013-10-24 22:00:06.739963,15012
4902919,219,Active,5,28,2013-10-24 22:00:06.745252,15012
4902920,220,Active,5,46,2013-10-24 22:00:06.750699,15012
4902921,221,Active,1,22,2013-10-24 22:00:06.756493,15012
4902922,222,Active,6,46,2013-10-24 22:00:06.762107,15012
4902923,223,Active,10,26,2013-10-24 22:00:06.76788,15012
4902924,224,Active,4,35,2013-10-24 22:00:06.795679,15012
4902925,225,Active,6,25,2013-10-24 22:00:06.801205,15012
4902926,226,Active,8,23,2013-10-24 22:00:06.806762,15012
4902927,227,Active,0,31,2013-10-24 22:00:06.815346,15012
4902928,228,Active,4,55,2013-10-24 22:00:06.820628,15012
4902929,229,Active,16,23,2013-10-24 22:00:06.825811,15012
4902930,230,Active,4,31,2013-10-24 22:00:06.831005,15012
4902931,231,Active,0,39,2013-10-24 22:00:06.836226,15012
4902932,232,Active,1,34,2013-10-24 22:00:06.84131,15012
4902933,233,Active,0,59,2013-10-24 22:00:06.846831,15012
4902934,234,Active,1,30,2013-10-24 22:00:06.852036,15012
4902935,235,Active,4,17,2013-10-24 22:00:06.857167,15012
4902936,236,Active,11,12,2013-10-24 22:00:06.862381,15012
4902937,237,Inactive,0,39,2013-10-24 22:00:06.867656,15012
4902938,238,Active,27,20,2013-10-24 22:00:06.872863,15012
4902939,239,Active,9,16,2013-10-24 22:00:06.87805,15012
4902940,240,Active,9,50,2013-10-24 22:00:06.883726,15012
4902941,241,Active,6,33,2013-10-24 22:00:06.889073,15012
4902942,242,Active,0,35,2013-10-24 22:00:06.895058,15012
4902943,243,Active,22,12,2013-10-24 22:00:06.900981,15012
4902944,244,Active,0,59,2013-10-24 22:00:06.906639,15012
4902945,245,Active,1,56,2013-10-24 22:00:06.912835,15012
4902946,246,Active,9,28,2013-10-24 22:00:06.918303,15012
4902947,247,Active,1,26,2013-10-24 22:00:06.923501,15012
4902948,248,Active,1,40,2013-10-24 22:00:06.929335,15012
4902949,249,Active,4,38,2013-10-24 22:00:06.935171,15012
4902950,250,Active,0,47,2013-10-24 22:00:06.940449,15012
4902951,251,Active,1,36,2013-10-24 22:00:06.945888,15012
4902952,252,Inactive,0,44,2013-10-24 22:00:06.951683,15012
4902953,253,Active,45,14,2013-10-24 22:00:06.957047,15012
4902954,254,Active,28,3,2013-10-24 22:00:06.963122,15012
4902955,255,Active,12,19,2013-10-24 22:00:06.968513,15012
4902956,256,Active,6,21,2013-10-24 22:00:06.974559,15012
4902957,257,Active,3,22,2013-10-24 22:00:06.979968,15012
4902958,258,Active,27,12,2013-10-24 22:00:06.985111,15012
4902959,259,Active,15,20,2013-10-24 22:00:06.990308,15012
4902960,260,Active,1,43,2013-10-24 22:00:06.995474,15012
4902961,261,Active,1,38,2013-10-24 22:00:07.000861,15012
4902962,262,Active,1,38,2013-10-24 22:00:07.006115,15012
4902963,263,Active,17,19,2013-10-24 22:00:07.012538,15012
4902964,264,Active,37,4,2013-10-24 22:00:07.018308,15012
4902965,265,Active,11,26,2013-10-24 22:00:07.023973,15012
4902966,266,Active,19,40,2013-10-24 22:00:07.029131,15012
4902967,267,Active,1,52,2013-10-24 22:00:07.034584,15012
4902968,268,Active,46,3,2013-10-24 22:00:07.03981,15012
4902969,269,Active,1,33,2013-10-24 22:00:07.045018,15012
4902970,270,Active,15,20,2013-10-24 22:00:07.051009,15012
4902971,271,Active,16,9,2013-10-24 22:00:07.059109,15012
4902972,272,Inactive,0,35,2013-10-24 22:00:07.064576,15012
4902973,273,Active,26,33,2013-10-24 22:00:07.06996,15012
4902974,274,Active,16,14,2013-10-24 22:00:07.07537,15012
4902975,275,Active,10,26,2013-10-24 22:00:07.081008,15012
4902976,276,Active,1,51,2013-10-24 22:00:07.086357,15012
4902977,277,Active,32,11,2013-10-24 22:00:07.092049,15012
4902978,330,Active,12,18,2013-10-24 22:00:07.0975,15012
4902979,278,Inactive,0,27,2013-10-24 22:00:07.107497,15012
4902980,279,Active,8,37,2013-10-24 22:00:07.136483,15012
4902981,280,Active,29,7,2013-10-24 22:00:07.142394,15012
4902982,281,Active,10,37,2013-10-24 22:00:07.148007,15012
4902983,282,Active,0,24,2013-10-24 22:00:07.15364,15012
4902984,283,Active,29,7,2013-10-24 22:00:07.159025,15012
4902985,284,Active,0,51,2013-10-24 22:00:07.164303,15012
4902986,285,Active,10,23,2013-10-24 22:00:07.169762,15012
4902987,286,Active,17,10,2013-10-24 22:00:07.17539,15012
4902988,287,Active,2,25,2013-10-24 22:00:07.181086,15012
4902989,288,Active,25,28,2013-10-24 22:00:07.186577,15012
4902990,289,Active,26,9,2013-10-24 22:00:07.192268,15012
4902991,290,Active,2,29,2013-10-24 22:00:07.19749,15012
4902992,291,Active,2,57,2013-10-24 22:00:07.203171,15012
4902993,292,Active,2,37,2013-10-24 22:00:07.208452,15012
4902994,293,Active,15,46,2013-10-24 22:00:07.213949,15012
4902995,294,Active,0,39,2013-10-24 22:00:07.22023,15012
4902996,295,Active,57,10,2013-10-24 22:00:07.226143,15012
4902997,296,Active,3,48,2013-10-24 22:00:07.231816,15012
4902998,297,Active,24,27,2013-10-24 22:00:07.239099,15012
4902999,298,Active,1,56,2013-10-24 22:00:07.244981,15012
4903000,299,Active,0,39,2013-10-24 22:00:07.250289,15012
4903001,300,Active,1,42,2013-10-24 22:00:07.255798,15012
4903002,301,Inactive,0,7,2013-10-24 22:00:07.261209,15012
4903003,302,Active,14,25,2013-10-24 22:00:07.266779,15012
4903004,303,Active,28,13,2013-10-24 22:00:07.272238,15012
4903005,304,Active,10,26,2013-10-24 22:00:07.278096,15012
4903006,305,Active,12,27,2013-10-24 22:00:07.284016,15012
4903007,306,Active,4,39,2013-10-24 22:00:07.289335,15012
4903008,307,Active,0,48,2013-10-24 22:00:07.294748,15012
4903009,308,Active,3,28,2013-10-24 22:00:07.300303,15012
4903010,309,Active,3,26,2013-10-24 22:00:07.305796,15012
4903011,310,Active,4,35,2013-10-24 22:00:07.312347,15012
4903012,311,Active,0,39,2013-10-24 22:00:07.317777,15012
4903013,312,Active,21,10,2013-10-24 22:00:07.323185,15012
4903014,313,Active,4,35,2013-10-24 22:00:07.329312,15012
4903015,314,Active,17,10,2013-10-24 22:00:07.335056,15012
4903016,315,Active,7,31,2013-10-24 22:00:07.340881,15012
4903017,316,Active,24,6,2013-10-24 22:00:07.346589,15012
4903018,317,Active,0,15,2013-10-24 22:00:07.352331,15012
4903019,318,Active,20,7,2013-10-24 22:00:07.35825,15012
4903020,319,Active,13,17,2013-10-24 22:00:07.365314,15012
4903021,320,Active,20,16,2013-10-24 22:00:07.371115,15012
4903022,321,Active,9,3,2013-10-24 22:00:07.376485,15012
4903023,322,Active,13,36,2013-10-24 22:00:07.381681,15012
4903024,332,Active,8,16,2013-10-24 22:00:07.387375,15012
4903025,327,Active,15,17,2013-10-24 22:00:07.392789,15012
4903026,328,Active,26,13,2013-10-24 22:00:07.397912,15012
4903027,331,Active,0,36,2013-10-24 22:00:07.403615,15012
4903028,323,Active,1,38,2013-10-24 22:00:07.409079,15012
4903029,324,Active,20,23,2013-10-24 22:00:07.415063,15012
4903030,329,Active,10,23,2013-10-24 22:00:07.420782,15012
4903031,325,Active,4,32,2013-10-24 22:00:07.426469,15012
4903032,326,Active,5,20,2013-10-24 22:00:07.431939,15012
4903033,1,Active,22,17,2013-10-24 22:10:05.293056,15013
4903034,2,Active,27,6,2013-10-24 22:10:05.301371,15013
4903035,3,Active,10,16,2013-10-24 22:10:05.306334,15013
4903036,4,Active,3,59,2013-10-24 22:10:05.310747,15013
4903037,5,Active,2,37,2013-10-24 22:10:05.315081,15013
4903038,6,Active,13,6,2013-10-24 22:10:05.319903,15013
4903039,7,Active,2,17,2013-10-24 22:10:05.324338,15013
4903040,8,Active,17,14,2013-10-24 22:10:05.328889,15013
4903041,9,Active,27,3,2013-10-24 22:10:05.333377,15013
4903042,10,Active,0,46,2013-10-24 22:10:05.33779,15013
4903043,11,Active,1,23,2013-10-24 22:10:05.342353,15013
4903044,12,Active,10,9,2013-10-24 22:10:05.346839,15013
4903045,13,Active,13,26,2013-10-24 22:10:05.351315,15013
4903046,14,Active,17,16,2013-10-24 22:10:05.355729,15013
4903047,15,Active,11,20,2013-10-24 22:10:05.360101,15013
4903048,16,Active,1,32,2013-10-24 22:10:05.368411,15013
4903049,17,Active,7,22,2013-10-24 22:10:05.37298,15013
4903050,18,Active,0,55,2013-10-24 22:10:05.3779,15013
4903051,19,Active,12,11,2013-10-24 22:10:05.382586,15013
4903052,20,Active,4,22,2013-10-24 22:10:05.387648,15013
4903053,21,Active,26,9,2013-10-24 22:10:05.392216,15013
4903054,22,Active,4,43,2013-10-24 22:10:05.396659,15013
4903055,23,Active,1,44,2013-10-24 22:10:05.401205,15013
4903056,24,Active,5,42,2013-10-24 22:10:05.405749,15013
4903057,25,Active,0,51,2013-10-24 22:10:05.410238,15013
4903058,26,Active,0,30,2013-10-24 22:10:05.416356,15013
4903059,27,Active,0,45,2013-10-24 22:10:05.421199,15013
4903060,28,Active,10,18,2013-10-24 22:10:05.426363,15013
4903061,29,Active,3,20,2013-10-24 22:10:05.430769,15013
4903062,30,Active,18,21,2013-10-24 22:10:05.435771,15013
4903063,31,Active,9,29,2013-10-24 22:10:05.440427,15013
4903064,32,Active,11,22,2013-10-24 22:10:05.44577,15013
4903065,33,Active,8,23,2013-10-24 22:10:05.450559,15013
4903066,34,Active,14,23,2013-10-24 22:10:05.455897,15013
4903067,35,Active,12,43,2013-10-24 22:10:05.460735,15013
4903068,36,Active,21,6,2013-10-24 22:10:05.466735,15013
4903069,37,Active,0,23,2013-10-24 22:10:05.472262,15013
4903070,38,Active,11,28,2013-10-24 22:10:05.477889,15013
4903071,39,Active,12,27,2013-10-24 22:10:05.482999,15013
4903072,40,Active,16,23,2013-10-24 22:10:05.487727,15013
4903073,41,Active,22,9,2013-10-24 22:10:05.492601,15013
4903074,42,Active,13,18,2013-10-24 22:10:05.497648,15013
4903075,43,Active,2,21,2013-10-24 22:10:05.502169,15013
4903076,44,Active,2,21,2013-10-24 22:10:05.506666,15013
4903077,45,Active,36,3,2013-10-24 22:10:05.511625,15013
4903078,46,Active,0,31,2013-10-24 22:10:05.516567,15013
4903079,47,Active,2,21,2013-10-24 22:10:05.521374,15013
4903080,48,Active,10,10,2013-10-24 22:10:05.526368,15013
4903081,49,Active,17,6,2013-10-24 22:10:05.531316,15013
4903082,50,Active,16,11,2013-10-24 22:10:05.536125,15013
4903083,51,Active,8,32,2013-10-24 22:10:05.541377,15013
4903084,52,Active,23,4,2013-10-24 22:10:05.54628,15013
4903085,53,Active,10,23,2013-10-24 22:10:05.550928,15013
4903086,54,Active,1,46,2013-10-24 22:10:05.556041,15013
4903087,55,Active,19,12,2013-10-24 22:10:05.561004,15013
4903088,56,Active,30,9,2013-10-24 22:10:05.588468,15013
4903089,57,Active,1,22,2013-10-24 22:10:05.594589,15013
4903090,58,Active,20,19,2013-10-24 22:10:05.600221,15013
4903091,59,Active,3,32,2013-10-24 22:10:05.605856,15013
4903092,60,Active,12,15,2013-10-24 22:10:05.61124,15013
4903093,61,Active,4,20,2013-10-24 22:10:05.616821,15013
4903094,62,Active,24,7,2013-10-24 22:10:05.622388,15013
4903095,63,Active,4,23,2013-10-24 22:10:05.627552,15013
4903096,64,Active,3,32,2013-10-24 22:10:05.632665,15013
4903097,65,Active,1,23,2013-10-24 22:10:05.637821,15013
4903098,66,Active,9,48,2013-10-24 22:10:05.642912,15013
4903099,67,Active,7,20,2013-10-24 22:10:05.648091,15013
4903100,68,Active,9,14,2013-10-24 22:10:05.654184,15013
4903101,69,Active,15,24,2013-10-24 22:10:05.660855,15013
4903102,70,Active,8,23,2013-10-24 22:10:05.666259,15013
4903103,71,Active,3,16,2013-10-24 22:10:05.672821,15013
4903104,72,Active,14,10,2013-10-24 22:10:05.678284,15013
4903105,73,Active,4,15,2013-10-24 22:10:05.683875,15013
4903106,74,Active,19,0,2013-10-24 22:10:05.689466,15013
4903107,75,Active,2,29,2013-10-24 22:10:05.695159,15013
4903108,76,Active,5,54,2013-10-24 22:10:05.702307,15013
4903109,77,Active,5,22,2013-10-24 22:10:05.708315,15013
4903110,78,Active,29,14,2013-10-24 22:10:05.714114,15013
4903111,79,Active,11,36,2013-10-24 22:10:05.720109,15013
4903112,80,Active,1,18,2013-10-24 22:10:05.726066,15013
4903113,81,Active,7,22,2013-10-24 22:10:05.731449,15013
4903114,82,Active,6,14,2013-10-24 22:10:05.737343,15013
4903115,83,Active,8,47,2013-10-24 22:10:05.742733,15013
4903116,84,Active,3,28,2013-10-24 22:10:05.748713,15013
4903117,85,Active,9,15,2013-10-24 22:10:05.755193,15013
4903118,86,Active,31,4,2013-10-24 22:10:05.761622,15013
4903119,87,Active,11,16,2013-10-24 22:10:05.767442,15013
4903120,88,Active,25,10,2013-10-24 22:10:05.773018,15013
4903121,89,Active,2,53,2013-10-24 22:10:05.779261,15013
4903122,90,Active,15,22,2013-10-24 22:10:05.785043,15013
4903123,91,Active,13,10,2013-10-24 22:10:05.79118,15013
4903124,92,Active,23,8,2013-10-24 22:10:05.796357,15013
4903125,93,Active,20,16,2013-10-24 22:10:05.804813,15013
4903126,94,Active,3,30,2013-10-24 22:10:05.810773,15013
4903127,95,Active,29,8,2013-10-24 22:10:05.816452,15013
4903128,96,Active,4,27,2013-10-24 22:10:05.822145,15013
4903129,97,Active,11,16,2013-10-24 22:10:05.828283,15013
4903130,98,Active,0,41,2013-10-24 22:10:05.833952,15013
4903131,99,Active,12,23,2013-10-24 22:10:05.839913,15013
4903132,100,Active,3,27,2013-10-24 22:10:05.845082,15013
4903133,101,Active,4,27,2013-10-24 22:10:05.850537,15013
4903134,102,Active,4,19,2013-10-24 22:10:05.856186,15013
4903135,103,Active,1,38,2013-10-24 22:10:05.86181,15013
4903136,104,Active,21,8,2013-10-24 22:10:05.867726,15013
4903137,105,Active,11,32,2013-10-24 22:10:05.873312,15013
4903138,106,Active,15,12,2013-10-24 22:10:05.879185,15013
4903139,107,Active,2,29,2013-10-24 22:10:05.884714,15013
4903140,108,Active,2,33,2013-10-24 22:10:05.890827,15013
4903141,109,Active,6,33,2013-10-24 22:10:05.896908,15013
4903142,110,Active,1,26,2013-10-24 22:10:05.902461,15013
4903143,111,Active,9,22,2013-10-24 22:10:05.907574,15013
4903144,112,Active,24,15,2013-10-24 22:10:05.936821,15013
4903145,113,Active,41,10,2013-10-24 22:10:05.942704,15013
4903146,114,Active,14,21,2013-10-24 22:10:05.948186,15013
4903147,115,Active,2,25,2013-10-24 22:10:05.955184,15013
4903148,116,Active,3,36,2013-10-24 22:10:05.96067,15013
4903149,117,Active,5,18,2013-10-24 22:10:05.969062,15013
4903150,118,Active,0,31,2013-10-24 22:10:05.974811,15013
4903151,119,Active,18,21,2013-10-24 22:10:05.980675,15013
4903152,120,Active,5,22,2013-10-24 22:10:05.985918,15013
4903153,121,Active,4,20,2013-10-24 22:10:05.991076,15013
4903154,122,Active,18,13,2013-10-24 22:10:05.997037,15013
4903155,123,Active,12,15,2013-10-24 22:10:06.002011,15013
4903156,124,Active,17,19,2013-10-24 22:10:06.00787,15013
4903157,125,Active,0,37,2013-10-24 22:10:06.013525,15013
4903158,126,Active,2,22,2013-10-24 22:10:06.018707,15013
4903159,127,Active,6,21,2013-10-24 22:10:06.023815,15013
4903160,128,Active,3,16,2013-10-24 22:10:06.029089,15013
4903161,129,Active,7,22,2013-10-24 22:10:06.034391,15013
4903162,130,Active,15,8,2013-10-24 22:10:06.040157,15013
4903163,131,Active,1,22,2013-10-24 22:10:06.046049,15013
4903164,132,Active,9,26,2013-10-24 22:10:06.051335,15013
4903165,133,Active,18,9,2013-10-24 22:10:06.056376,15013
4903166,134,Active,10,25,2013-10-24 22:10:06.062367,15013
4903167,135,Active,37,5,2013-10-24 22:10:06.06794,15013
4903168,136,Active,3,20,2013-10-24 22:10:06.073364,15013
4903169,137,Active,15,13,2013-10-24 22:10:06.079134,15013
4903170,138,Active,21,18,2013-10-24 22:10:06.085559,15013
4903171,139,Active,0,36,2013-10-24 22:10:06.092923,15013
4903172,140,Active,3,24,2013-10-24 22:10:06.098933,15013
4903173,141,Active,5,26,2013-10-24 22:10:06.105259,15013
4903174,142,Active,5,38,2013-10-24 22:10:06.110921,15013
4903175,143,Active,13,10,2013-10-24 22:10:06.117232,15013
4903176,144,Active,3,24,2013-10-24 22:10:06.122764,15013
4903177,145,Active,32,4,2013-10-24 22:10:06.127994,15013
4903178,146,Active,1,54,2013-10-24 22:10:06.133668,15013
4903179,147,Active,0,39,2013-10-24 22:10:06.139085,15013
4903180,148,Active,0,43,2013-10-24 22:10:06.146144,15013
4903181,149,Active,1,56,2013-10-24 22:10:06.151165,15013
4903182,150,Active,5,43,2013-10-24 22:10:06.156458,15013
4903183,151,Active,4,23,2013-10-24 22:10:06.162979,15013
4903184,152,Active,6,25,2013-10-24 22:10:06.168104,15013
4903185,153,Active,10,23,2013-10-24 22:10:06.173696,15013
4903186,154,Active,1,33,2013-10-24 22:10:06.179038,15013
4903187,155,Active,24,15,2013-10-24 22:10:06.185556,15013
4903188,156,Active,25,10,2013-10-24 22:10:06.190917,15013
4903189,157,Active,5,22,2013-10-24 22:10:06.19617,15013
4903190,158,Active,2,17,2013-10-24 22:10:06.201588,15013
4903191,159,Active,13,17,2013-10-24 22:10:06.206617,15013
4903192,160,Active,29,14,2013-10-24 22:10:06.211938,15013
4903193,161,Active,30,17,2013-10-24 22:10:06.217275,15013
4903194,162,Inactive,0,59,2013-10-24 22:10:06.224505,15013
4903195,163,Active,24,15,2013-10-24 22:10:06.230405,15013
4903196,164,Active,33,3,2013-10-24 22:10:06.236599,15013
4903197,165,Active,37,2,2013-10-24 22:10:06.241933,15013
4903198,166,Active,2,29,2013-10-24 22:10:06.247168,15013
4903199,167,Active,13,16,2013-10-24 22:10:06.252842,15013
4903200,168,Active,0,43,2013-10-24 22:10:06.280369,15013
4903201,169,Active,0,39,2013-10-24 22:10:06.286501,15013
4903202,170,Active,16,19,2013-10-24 22:10:06.291689,15013
4903203,171,Active,8,19,2013-10-24 22:10:06.297151,15013
4903204,172,Active,23,8,2013-10-24 22:10:06.302547,15013
4903205,173,Active,2,29,2013-10-24 22:10:06.307865,15013
4903206,174,Active,25,7,2013-10-24 22:10:06.313372,15013
4903207,175,Active,10,21,2013-10-24 22:10:06.318844,15013
4903208,176,Active,17,19,2013-10-24 22:10:06.324168,15013
4903209,177,Active,5,25,2013-10-24 22:10:06.329433,15013
4903210,178,Inactive,0,25,2013-10-24 22:10:06.335202,15013
4903211,179,Active,0,27,2013-10-24 22:10:06.340268,15013
4903212,180,Active,13,18,2013-10-24 22:10:06.346743,15013
4903213,181,Active,0,27,2013-10-24 22:10:06.352164,15013
4903214,182,Active,6,9,2013-10-24 22:10:06.357624,15013
4903215,183,Active,3,38,2013-10-24 22:10:06.363146,15013
4903216,184,Active,2,40,2013-10-24 22:10:06.368544,15013
4903217,185,Active,12,19,2013-10-24 22:10:06.37484,15013
4903218,186,Active,35,4,2013-10-24 22:10:06.380204,15013
4903219,187,Active,16,24,2013-10-24 22:10:06.385429,15013
4903220,188,Active,5,29,2013-10-24 22:10:06.390835,15013
4903221,189,Active,0,43,2013-10-24 22:10:06.400613,15013
4903222,190,Active,10,13,2013-10-24 22:10:06.405916,15013
4903223,191,Active,4,15,2013-10-24 22:10:06.411382,15013
4903224,192,Active,12,23,2013-10-24 22:10:06.416631,15013
4903225,193,Active,4,19,2013-10-24 22:10:06.421807,15013
4903226,194,Active,8,21,2013-10-24 22:10:06.427147,15013
4903227,195,Active,8,16,2013-10-24 22:10:06.432384,15013
4903228,196,Active,8,34,2013-10-24 22:10:06.437526,15013
4903229,197,Active,2,29,2013-10-24 22:10:06.442831,15013
4903230,198,Active,4,43,2013-10-24 22:10:06.448167,15013
4903231,199,Active,19,4,2013-10-24 22:10:06.453699,15013
4903232,200,Active,5,18,2013-10-24 22:10:06.459194,15013
4903233,201,Active,1,22,2013-10-24 22:10:06.465099,15013
4903234,202,Active,2,17,2013-10-24 22:10:06.470599,15013
4903235,203,Active,5,50,2013-10-24 22:10:06.47578,15013
4903236,204,Active,3,36,2013-10-24 22:10:06.481059,15013
4903237,205,Active,15,16,2013-10-24 22:10:06.486519,15013
4903238,206,Active,43,16,2013-10-24 22:10:06.492043,15013
4903239,207,Active,13,18,2013-10-24 22:10:06.497655,15013
4903240,208,Active,24,3,2013-10-24 22:10:06.503823,15013
4903241,209,Active,14,16,2013-10-24 22:10:06.509258,15013
4903242,210,Active,13,18,2013-10-24 22:10:06.514569,15013
4903243,211,Active,24,15,2013-10-24 22:10:06.520865,15013
4903244,212,Active,22,5,2013-10-24 22:10:06.526612,15013
4903245,213,Active,4,43,2013-10-24 22:10:06.532393,15013
4903246,214,Active,2,25,2013-10-24 22:10:06.537526,15013
4903247,215,Active,10,17,2013-10-24 22:10:06.543079,15013
4903248,216,Active,17,10,2013-10-24 22:10:06.548289,15013
4903249,217,Active,16,23,2013-10-24 22:10:06.553889,15013
4903250,218,Active,1,31,2013-10-24 22:10:06.559227,15013
4903251,219,Active,6,27,2013-10-24 22:10:06.565836,15013
4903252,220,Active,2,49,2013-10-24 22:10:06.571488,15013
4903253,221,Active,1,22,2013-10-24 22:10:06.576615,15013
4903254,222,Active,1,51,2013-10-24 22:10:06.582712,15013
4903255,223,Active,13,23,2013-10-24 22:10:06.58857,15013
4903256,224,Active,7,32,2013-10-24 22:10:06.617633,15013
4903257,225,Active,6,25,2013-10-24 22:10:06.62328,15013
4903258,226,Active,8,23,2013-10-24 22:10:06.629973,15013
4903259,227,Active,1,30,2013-10-24 22:10:06.635465,15013
4903260,228,Active,1,58,2013-10-24 22:10:06.640785,15013
4903261,229,Active,18,21,2013-10-24 22:10:06.646185,15013
4903262,230,Active,3,32,2013-10-24 22:10:06.65149,15013
4903263,231,Active,0,39,2013-10-24 22:10:06.657925,15013
4903264,232,Active,0,35,2013-10-24 22:10:06.663016,15013
4903265,233,Active,1,58,2013-10-24 22:10:06.672802,15013
4903266,234,Active,0,31,2013-10-24 22:10:06.678462,15013
4903267,235,Active,5,16,2013-10-24 22:10:06.684227,15013
4903268,236,Active,10,13,2013-10-24 22:10:06.689859,15013
4903269,237,Inactive,0,39,2013-10-24 22:10:06.69547,15013
4903270,238,Active,29,18,2013-10-24 22:10:06.701261,15013
4903271,239,Active,8,17,2013-10-24 22:10:06.7071,15013
4903272,240,Active,6,53,2013-10-24 22:10:06.712466,15013
4903273,241,Active,2,37,2013-10-24 22:10:06.71777,15013
4903274,242,Active,0,35,2013-10-24 22:10:06.722825,15013
4903275,243,Active,22,12,2013-10-24 22:10:06.727894,15013
4903276,244,Active,0,59,2013-10-24 22:10:06.733956,15013
4903277,245,Active,0,57,2013-10-24 22:10:06.740459,15013
4903278,246,Active,7,30,2013-10-24 22:10:06.745867,15013
4903279,247,Active,1,26,2013-10-24 22:10:06.752171,15013
4903280,248,Active,0,41,2013-10-24 22:10:06.75764,15013
4903281,249,Active,6,36,2013-10-24 22:10:06.762897,15013
4903282,250,Active,0,47,2013-10-24 22:10:06.768333,15013
4903283,251,Active,0,37,2013-10-24 22:10:06.773797,15013
4903284,252,Inactive,0,44,2013-10-24 22:10:06.779501,15013
4903285,253,Active,45,14,2013-10-24 22:10:06.785029,15013
4903286,254,Active,29,2,2013-10-24 22:10:06.790902,15013
4903287,255,Active,13,18,2013-10-24 22:10:06.796484,15013
4903288,256,Active,8,19,2013-10-24 22:10:06.803013,15013
4903289,257,Active,4,21,2013-10-24 22:10:06.808185,15013
4903290,258,Active,25,14,2013-10-24 22:10:06.815956,15013
4903291,259,Active,11,24,2013-10-24 22:10:06.821827,15013
4903292,260,Active,0,44,2013-10-24 22:10:06.827332,15013
4903293,261,Active,0,39,2013-10-24 22:10:06.832579,15013
4903294,262,Active,1,38,2013-10-24 22:10:06.838823,15013
4903295,263,Active,22,14,2013-10-24 22:10:06.844457,15013
4903296,264,Active,36,5,2013-10-24 22:10:06.851012,15013
4903297,265,Active,10,27,2013-10-24 22:10:06.857139,15013
4903298,266,Active,25,34,2013-10-24 22:10:06.862435,15013
4903299,267,Active,0,53,2013-10-24 22:10:06.86772,15013
4903300,268,Active,46,3,2013-10-24 22:10:06.87298,15013
4903301,269,Active,1,33,2013-10-24 22:10:06.878177,15013
4903302,270,Active,14,21,2013-10-24 22:10:06.884145,15013
4903303,271,Active,17,8,2013-10-24 22:10:06.889819,15013
4903304,272,Inactive,0,35,2013-10-24 22:10:06.895021,15013
4903305,273,Active,30,29,2013-10-24 22:10:06.900237,15013
4903306,274,Active,10,20,2013-10-24 22:10:06.905849,15013
4903307,275,Active,11,25,2013-10-24 22:10:06.910971,15013
4903308,276,Active,0,52,2013-10-24 22:10:06.916223,15013
4903309,277,Active,29,14,2013-10-24 22:10:06.921575,15013
4903310,330,Active,13,17,2013-10-24 22:10:06.929239,15013
4903311,278,Inactive,0,27,2013-10-24 22:10:06.95743,15013
4903312,279,Active,9,36,2013-10-24 22:10:06.964301,15013
4903313,280,Active,26,10,2013-10-24 22:10:06.969812,15013
4903314,281,Active,10,37,2013-10-24 22:10:06.975058,15013
4903315,282,Active,0,24,2013-10-24 22:10:06.980414,15013
4903316,283,Active,34,2,2013-10-24 22:10:06.985856,15013
4903317,284,Active,0,51,2013-10-24 22:10:06.991178,15013
4903318,285,Active,11,22,2013-10-24 22:10:06.996959,15013
4903319,286,Active,13,14,2013-10-24 22:10:07.002835,15013
4903320,287,Active,1,26,2013-10-24 22:10:07.008025,15013
4903321,288,Active,28,25,2013-10-24 22:10:07.013715,15013
4903322,289,Active,27,8,2013-10-24 22:10:07.019321,15013
4903323,290,Active,0,31,2013-10-24 22:10:07.024685,15013
4903324,291,Active,3,56,2013-10-24 22:10:07.030258,15013
4903325,292,Active,4,35,2013-10-24 22:10:07.035418,15013
4903326,293,Active,7,54,2013-10-24 22:10:07.040871,15013
4903327,294,Active,0,39,2013-10-24 22:10:07.045844,15013
4903328,295,Active,57,10,2013-10-24 22:10:07.051062,15013
4903329,296,Active,1,50,2013-10-24 22:10:07.05617,15013
4903330,297,Active,19,32,2013-10-24 22:10:07.061445,15013
4903331,298,Active,0,57,2013-10-24 22:10:07.066833,15013
4903332,299,Active,0,39,2013-10-24 22:10:07.07262,15013
4903333,300,Active,1,42,2013-10-24 22:10:07.078446,15013
4903334,301,Inactive,0,7,2013-10-24 22:10:07.08429,15013
4903335,302,Active,14,25,2013-10-24 22:10:07.089843,15013
4903336,303,Active,26,15,2013-10-24 22:10:07.09516,15013
4903337,304,Active,13,23,2013-10-24 22:10:07.100717,15013
4903338,305,Active,9,30,2013-10-24 22:10:07.106278,15013
4903339,306,Active,6,37,2013-10-24 22:10:07.111787,15013
4903340,307,Active,1,47,2013-10-24 22:10:07.117287,15013
4903341,308,Active,2,29,2013-10-24 22:10:07.123398,15013
4903342,309,Active,7,22,2013-10-24 22:10:07.132914,15013
4903343,310,Active,2,37,2013-10-24 22:10:07.139656,15013
4903344,311,Active,0,39,2013-10-24 22:10:07.145932,15013
4903345,312,Active,22,9,2013-10-24 22:10:07.151546,15013
4903346,313,Active,0,39,2013-10-24 22:10:07.157146,15013
4903347,314,Active,18,9,2013-10-24 22:10:07.163343,15013
4903348,315,Active,4,34,2013-10-24 22:10:07.169334,15013
4903349,316,Active,25,5,2013-10-24 22:10:07.174986,15013
4903350,317,Active,0,15,2013-10-24 22:10:07.180808,15013
4903351,318,Active,20,7,2013-10-24 22:10:07.186783,15013
4903352,319,Active,12,18,2013-10-24 22:10:07.192351,15013
4903353,320,Active,22,14,2013-10-24 22:10:07.198215,15013
4903354,321,Active,9,3,2013-10-24 22:10:07.203815,15013
4903355,322,Active,12,37,2013-10-24 22:10:07.209239,15013
4903356,332,Active,6,18,2013-10-24 22:10:07.214902,15013
4903357,327,Active,17,15,2013-10-24 22:10:07.220532,15013
4903358,328,Active,24,15,2013-10-24 22:10:07.226373,15013
4903359,331,Active,0,36,2013-10-24 22:10:07.232143,15013
4903360,323,Active,2,37,2013-10-24 22:10:07.238786,15013
4903361,324,Active,17,26,2013-10-24 22:10:07.244586,15013
4903362,329,Active,10,23,2013-10-24 22:10:07.251539,15013
4903363,325,Active,3,33,2013-10-24 22:10:07.257408,15013
4903364,326,Active,7,18,2013-10-24 22:10:07.264019,15013
4903365,1,Active,22,17,2013-10-24 22:20:05.356541,15014
4903366,2,Active,26,7,2013-10-24 22:20:05.368001,15014
4903367,3,Active,11,15,2013-10-24 22:20:05.373551,15014
4903368,4,Active,3,59,2013-10-24 22:20:05.378782,15014
4903369,5,Active,1,38,2013-10-24 22:20:05.383898,15014
4903370,6,Active,12,7,2013-10-24 22:20:05.389224,15014
4903371,7,Active,2,17,2013-10-24 22:20:05.424468,15014
4903372,8,Active,19,12,2013-10-24 22:20:05.433618,15014
4903373,9,Active,22,8,2013-10-24 22:20:05.43932,15014
4903374,10,Active,1,45,2013-10-24 22:20:05.444584,15014
4903375,11,Active,1,23,2013-10-24 22:20:05.450049,15014
4903376,12,Active,10,9,2013-10-24 22:20:05.455849,15014
4903377,13,Active,11,28,2013-10-24 22:20:05.461717,15014
4903378,14,Active,9,24,2013-10-24 22:20:05.496603,15014
4903379,15,Active,12,19,2013-10-24 22:20:05.503,15014
4903380,16,Active,0,33,2013-10-24 22:20:05.508003,15014
4903381,17,Active,6,23,2013-10-24 22:20:05.51303,15014
4903382,18,Active,0,55,2013-10-24 22:20:05.517637,15014
4903383,19,Active,14,9,2013-10-24 22:20:05.523153,15014
4903384,20,Active,2,24,2013-10-24 22:20:05.529519,15014
4903385,21,Active,28,7,2013-10-24 22:20:05.534704,15014
4903386,22,Active,1,46,2013-10-24 22:20:05.539875,15014
4903387,23,Active,0,45,2013-10-24 22:20:05.574133,15014
4903388,24,Active,1,46,2013-10-24 22:20:05.580875,15014
4903389,25,Active,0,51,2013-10-24 22:20:05.586913,15014
4903390,26,Active,2,28,2013-10-24 22:20:05.593409,15014
4903391,27,Active,6,39,2013-10-24 22:20:05.599711,15014
4903392,28,Active,6,22,2013-10-24 22:20:05.605935,15014
4903393,29,Active,3,20,2013-10-24 22:20:05.611225,15014
4903394,30,Active,18,21,2013-10-24 22:20:05.646152,15014
4903395,31,Active,9,29,2013-10-24 22:20:05.651351,15014
4903396,32,Active,11,22,2013-10-24 22:20:05.656278,15014
4903397,33,Active,6,25,2013-10-24 22:20:05.661033,15014
4903398,34,Active,18,19,2013-10-24 22:20:05.666311,15014
4903399,35,Active,4,51,2013-10-24 22:20:05.671003,15014
4903400,36,Active,23,4,2013-10-24 22:20:05.67609,15014
4903401,37,Active,0,23,2013-10-24 22:20:05.681375,15014
4903402,38,Active,11,28,2013-10-24 22:20:05.716005,15014
4903403,39,Active,15,24,2013-10-24 22:20:05.721383,15014
4903404,40,Active,22,17,2013-10-24 22:20:05.729703,15014
4903405,41,Active,21,10,2013-10-24 22:20:05.735369,15014
4903406,42,Active,8,23,2013-10-24 22:20:05.741155,15014
4903407,43,Active,3,20,2013-10-24 22:20:05.746842,15014
4903408,44,Active,0,23,2013-10-24 22:20:05.753451,15014
4903409,45,Active,34,5,2013-10-24 22:20:05.789576,15014
4903410,46,Active,0,31,2013-10-24 22:20:05.79543,15014
4903411,47,Active,2,21,2013-10-24 22:20:05.800099,15014
4903412,48,Active,9,11,2013-10-24 22:20:05.805881,15014
4903413,49,Active,16,7,2013-10-24 22:20:05.810871,15014
4903414,50,Active,16,11,2013-10-24 22:20:05.815989,15014
4903415,51,Active,4,36,2013-10-24 22:20:05.821273,15014
4903416,52,Active,18,9,2013-10-24 22:20:05.827279,15014
4903417,53,Active,12,21,2013-10-24 22:20:05.861326,15014
4903418,54,Active,3,44,2013-10-24 22:20:05.867055,15014
4903419,55,Active,19,12,2013-10-24 22:20:05.872157,15014
4903420,56,Active,26,13,2013-10-24 22:20:05.903828,15014
4903421,57,Active,3,20,2013-10-24 22:20:05.935631,15014
4903422,58,Active,19,20,2013-10-24 22:20:05.942993,15014
4903423,59,Active,2,33,2013-10-24 22:20:05.949443,15014
4903424,60,Active,13,14,2013-10-24 22:20:05.955132,15014
4903425,61,Active,5,19,2013-10-24 22:20:05.960844,15014
4903426,62,Active,27,4,2013-10-24 22:20:05.966413,15014
4903427,63,Active,2,25,2013-10-24 22:20:05.972532,15014
4903428,64,Active,5,30,2013-10-24 22:20:05.979886,15014
4903429,65,Active,3,21,2013-10-24 22:20:05.986761,15014
4903430,66,Active,6,51,2013-10-24 22:20:05.994712,15014
4903431,67,Active,12,15,2013-10-24 22:20:06.001597,15014
4903432,68,Active,11,12,2013-10-24 22:20:06.007428,15014
4903433,69,Active,18,21,2013-10-24 22:20:06.013236,15014
4903434,70,Active,8,23,2013-10-24 22:20:06.01958,15014
4903435,71,Active,3,16,2013-10-24 22:20:06.027139,15014
4903436,72,Active,14,10,2013-10-24 22:20:06.034171,15014
4903437,73,Active,4,15,2013-10-24 22:20:06.041478,15014
4903438,74,Active,19,0,2013-10-24 22:20:06.048252,15014
4903439,75,Active,3,28,2013-10-24 22:20:06.054133,15014
4903440,76,Active,3,56,2013-10-24 22:20:06.059443,15014
4903441,77,Active,5,22,2013-10-24 22:20:06.065836,15014
4903442,78,Active,33,10,2013-10-24 22:20:06.071749,15014
4903443,79,Active,8,39,2013-10-24 22:20:06.077021,15014
4903444,80,Active,1,18,2013-10-24 22:20:06.082742,15014
4903445,81,Active,8,21,2013-10-24 22:20:06.088292,15014
4903446,82,Active,8,12,2013-10-24 22:20:06.094209,15014
4903447,83,Active,5,50,2013-10-24 22:20:06.101228,15014
4903448,84,Active,2,29,2013-10-24 22:20:06.106937,15014
4903449,85,Active,8,16,2013-10-24 22:20:06.112893,15014
4903450,86,Active,29,6,2013-10-24 22:20:06.11875,15014
4903451,87,Active,10,17,2013-10-24 22:20:06.124685,15014
4903452,88,Active,25,10,2013-10-24 22:20:06.15638,15014
4903453,89,Active,2,53,2013-10-24 22:20:06.162106,15014
4903454,90,Active,16,21,2013-10-24 22:20:06.168027,15014
4903455,91,Active,12,11,2013-10-24 22:20:06.173765,15014
4903456,92,Active,20,11,2013-10-24 22:20:06.179807,15014
4903457,93,Active,18,18,2013-10-24 22:20:06.188066,15014
4903458,94,Active,3,30,2013-10-24 22:20:06.195484,15014
4903459,95,Active,29,8,2013-10-24 22:20:06.202213,15014
4903460,96,Active,3,28,2013-10-24 22:20:06.208155,15014
4903461,97,Active,12,15,2013-10-24 22:20:06.214545,15014
4903462,98,Active,0,41,2013-10-24 22:20:06.220062,15014
4903463,99,Active,17,18,2013-10-24 22:20:06.225932,15014
4903464,100,Active,2,28,2013-10-24 22:20:06.231556,15014
4903465,101,Active,8,23,2013-10-24 22:20:06.23851,15014
4903466,102,Active,4,19,2013-10-24 22:20:06.244656,15014
4903467,103,Active,1,38,2013-10-24 22:20:06.250905,15014
4903468,104,Active,20,9,2013-10-24 22:20:06.257172,15014
4903469,105,Active,8,35,2013-10-24 22:20:06.262895,15014
4903470,106,Active,20,7,2013-10-24 22:20:06.268783,15014
4903471,107,Active,6,25,2013-10-24 22:20:06.274694,15014
4903472,108,Active,3,32,2013-10-24 22:20:06.281473,15014
4903473,109,Active,4,35,2013-10-24 22:20:06.287126,15014
4903474,110,Active,2,25,2013-10-24 22:20:06.293121,15014
4903475,111,Active,7,24,2013-10-24 22:20:06.298317,15014
4903476,112,Active,22,17,2013-10-24 22:20:06.329998,15014
4903477,113,Active,40,11,2013-10-24 22:20:06.337448,15014
4903478,114,Active,12,23,2013-10-24 22:20:06.373703,15014
4903479,115,Active,4,23,2013-10-24 22:20:06.381632,15014
4903480,116,Active,2,37,2013-10-24 22:20:06.387995,15014
4903481,117,Active,6,17,2013-10-24 22:20:06.393788,15014
4903482,118,Active,0,31,2013-10-24 22:20:06.400328,15014
4903483,119,Active,16,23,2013-10-24 22:20:06.411292,15014
4903484,120,Active,6,21,2013-10-24 22:20:06.417481,15014
4903485,121,Active,5,19,2013-10-24 22:20:06.423061,15014
4903486,122,Active,16,15,2013-10-24 22:20:06.429879,15014
4903487,123,Active,15,12,2013-10-24 22:20:06.437596,15014
4903488,124,Active,14,22,2013-10-24 22:20:06.445853,15014
4903489,125,Active,1,36,2013-10-24 22:20:06.454573,15014
4903490,126,Active,3,21,2013-10-24 22:20:06.462424,15014
4903491,127,Active,6,21,2013-10-24 22:20:06.469903,15014
4903492,128,Active,5,14,2013-10-24 22:20:06.476059,15014
4903493,129,Active,8,21,2013-10-24 22:20:06.483056,15014
4903494,130,Active,16,7,2013-10-24 22:20:06.491423,15014
4903495,131,Active,1,22,2013-10-24 22:20:06.499535,15014
4903496,132,Active,10,25,2013-10-24 22:20:06.506221,15014
4903497,133,Active,18,9,2013-10-24 22:20:06.511644,15014
4903498,134,Active,5,30,2013-10-24 22:20:06.516888,15014
4903499,135,Active,38,4,2013-10-24 22:20:06.522254,15014
4903500,136,Active,1,22,2013-10-24 22:20:06.52734,15014
4903501,137,Active,15,13,2013-10-24 22:20:06.533204,15014
4903502,138,Active,20,19,2013-10-24 22:20:06.541082,15014
4903503,139,Active,0,36,2013-10-24 22:20:06.546668,15014
4903504,140,Active,3,24,2013-10-24 22:20:06.551963,15014
4903505,141,Active,6,25,2013-10-24 22:20:06.557313,15014
4903506,142,Active,2,41,2013-10-24 22:20:06.564719,15014
4903507,143,Active,13,10,2013-10-24 22:20:06.572475,15014
4903508,144,Active,2,25,2013-10-24 22:20:06.579581,15014
4903509,145,Active,31,5,2013-10-24 22:20:06.586119,15014
4903510,146,Active,2,53,2013-10-24 22:20:06.592626,15014
4903511,147,Active,1,38,2013-10-24 22:20:06.599618,15014
4903512,148,Active,0,43,2013-10-24 22:20:06.605594,15014
4903513,149,Active,1,56,2013-10-24 22:20:06.611994,15014
4903514,150,Active,10,38,2013-10-24 22:20:06.618987,15014
4903515,151,Active,4,23,2013-10-24 22:20:06.625169,15014
4903516,152,Active,7,24,2013-10-24 22:20:06.631528,15014
4903517,153,Active,12,21,2013-10-24 22:20:06.638178,15014
4903518,154,Active,1,33,2013-10-24 22:20:06.644808,15014
4903519,155,Active,28,11,2013-10-24 22:20:06.651044,15014
4903520,156,Active,26,9,2013-10-24 22:20:06.682601,15014
4903521,157,Active,5,22,2013-10-24 22:20:06.690523,15014
4903522,158,Active,2,17,2013-10-24 22:20:06.697957,15014
4903523,159,Active,14,16,2013-10-24 22:20:06.704161,15014
4903524,160,Active,28,15,2013-10-24 22:20:06.710722,15014
4903525,161,Active,27,20,2013-10-24 22:20:06.716569,15014
4903526,162,Inactive,0,59,2013-10-24 22:20:06.722866,15014
4903527,163,Active,24,15,2013-10-24 22:20:06.757392,15014
4903528,164,Active,30,6,2013-10-24 22:20:06.76407,15014
4903529,165,Active,35,4,2013-10-24 22:20:06.770286,15014
4903530,166,Active,3,28,2013-10-24 22:20:06.776242,15014
4903531,167,Active,11,18,2013-10-24 22:20:06.782022,15014
4903532,168,Active,0,43,2013-10-24 22:20:06.813868,15014
4903533,169,Active,3,36,2013-10-24 22:20:06.823382,15014
4903534,170,Active,9,26,2013-10-24 22:20:06.829972,15014
4903535,171,Active,8,19,2013-10-24 22:20:06.837263,15014
4903536,172,Active,24,7,2013-10-24 22:20:06.844335,15014
4903537,173,Active,0,31,2013-10-24 22:20:06.850869,15014
4903538,174,Active,26,6,2013-10-24 22:20:06.857398,15014
4903539,175,Active,10,21,2013-10-24 22:20:06.86326,15014
4903540,176,Active,20,16,2013-10-24 22:20:06.868868,15014
4903541,177,Active,5,25,2013-10-24 22:20:06.874406,15014
4903542,178,Inactive,0,25,2013-10-24 22:20:06.881955,15014
4903543,179,Active,1,26,2013-10-24 22:20:06.888903,15014
4903544,180,Active,14,17,2013-10-24 22:20:06.895035,15014
4903545,181,Active,0,27,2013-10-24 22:20:06.900603,15014
4903546,182,Active,7,8,2013-10-24 22:20:06.90678,15014
4903547,183,Active,2,39,2013-10-24 22:20:06.913038,15014
4903548,184,Active,1,41,2013-10-24 22:20:06.919089,15014
4903549,185,Active,13,18,2013-10-24 22:20:06.924831,15014
4903550,186,Active,35,4,2013-10-24 22:20:06.930597,15014
4903551,187,Active,17,23,2013-10-24 22:20:06.937339,15014
4903552,188,Active,6,28,2013-10-24 22:20:06.943538,15014
4903553,189,Active,2,41,2013-10-24 22:20:06.95038,15014
4903554,190,Active,11,12,2013-10-24 22:20:06.956494,15014
4903555,191,Active,5,14,2013-10-24 22:20:06.962509,15014
4903556,192,Active,14,21,2013-10-24 22:20:06.971771,15014
4903557,193,Active,4,19,2013-10-24 22:20:06.978005,15014
4903558,194,Active,8,21,2013-10-24 22:20:06.983443,15014
4903559,195,Active,6,18,2013-10-24 22:20:06.988847,15014
4903560,196,Active,8,34,2013-10-24 22:20:06.994564,15014
4903561,197,Active,1,30,2013-10-24 22:20:07.000398,15014
4903562,198,Active,1,46,2013-10-24 22:20:07.005648,15014
4903563,199,Active,19,4,2013-10-24 22:20:07.011386,15014
4903564,200,Active,5,18,2013-10-24 22:20:07.017259,15014
4903565,201,Active,1,22,2013-10-24 22:20:07.022757,15014
4903566,202,Active,2,17,2013-10-24 22:20:07.028679,15014
4903567,203,Active,7,48,2013-10-24 22:20:07.034384,15014
4903568,204,Active,1,38,2013-10-24 22:20:07.040113,15014
4903569,205,Active,13,18,2013-10-24 22:20:07.045758,15014
4903570,206,Active,42,17,2013-10-24 22:20:07.051454,15014
4903571,207,Active,12,19,2013-10-24 22:20:07.056704,15014
4903572,208,Active,24,3,2013-10-24 22:20:07.062449,15014
4903573,209,Active,14,16,2013-10-24 22:20:07.068131,15014
4903574,210,Active,17,14,2013-10-24 22:20:07.073842,15014
4903575,211,Active,25,14,2013-10-24 22:20:07.079659,15014
4903576,212,Active,21,6,2013-10-24 22:20:07.085506,15014
4903577,213,Active,1,46,2013-10-24 22:20:07.091558,15014
4903578,214,Active,2,25,2013-10-24 22:20:07.098326,15014
4903579,215,Active,11,16,2013-10-24 22:20:07.104346,15014
4903580,216,Active,19,8,2013-10-24 22:20:07.110189,15014
4903581,217,Active,18,21,2013-10-24 22:20:07.116168,15014
4903582,218,Active,1,31,2013-10-24 22:20:07.121581,15014
4903583,219,Active,3,30,2013-10-24 22:20:07.12764,15014
4903584,220,Active,2,49,2013-10-24 22:20:07.133095,15014
4903585,221,Active,2,21,2013-10-24 22:20:07.139459,15014
4903586,222,Active,0,52,2013-10-24 22:20:07.145546,15014
4903587,223,Active,15,21,2013-10-24 22:20:07.151774,15014
4903588,224,Active,2,37,2013-10-24 22:20:07.181366,15014
4903589,225,Active,7,24,2013-10-24 22:20:07.187582,15014
4903590,226,Active,8,23,2013-10-24 22:20:07.193358,15014
4903591,227,Active,2,29,2013-10-24 22:20:07.198749,15014
4903592,228,Active,0,59,2013-10-24 22:20:07.20545,15014
4903593,229,Active,21,18,2013-10-24 22:20:07.211826,15014
4903594,230,Active,5,30,2013-10-24 22:20:07.217474,15014
4903595,231,Active,2,37,2013-10-24 22:20:07.22328,15014
4903596,232,Active,0,35,2013-10-24 22:20:07.2289,15014
4903597,233,Active,2,57,2013-10-24 22:20:07.234652,15014
4903598,234,Active,1,30,2013-10-24 22:20:07.239807,15014
4903599,235,Active,1,20,2013-10-24 22:20:07.245382,15014
4903600,236,Active,11,12,2013-10-24 22:20:07.254291,15014
4903601,237,Inactive,0,39,2013-10-24 22:20:07.26013,15014
4903602,238,Active,30,17,2013-10-24 22:20:07.265709,15014
4903603,239,Active,3,22,2013-10-24 22:20:07.270923,15014
4903604,240,Active,3,56,2013-10-24 22:20:07.275979,15014
4903605,241,Active,3,36,2013-10-24 22:20:07.281313,15014
4903606,242,Active,2,33,2013-10-24 22:20:07.287192,15014
4903607,243,Active,23,11,2013-10-24 22:20:07.292923,15014
4903608,244,Active,1,58,2013-10-24 22:20:07.298307,15014
4903609,245,Active,0,57,2013-10-24 22:20:07.30347,15014
4903610,246,Active,9,28,2013-10-24 22:20:07.309212,15014
4903611,247,Active,1,26,2013-10-24 22:20:07.315226,15014
4903612,248,Active,0,41,2013-10-24 22:20:07.320459,15014
4903613,249,Active,6,36,2013-10-24 22:20:07.326192,15014
4903614,250,Active,0,47,2013-10-24 22:20:07.331531,15014
4903615,251,Active,5,32,2013-10-24 22:20:07.336704,15014
4903616,252,Inactive,0,44,2013-10-24 22:20:07.342343,15014
4903617,253,Active,42,17,2013-10-24 22:20:07.347777,15014
4903618,254,Active,29,2,2013-10-24 22:20:07.354006,15014
4903619,255,Active,9,22,2013-10-24 22:20:07.359592,15014
4903620,256,Active,8,19,2013-10-24 22:20:07.36511,15014
4903621,257,Active,4,21,2013-10-24 22:20:07.3708,15014
4903622,258,Active,28,11,2013-10-24 22:20:07.376003,15014
4903623,259,Active,11,24,2013-10-24 22:20:07.382259,15014
4903624,260,Active,0,44,2013-10-24 22:20:07.387883,15014
4903625,261,Active,4,35,2013-10-24 22:20:07.393157,15014
4903626,262,Active,1,38,2013-10-24 22:20:07.398585,15014
4903627,263,Active,22,14,2013-10-24 22:20:07.404276,15014
4903628,264,Active,32,9,2013-10-24 22:20:07.409591,15014
4903629,265,Active,5,32,2013-10-24 22:20:07.415725,15014
4903630,266,Active,29,30,2013-10-24 22:20:07.420979,15014
4903631,267,Active,0,53,2013-10-24 22:20:07.426859,15014
4903632,268,Active,47,2,2013-10-24 22:20:07.432612,15014
4903633,269,Active,1,33,2013-10-24 22:20:07.438241,15014
4903634,270,Active,14,21,2013-10-24 22:20:07.443777,15014
4903635,271,Active,18,7,2013-10-24 22:20:07.449438,15014
4903636,272,Inactive,0,35,2013-10-24 22:20:07.454796,15014
4903637,273,Active,20,39,2013-10-24 22:20:07.460238,15014
4903638,274,Active,5,25,2013-10-24 22:20:07.465552,15014
4903639,275,Active,16,20,2013-10-24 22:20:07.470922,15014
4903640,276,Active,0,52,2013-10-24 22:20:07.476093,15014
4903641,277,Active,30,13,2013-10-24 22:20:07.481254,15014
4903642,330,Active,15,15,2013-10-24 22:20:07.486564,15014
4903643,278,Inactive,0,27,2013-10-24 22:20:07.491995,15014
4903644,279,Active,4,41,2013-10-24 22:20:07.521482,15014
4903645,280,Active,30,6,2013-10-24 22:20:07.530845,15014
4903646,281,Active,7,40,2013-10-24 22:20:07.53667,15014
4903647,282,Active,0,24,2013-10-24 22:20:07.542023,15014
4903648,283,Active,33,3,2013-10-24 22:20:07.547509,15014
4903649,284,Active,2,49,2013-10-24 22:20:07.55279,15014
4903650,285,Active,15,18,2013-10-24 22:20:07.558065,15014
4903651,286,Active,10,17,2013-10-24 22:20:07.563292,15014
4903652,287,Active,0,27,2013-10-24 22:20:07.568727,15014
4903653,288,Active,30,23,2013-10-24 22:20:07.573947,15014
4903654,289,Active,29,6,2013-10-24 22:20:07.579219,15014
4903655,290,Active,1,30,2013-10-24 22:20:07.584388,15014
4903656,291,Active,1,58,2013-10-24 22:20:07.589683,15014
4903657,292,Active,5,34,2013-10-24 22:20:07.595009,15014
4903658,293,Active,7,54,2013-10-24 22:20:07.600396,15014
4903659,294,Active,0,39,2013-10-24 22:20:07.605721,15014
4903660,295,Active,57,10,2013-10-24 22:20:07.611028,15014
4903661,296,Active,1,50,2013-10-24 22:20:07.616361,15014
4903662,297,Active,12,39,2013-10-24 22:20:07.621817,15014
4903663,298,Active,0,57,2013-10-24 22:20:07.62752,15014
4903664,299,Active,0,39,2013-10-24 22:20:07.632859,15014
4903665,300,Active,1,42,2013-10-24 22:20:07.638445,15014
4903666,301,Inactive,0,7,2013-10-24 22:20:07.644062,15014
4903667,302,Active,23,16,2013-10-24 22:20:07.654112,15014
4903668,303,Active,26,15,2013-10-24 22:20:07.659552,15014
4903669,304,Active,15,21,2013-10-24 22:20:07.666498,15014
4903670,305,Active,15,24,2013-10-24 22:20:07.672406,15014
4903671,306,Active,7,36,2013-10-24 22:20:07.678184,15014
4903672,307,Active,0,48,2013-10-24 22:20:07.683957,15014
4903673,308,Active,2,29,2013-10-24 22:20:07.689367,15014
4903674,309,Active,8,21,2013-10-24 22:20:07.695314,15014
4903675,310,Active,0,39,2013-10-24 22:20:07.700674,15014
4903676,311,Active,3,36,2013-10-24 22:20:07.705896,15014
4903677,312,Active,24,7,2013-10-24 22:20:07.711331,15014
4903678,313,Active,2,37,2013-10-24 22:20:07.716797,15014
4903679,314,Active,17,10,2013-10-24 22:20:07.722134,15014
4903680,315,Active,1,37,2013-10-24 22:20:07.727272,15014
4903681,316,Active,22,8,2013-10-24 22:20:07.732418,15014
4903682,317,Active,0,15,2013-10-24 22:20:07.73765,15014
4903683,318,Active,21,6,2013-10-24 22:20:07.74293,15014
4903684,319,Active,12,18,2013-10-24 22:20:07.74815,15014
4903685,320,Active,17,19,2013-10-24 22:20:07.753387,15014
4903686,321,Active,9,3,2013-10-24 22:20:07.758685,15014
4903687,322,Active,10,39,2013-10-24 22:20:07.763787,15014
4903688,332,Active,8,16,2013-10-24 22:20:07.769047,15014
4903689,327,Active,18,14,2013-10-24 22:20:07.774249,15014
4903690,328,Active,24,15,2013-10-24 22:20:07.782273,15014
4903691,331,Active,0,36,2013-10-24 22:20:07.787426,15014
4903692,323,Active,2,37,2013-10-24 22:20:07.792844,15014
4903693,324,Active,23,20,2013-10-24 22:20:07.798098,15014
4903694,329,Active,10,23,2013-10-24 22:20:07.803542,15014
4903695,325,Active,0,36,2013-10-24 22:20:07.809162,15014
4903696,326,Active,7,18,2013-10-24 22:20:07.814557,15014
4903697,1,Active,24,15,2013-10-24 22:30:05.571092,15015
4903698,2,Active,28,5,2013-10-24 22:30:05.584494,15015
4903699,3,Active,14,12,2013-10-24 22:30:05.589331,15015
4903700,4,Active,3,59,2013-10-24 22:30:05.59402,15015
4903701,5,Active,1,38,2013-10-24 22:30:05.598682,15015
4903702,6,Active,13,6,2013-10-24 22:30:05.6032,15015
4903703,7,Active,2,17,2013-10-24 22:30:05.607722,15015
4903704,8,Active,25,6,2013-10-24 22:30:05.612681,15015
4903705,9,Active,20,10,2013-10-24 22:30:05.617773,15015
4903706,10,Active,4,42,2013-10-24 22:30:05.622603,15015
4903707,11,Active,1,23,2013-10-24 22:30:05.627194,15015
4903708,12,Active,10,9,2013-10-24 22:30:05.63277,15015
4903709,13,Active,11,28,2013-10-24 22:30:05.638368,15015
4903710,14,Active,9,24,2013-10-24 22:30:05.642955,15015
4903711,15,Active,13,18,2013-10-24 22:30:05.650877,15015
4903712,16,Active,3,30,2013-10-24 22:30:05.655677,15015
4903713,17,Active,3,26,2013-10-24 22:30:05.661083,15015
4903714,18,Active,0,55,2013-10-24 22:30:05.666179,15015
4903715,19,Active,15,8,2013-10-24 22:30:05.670595,15015
4903716,20,Active,3,23,2013-10-24 22:30:05.675517,15015
4903717,21,Active,26,9,2013-10-24 22:30:05.680121,15015
4903718,22,Active,2,45,2013-10-24 22:30:05.684408,15015
4903719,23,Active,0,45,2013-10-24 22:30:05.689495,15015
4903720,24,Active,0,47,2013-10-24 22:30:05.694116,15015
4903721,25,Active,4,47,2013-10-24 22:30:05.698728,15015
4903722,26,Active,3,27,2013-10-24 22:30:05.703079,15015
4903723,27,Active,4,41,2013-10-24 22:30:05.710998,15015
4903724,28,Active,4,24,2013-10-24 22:30:05.716013,15015
4903725,29,Active,3,20,2013-10-24 22:30:05.721208,15015
4903726,30,Active,18,21,2013-10-24 22:30:05.72598,15015
4903727,31,Active,9,29,2013-10-24 22:30:05.730504,15015
4903728,32,Active,13,20,2013-10-24 22:30:05.735052,15015
4903729,33,Active,5,26,2013-10-24 22:30:05.739682,15015
4903730,34,Active,17,20,2013-10-24 22:30:05.744639,15015
4903731,35,Active,0,55,2013-10-24 22:30:05.751387,15015
4903732,36,Active,25,2,2013-10-24 22:30:05.756161,15015
4903733,37,Active,0,23,2013-10-24 22:30:05.761097,15015
4903734,38,Active,10,29,2013-10-24 22:30:05.765912,15015
4903735,39,Active,18,21,2013-10-24 22:30:05.770405,15015
4903736,40,Active,25,14,2013-10-24 22:30:05.775464,15015
4903737,41,Active,20,11,2013-10-24 22:30:05.780672,15015
4903738,42,Active,8,23,2013-10-24 22:30:05.785466,15015
4903739,43,Active,3,20,2013-10-24 22:30:05.789904,15015
4903740,44,Active,0,23,2013-10-24 22:30:05.795092,15015
4903741,45,Active,34,5,2013-10-24 22:30:05.801109,15015
4903742,46,Active,1,30,2013-10-24 22:30:05.805461,15015
4903743,47,Active,2,21,2013-10-24 22:30:05.811517,15015
4903744,48,Active,10,10,2013-10-24 22:30:05.816314,15015
4903745,49,Active,16,7,2013-10-24 22:30:05.820763,15015
4903746,50,Active,13,14,2013-10-24 22:30:05.825303,15015
4903747,51,Active,8,32,2013-10-24 22:30:05.829939,15015
4903748,52,Active,3,24,2013-10-24 22:30:05.83476,15015
4903749,53,Active,10,23,2013-10-24 22:30:05.839457,15015
4903750,54,Active,2,45,2013-10-24 22:30:05.867821,15015
4903751,55,Active,19,12,2013-10-24 22:30:05.873857,15015
4903752,56,Active,26,13,2013-10-24 22:30:05.879047,15015
4903753,57,Active,3,20,2013-10-24 22:30:05.884102,15015
4903754,58,Active,20,19,2013-10-24 22:30:05.889224,15015
4903755,59,Active,2,33,2013-10-24 22:30:05.894277,15015
4903756,60,Active,13,14,2013-10-24 22:30:05.900246,15015
4903757,61,Active,5,19,2013-10-24 22:30:05.905359,15015
4903758,62,Active,25,6,2013-10-24 22:30:05.911489,15015
4903759,63,Active,0,27,2013-10-24 22:30:05.916569,15015
4903760,64,Active,7,28,2013-10-24 22:30:05.922611,15015
4903761,65,Active,2,22,2013-10-24 22:30:05.928226,15015
4903762,66,Active,5,52,2013-10-24 22:30:05.933865,15015
4903763,67,Active,10,17,2013-10-24 22:30:05.939086,15015
4903764,68,Active,13,10,2013-10-24 22:30:05.944771,15015
4903765,69,Active,17,22,2013-10-24 22:30:05.954601,15015
4903766,70,Active,7,24,2013-10-24 22:30:05.960038,15015
4903767,71,Active,4,15,2013-10-24 22:30:05.966029,15015
4903768,72,Active,13,11,2013-10-24 22:30:05.972152,15015
4903769,73,Active,5,14,2013-10-24 22:30:05.978601,15015
4903770,74,Active,19,0,2013-10-24 22:30:05.985457,15015
4903771,75,Active,0,31,2013-10-24 22:30:05.990937,15015
4903772,76,Active,0,59,2013-10-24 22:30:05.996504,15015
4903773,77,Active,5,22,2013-10-24 22:30:06.00218,15015
4903774,78,Active,34,9,2013-10-24 22:30:06.007566,15015
4903775,79,Active,17,30,2013-10-24 22:30:06.013283,15015
4903776,80,Active,1,18,2013-10-24 22:30:06.019055,15015
4903777,81,Active,6,23,2013-10-24 22:30:06.025064,15015
4903778,82,Active,9,11,2013-10-24 22:30:06.031058,15015
4903779,83,Active,5,50,2013-10-24 22:30:06.037032,15015
4903780,84,Active,0,31,2013-10-24 22:30:06.042488,15015
4903781,85,Active,9,15,2013-10-24 22:30:06.047903,15015
4903782,86,Active,28,7,2013-10-24 22:30:06.053384,15015
4903783,87,Active,9,18,2013-10-24 22:30:06.058584,15015
4903784,88,Active,26,9,2013-10-24 22:30:06.064007,15015
4903785,89,Active,2,53,2013-10-24 22:30:06.069278,15015
4903786,90,Active,17,20,2013-10-24 22:30:06.074304,15015
4903787,91,Active,11,12,2013-10-24 22:30:06.079893,15015
4903788,92,Active,21,10,2013-10-24 22:30:06.087239,15015
4903789,93,Active,17,19,2013-10-24 22:30:06.09313,15015
4903790,94,Active,2,31,2013-10-24 22:30:06.098682,15015
4903791,95,Active,29,8,2013-10-24 22:30:06.104278,15015
4903792,96,Active,4,27,2013-10-24 22:30:06.110222,15015
4903793,97,Active,14,13,2013-10-24 22:30:06.115753,15015
4903794,98,Active,1,40,2013-10-24 22:30:06.121249,15015
4903795,99,Active,17,18,2013-10-24 22:30:06.126567,15015
4903796,100,Active,5,25,2013-10-24 22:30:06.1319,15015
4903797,101,Active,11,20,2013-10-24 22:30:06.137494,15015
4903798,102,Active,3,20,2013-10-24 22:30:06.143001,15015
4903799,103,Active,1,38,2013-10-24 22:30:06.149037,15015
4903800,104,Active,17,12,2013-10-24 22:30:06.154244,15015
4903801,105,Active,6,37,2013-10-24 22:30:06.15926,15015
4903802,106,Active,20,7,2013-10-24 22:30:06.164768,15015
4903803,107,Active,5,26,2013-10-24 22:30:06.170197,15015
4903804,108,Active,0,35,2013-10-24 22:30:06.175142,15015
4903805,109,Active,4,35,2013-10-24 22:30:06.18006,15015
4903806,110,Active,1,26,2013-10-24 22:30:06.20663,15015
4903807,111,Active,6,25,2013-10-24 22:30:06.213438,15015
4903808,112,Active,21,18,2013-10-24 22:30:06.218666,15015
4903809,113,Active,42,9,2013-10-24 22:30:06.224508,15015
4903810,114,Active,13,22,2013-10-24 22:30:06.231294,15015
4903811,115,Active,10,17,2013-10-24 22:30:06.236924,15015
4903812,116,Active,2,37,2013-10-24 22:30:06.242214,15015
4903813,117,Active,3,20,2013-10-24 22:30:06.247795,15015
4903814,118,Active,2,29,2013-10-24 22:30:06.253208,15015
4903815,119,Active,15,24,2013-10-24 22:30:06.258824,15015
4903816,120,Active,5,22,2013-10-24 22:30:06.264236,15015
4903817,121,Active,5,19,2013-10-24 22:30:06.269608,15015
4903818,122,Active,17,14,2013-10-24 22:30:06.274872,15015
4903819,123,Active,13,14,2013-10-24 22:30:06.279968,15015
4903820,124,Active,17,19,2013-10-24 22:30:06.285285,15015
4903821,125,Active,0,37,2013-10-24 22:30:06.294501,15015
4903822,126,Active,3,21,2013-10-24 22:30:06.299599,15015
4903823,127,Active,7,20,2013-10-24 22:30:06.304598,15015
4903824,128,Active,4,15,2013-10-24 22:30:06.309748,15015
4903825,129,Active,8,21,2013-10-24 22:30:06.314849,15015
4903826,130,Active,16,7,2013-10-24 22:30:06.320409,15015
4903827,131,Active,1,22,2013-10-24 22:30:06.325633,15015
4903828,132,Active,11,24,2013-10-24 22:30:06.330894,15015
4903829,133,Active,18,9,2013-10-24 22:30:06.335838,15015
4903830,134,Active,2,33,2013-10-24 22:30:06.342316,15015
4903831,135,Active,39,3,2013-10-24 22:30:06.347478,15015
4903832,136,Active,2,21,2013-10-24 22:30:06.355171,15015
4903833,137,Active,17,11,2013-10-24 22:30:06.360922,15015
4903834,138,Active,20,19,2013-10-24 22:30:06.36606,15015
4903835,139,Active,0,36,2013-10-24 22:30:06.370974,15015
4903836,140,Active,2,25,2013-10-24 22:30:06.376202,15015
4903837,141,Active,6,25,2013-10-24 22:30:06.381414,15015
4903838,142,Active,3,40,2013-10-24 22:30:06.38646,15015
4903839,143,Active,14,9,2013-10-24 22:30:06.394471,15015
4903840,144,Active,2,25,2013-10-24 22:30:06.399468,15015
4903841,145,Active,31,5,2013-10-24 22:30:06.404551,15015
4903842,146,Active,0,55,2013-10-24 22:30:06.409872,15015
4903843,147,Active,2,37,2013-10-24 22:30:06.415484,15015
4903844,148,Active,0,43,2013-10-24 22:30:06.420718,15015
4903845,149,Active,0,57,2013-10-24 22:30:06.425947,15015
4903846,150,Active,6,42,2013-10-24 22:30:06.431218,15015
4903847,151,Active,4,23,2013-10-24 22:30:06.436593,15015
4903848,152,Active,8,23,2013-10-24 22:30:06.44172,15015
4903849,153,Active,15,18,2013-10-24 22:30:06.447055,15015
4903850,154,Active,0,34,2013-10-24 22:30:06.4523,15015
4903851,155,Active,31,8,2013-10-24 22:30:06.457518,15015
4903852,156,Active,25,10,2013-10-24 22:30:06.462726,15015
4903853,157,Active,5,22,2013-10-24 22:30:06.468104,15015
4903854,158,Active,3,16,2013-10-24 22:30:06.474003,15015
4903855,159,Active,10,20,2013-10-24 22:30:06.48376,15015
4903856,160,Active,25,18,2013-10-24 22:30:06.489608,15015
4903857,161,Active,27,20,2013-10-24 22:30:06.49511,15015
4903858,162,Inactive,0,59,2013-10-24 22:30:06.500289,15015
4903859,163,Active,28,11,2013-10-24 22:30:06.506912,15015
4903860,164,Active,31,5,2013-10-24 22:30:06.512649,15015
4903861,165,Active,36,3,2013-10-24 22:30:06.518282,15015
4903862,166,Active,4,27,2013-10-24 22:30:06.545646,15015
4903863,167,Active,7,22,2013-10-24 22:30:06.552101,15015
4903864,168,Active,1,42,2013-10-24 22:30:06.557604,15015
4903865,169,Active,1,38,2013-10-24 22:30:06.562807,15015
4903866,170,Active,6,29,2013-10-24 22:30:06.568125,15015
4903867,171,Active,8,19,2013-10-24 22:30:06.573769,15015
4903868,172,Active,23,8,2013-10-24 22:30:06.578802,15015
4903869,173,Active,0,31,2013-10-24 22:30:06.584015,15015
4903870,174,Active,25,7,2013-10-24 22:30:06.589864,15015
4903871,175,Active,10,21,2013-10-24 22:30:06.595382,15015
4903872,176,Active,22,14,2013-10-24 22:30:06.600659,15015
4903873,177,Active,5,25,2013-10-24 22:30:06.606114,15015
4903874,178,Inactive,0,25,2013-10-24 22:30:06.611508,15015
4903875,179,Active,1,26,2013-10-24 22:30:06.617036,15015
4903876,180,Active,14,17,2013-10-24 22:30:06.622555,15015
4903877,181,Active,0,27,2013-10-24 22:30:06.627671,15015
4903878,182,Active,7,8,2013-10-24 22:30:06.632519,15015
4903879,183,Active,3,38,2013-10-24 22:30:06.637682,15015
4903880,184,Active,2,40,2013-10-24 22:30:06.643067,15015
4903881,185,Active,18,13,2013-10-24 22:30:06.648655,15015
4903882,186,Active,35,4,2013-10-24 22:30:06.653822,15015
4903883,187,Active,19,21,2013-10-24 22:30:06.65906,15015
4903884,188,Active,8,26,2013-10-24 22:30:06.664242,15015
4903885,189,Active,2,41,2013-10-24 22:30:06.669395,15015
4903886,190,Active,14,9,2013-10-24 22:30:06.67485,15015
4903887,191,Active,5,14,2013-10-24 22:30:06.680388,15015
4903888,192,Active,12,23,2013-10-24 22:30:06.685781,15015
4903889,193,Active,4,19,2013-10-24 22:30:06.691411,15015
4903890,194,Active,8,21,2013-10-24 22:30:06.696736,15015
4903891,195,Active,4,20,2013-10-24 22:30:06.702283,15015
4903892,196,Active,6,36,2013-10-24 22:30:06.707539,15015
4903893,197,Active,1,30,2013-10-24 22:30:06.712712,15015
4903894,198,Active,1,46,2013-10-24 22:30:06.71813,15015
4903895,199,Active,19,4,2013-10-24 22:30:06.723228,15015
4903896,200,Active,5,18,2013-10-24 22:30:06.728852,15015
4903897,201,Active,1,22,2013-10-24 22:30:06.734333,15015
4903898,202,Active,2,17,2013-10-24 22:30:06.740329,15015
4903899,203,Active,8,47,2013-10-24 22:30:06.746369,15015
4903900,204,Active,3,36,2013-10-24 22:30:06.751745,15015
4903901,205,Active,7,24,2013-10-24 22:30:06.757202,15015
4903902,206,Active,42,17,2013-10-24 22:30:06.762629,15015
4903903,207,Active,11,20,2013-10-24 22:30:06.768848,15015
4903904,208,Active,23,4,2013-10-24 22:30:06.774398,15015
4903905,209,Active,14,16,2013-10-24 22:30:06.780143,15015
4903906,210,Active,21,10,2013-10-24 22:30:06.785792,15015
4903907,211,Active,28,11,2013-10-24 22:30:06.791447,15015
4903908,212,Active,20,7,2013-10-24 22:30:06.797184,15015
4903909,213,Active,5,42,2013-10-24 22:30:06.802413,15015
4903910,214,Active,2,25,2013-10-24 22:30:06.807724,15015
4903911,215,Active,11,16,2013-10-24 22:30:06.813312,15015
4903912,216,Active,18,9,2013-10-24 22:30:06.818986,15015
4903913,217,Active,22,17,2013-10-24 22:30:06.824631,15015
4903914,218,Active,0,32,2013-10-24 22:30:06.830619,15015
4903915,219,Active,2,31,2013-10-24 22:30:06.836048,15015
4903916,220,Active,0,51,2013-10-24 22:30:06.841497,15015
4903917,221,Active,1,22,2013-10-24 22:30:06.847739,15015
4903918,222,Active,0,52,2013-10-24 22:30:06.874683,15015
4903919,223,Active,20,16,2013-10-24 22:30:06.881033,15015
4903920,224,Active,0,39,2013-10-24 22:30:06.886421,15015
4903921,225,Active,4,27,2013-10-24 22:30:06.891786,15015
4903922,226,Active,8,23,2013-10-24 22:30:06.897193,15015
4903923,227,Active,2,29,2013-10-24 22:30:06.902864,15015
4903924,228,Active,0,59,2013-10-24 22:30:06.908636,15015
4903925,229,Active,23,16,2013-10-24 22:30:06.91451,15015
4903926,230,Active,8,27,2013-10-24 22:30:06.920588,15015
4903927,231,Active,0,39,2013-10-24 22:30:06.926079,15015
4903928,232,Active,0,35,2013-10-24 22:30:06.931353,15015
4903929,233,Active,0,59,2013-10-24 22:30:06.936626,15015
4903930,234,Active,0,31,2013-10-24 22:30:06.942064,15015
4903931,235,Active,1,20,2013-10-24 22:30:06.947606,15015
4903932,236,Active,12,11,2013-10-24 22:30:06.95308,15015
4903933,237,Inactive,0,39,2013-10-24 22:30:06.958863,15015
4903934,238,Active,27,20,2013-10-24 22:30:06.9646,15015
4903935,239,Active,7,18,2013-10-24 22:30:06.970403,15015
4903936,240,Active,3,56,2013-10-24 22:30:06.975901,15015
4903937,241,Active,5,34,2013-10-24 22:30:06.98141,15015
4903938,242,Active,0,35,2013-10-24 22:30:06.986702,15015
4903939,243,Active,23,11,2013-10-24 22:30:06.993904,15015
4903940,244,Active,0,59,2013-10-24 22:30:06.999311,15015
4903941,245,Active,0,57,2013-10-24 22:30:07.00511,15015
4903942,246,Active,11,26,2013-10-24 22:30:07.010309,15015
4903943,247,Active,1,26,2013-10-24 22:30:07.01597,15015
4903944,248,Active,0,41,2013-10-24 22:30:07.02211,15015
4903945,249,Active,8,34,2013-10-24 22:30:07.027687,15015
4903946,250,Active,3,44,2013-10-24 22:30:07.03343,15015
4903947,251,Active,6,31,2013-10-24 22:30:07.038918,15015
4903948,252,Inactive,0,44,2013-10-24 22:30:07.044788,15015
4903949,253,Active,44,15,2013-10-24 22:30:07.050464,15015
4903950,254,Active,26,5,2013-10-24 22:30:07.056606,15015
4903951,255,Active,15,16,2013-10-24 22:30:07.062097,15015
4903952,256,Active,8,19,2013-10-24 22:30:07.072019,15015
4903953,257,Active,3,22,2013-10-24 22:30:07.077555,15015
4903954,258,Active,29,10,2013-10-24 22:30:07.083446,15015
4903955,259,Active,13,22,2013-10-24 22:30:07.089157,15015
4903956,260,Active,1,43,2013-10-24 22:30:07.094812,15015
4903957,261,Active,1,38,2013-10-24 22:30:07.100654,15015
4903958,262,Active,1,38,2013-10-24 22:30:07.105987,15015
4903959,263,Active,28,8,2013-10-24 22:30:07.111588,15015
4903960,264,Active,31,10,2013-10-24 22:30:07.118146,15015
4903961,265,Active,6,31,2013-10-24 22:30:07.12381,15015
4903962,266,Active,24,35,2013-10-24 22:30:07.129705,15015
4903963,267,Active,0,53,2013-10-24 22:30:07.135407,15015
4903964,268,Active,47,2,2013-10-24 22:30:07.141178,15015
4903965,269,Active,0,34,2013-10-24 22:30:07.146687,15015
4903966,270,Active,17,18,2013-10-24 22:30:07.152094,15015
4903967,271,Active,19,6,2013-10-24 22:30:07.15748,15015
4903968,272,Inactive,0,35,2013-10-24 22:30:07.16339,15015
4903969,273,Active,9,50,2013-10-24 22:30:07.169159,15015
4903970,274,Active,5,25,2013-10-24 22:30:07.174462,15015
4903971,275,Active,13,23,2013-10-24 22:30:07.180157,15015
4903972,276,Active,0,52,2013-10-24 22:30:07.185816,15015
4903973,277,Active,34,9,2013-10-24 22:30:07.191527,15015
4903974,330,Active,16,14,2013-10-24 22:30:07.22273,15015
4903975,278,Inactive,0,27,2013-10-24 22:30:07.229356,15015
4903976,279,Active,4,41,2013-10-24 22:30:07.235445,15015
4903977,280,Active,29,7,2013-10-24 22:30:07.241332,15015
4903978,281,Active,4,43,2013-10-24 22:30:07.247378,15015
4903979,282,Active,2,22,2013-10-24 22:30:07.253482,15015
4903980,283,Active,32,4,2013-10-24 22:30:07.259238,15015
4903981,284,Active,1,50,2013-10-24 22:30:07.265225,15015
4903982,285,Active,17,16,2013-10-24 22:30:07.270774,15015
4903983,286,Active,11,16,2013-10-24 22:30:07.276457,15015
4903984,287,Active,1,26,2013-10-24 22:30:07.281861,15015
4903985,288,Active,35,18,2013-10-24 22:30:07.28738,15015
4903986,289,Active,32,3,2013-10-24 22:30:07.292751,15015
4903987,290,Active,4,27,2013-10-24 22:30:07.298634,15015
4903988,291,Active,1,58,2013-10-24 22:30:07.303656,15015
4903989,292,Active,2,37,2013-10-24 22:30:07.309461,15015
4903990,293,Active,7,54,2013-10-24 22:30:07.314649,15015
4903991,294,Active,0,39,2013-10-24 22:30:07.320111,15015
4903992,295,Active,53,14,2013-10-24 22:30:07.32568,15015
4903993,296,Active,0,51,2013-10-24 22:30:07.330967,15015
4903994,297,Active,19,32,2013-10-24 22:30:07.336624,15015
4903995,298,Active,0,57,2013-10-24 22:30:07.343122,15015
4903996,299,Active,3,36,2013-10-24 22:30:07.351379,15015
4903997,300,Active,1,42,2013-10-24 22:30:07.356595,15015
4903998,301,Inactive,0,7,2013-10-24 22:30:07.362637,15015
4903999,302,Active,22,17,2013-10-24 22:30:07.36846,15015
4904000,303,Active,25,16,2013-10-24 22:30:07.374957,15015
4904001,304,Active,15,21,2013-10-24 22:30:07.380241,15015
4904002,305,Active,13,26,2013-10-24 22:30:07.386078,15015
4904003,306,Active,8,35,2013-10-24 22:30:07.391701,15015
4904004,307,Active,1,47,2013-10-24 22:30:07.397647,15015
4904005,308,Active,2,29,2013-10-24 22:30:07.403358,15015
4904006,309,Active,6,23,2013-10-24 22:30:07.408467,15015
4904007,310,Active,0,39,2013-10-24 22:30:07.414038,15015
4904008,311,Active,2,37,2013-10-24 22:30:07.41938,15015
4904009,312,Active,23,8,2013-10-24 22:30:07.424879,15015
4904010,313,Active,0,39,2013-10-24 22:30:07.430814,15015
4904011,314,Active,18,9,2013-10-24 22:30:07.436188,15015
4904012,315,Active,2,36,2013-10-24 22:30:07.441623,15015
4904013,316,Active,20,10,2013-10-24 22:30:07.447263,15015
4904014,317,Active,0,15,2013-10-24 22:30:07.452998,15015
4904015,318,Active,23,4,2013-10-24 22:30:07.458583,15015
4904016,319,Active,16,14,2013-10-24 22:30:07.464171,15015
4904017,320,Active,15,21,2013-10-24 22:30:07.469499,15015
4904018,321,Active,8,4,2013-10-24 22:30:07.475045,15015
4904019,322,Active,11,38,2013-10-24 22:30:07.484213,15015
4904020,332,Active,8,16,2013-10-24 22:30:07.489469,15015
4904021,327,Active,18,14,2013-10-24 22:30:07.4948,15015
4904022,328,Active,23,16,2013-10-24 22:30:07.500067,15015
4904023,331,Active,1,35,2013-10-24 22:30:07.50515,15015
4904024,323,Active,0,39,2013-10-24 22:30:07.510515,15015
4904025,324,Active,24,19,2013-10-24 22:30:07.516202,15015
4904026,329,Active,9,24,2013-10-24 22:30:07.521857,15015
4904027,325,Active,0,36,2013-10-24 22:30:07.527165,15015
4904028,326,Active,9,16,2013-10-24 22:30:07.533,15015
4904029,1,Active,25,14,2013-10-24 22:40:05.54773,15016
4904030,2,Active,30,3,2013-10-24 22:40:05.558628,15016
4904031,3,Active,14,12,2013-10-24 22:40:05.563369,15016
4904032,4,Active,2,60,2013-10-24 22:40:05.568088,15016
4904033,5,Active,1,38,2013-10-24 22:40:05.572789,15016
4904034,6,Active,13,6,2013-10-24 22:40:05.577521,15016
4904035,7,Active,2,17,2013-10-24 22:40:05.582059,15016
4904036,8,Active,25,6,2013-10-24 22:40:05.586958,15016
4904037,9,Active,20,10,2013-10-24 22:40:05.591739,15016
4904038,10,Active,3,43,2013-10-24 22:40:05.597127,15016
4904039,11,Active,2,22,2013-10-24 22:40:05.60372,15016
4904040,12,Active,10,9,2013-10-24 22:40:05.608764,15016
4904041,13,Active,10,29,2013-10-24 22:40:05.613619,15016
4904042,14,Active,10,23,2013-10-24 22:40:05.618103,15016
4904043,15,Active,11,20,2013-10-24 22:40:05.623192,15016
4904044,16,Active,7,26,2013-10-24 22:40:05.628053,15016
4904045,17,Active,5,24,2013-10-24 22:40:05.633066,15016
4904046,18,Active,0,55,2013-10-24 22:40:05.637664,15016
4904047,19,Active,15,8,2013-10-24 22:40:05.642272,15016
4904048,20,Active,3,23,2013-10-24 22:40:05.646994,15016
4904049,21,Active,23,12,2013-10-24 22:40:05.652008,15016
4904050,22,Active,1,46,2013-10-24 22:40:05.656398,15016
4904051,23,Active,1,44,2013-10-24 22:40:05.661338,15016
4904052,24,Active,1,46,2013-10-24 22:40:05.665902,15016
4904053,25,Active,3,48,2013-10-24 22:40:05.670876,15016
4904054,26,Active,5,25,2013-10-24 22:40:05.675834,15016
4904055,27,Active,0,45,2013-10-24 22:40:05.680341,15016
4904056,28,Active,2,26,2013-10-24 22:40:05.6858,15016
4904057,29,Active,3,20,2013-10-24 22:40:05.690421,15016
4904058,30,Active,19,20,2013-10-24 22:40:05.695294,15016
4904059,31,Active,9,29,2013-10-24 22:40:05.700381,15016
4904060,32,Active,10,23,2013-10-24 22:40:05.705078,15016
4904061,33,Active,6,25,2013-10-24 22:40:05.709806,15016
4904062,34,Active,18,19,2013-10-24 22:40:05.716,15016
4904063,35,Active,0,55,2013-10-24 22:40:05.72075,15016
4904064,36,Active,27,0,2013-10-24 22:40:05.72539,15016
4904065,37,Active,0,23,2013-10-24 22:40:05.73025,15016
4904066,38,Active,8,31,2013-10-24 22:40:05.734837,15016
4904067,39,Active,20,19,2013-10-24 22:40:05.73978,15016
4904068,40,Active,28,11,2013-10-24 22:40:05.744405,15016
4904069,41,Active,22,9,2013-10-24 22:40:05.749124,15016
4904070,42,Active,5,26,2013-10-24 22:40:05.75408,15016
4904071,43,Active,3,20,2013-10-24 22:40:05.758597,15016
4904072,44,Active,0,23,2013-10-24 22:40:05.763722,15016
4904073,45,Active,31,8,2013-10-24 22:40:05.768926,15016
4904074,46,Active,1,30,2013-10-24 22:40:05.773979,15016
4904075,47,Active,2,21,2013-10-24 22:40:05.778779,15016
4904076,48,Active,10,10,2013-10-24 22:40:05.783512,15016
4904077,49,Active,15,8,2013-10-24 22:40:05.792315,15016
4904078,50,Active,13,14,2013-10-24 22:40:05.797127,15016
4904079,51,Active,8,32,2013-10-24 22:40:05.802364,15016
4904080,52,Active,3,24,2013-10-24 22:40:05.807379,15016
4904081,53,Active,10,23,2013-10-24 22:40:05.81211,15016
4904082,54,Active,1,46,2013-10-24 22:40:05.81726,15016
4904083,55,Active,18,13,2013-10-24 22:40:05.822155,15016
4904084,56,Active,25,14,2013-10-24 22:40:05.852586,15016
4904085,57,Active,4,19,2013-10-24 22:40:05.858662,15016
4904086,58,Active,18,21,2013-10-24 22:40:05.864877,15016
4904087,59,Active,2,33,2013-10-24 22:40:05.871538,15016
4904088,60,Active,12,15,2013-10-24 22:40:05.883764,15016
4904089,61,Active,5,19,2013-10-24 22:40:05.889951,15016
4904090,62,Active,24,7,2013-10-24 22:40:05.895938,15016
4904091,63,Active,0,27,2013-10-24 22:40:05.901622,15016
4904092,64,Active,8,27,2013-10-24 22:40:05.907689,15016
4904093,65,Active,2,22,2013-10-24 22:40:05.913347,15016
4904094,66,Active,2,55,2013-10-24 22:40:05.920459,15016
4904095,67,Active,7,20,2013-10-24 22:40:05.92644,15016
4904096,68,Active,12,11,2013-10-24 22:40:05.932333,15016
4904097,69,Active,15,24,2013-10-24 22:40:05.939399,15016
4904098,70,Active,8,23,2013-10-24 22:40:05.953275,15016
4904099,71,Active,4,15,2013-10-24 22:40:05.959612,15016
4904100,72,Active,13,11,2013-10-24 22:40:05.965374,15016
4904101,73,Active,6,13,2013-10-24 22:40:05.971053,15016
4904102,74,Active,19,0,2013-10-24 22:40:05.977167,15016
4904103,75,Active,1,30,2013-10-24 22:40:05.983331,15016
4904104,76,Active,1,58,2013-10-24 22:40:05.989872,15016
4904105,77,Active,5,22,2013-10-24 22:40:05.995205,15016
4904106,78,Active,34,9,2013-10-24 22:40:06.000776,15016
4904107,79,Active,17,30,2013-10-24 22:40:06.00629,15016
4904108,80,Active,1,18,2013-10-24 22:40:06.011913,15016
4904109,81,Active,8,21,2013-10-24 22:40:06.017863,15016
4904110,82,Active,12,8,2013-10-24 22:40:06.023746,15016
4904111,83,Active,2,53,2013-10-24 22:40:06.029624,15016
4904112,84,Active,4,27,2013-10-24 22:40:06.036082,15016
4904113,85,Active,7,17,2013-10-24 22:40:06.04198,15016
4904114,86,Active,28,7,2013-10-24 22:40:06.048235,15016
4904115,87,Active,12,15,2013-10-24 22:40:06.054637,15016
4904116,88,Active,26,9,2013-10-24 22:40:06.061364,15016
4904117,89,Active,4,51,2013-10-24 22:40:06.067092,15016
4904118,90,Active,19,18,2013-10-24 22:40:06.072871,15016
4904119,91,Active,12,11,2013-10-24 22:40:06.07863,15016
4904120,92,Active,17,14,2013-10-24 22:40:06.084226,15016
4904121,93,Active,12,24,2013-10-24 22:40:06.093074,15016
4904122,94,Active,2,31,2013-10-24 22:40:06.099164,15016
4904123,95,Active,27,10,2013-10-24 22:40:06.104881,15016
4904124,96,Active,7,24,2013-10-24 22:40:06.11061,15016
4904125,97,Active,14,13,2013-10-24 22:40:06.116192,15016
4904126,98,Active,1,40,2013-10-24 22:40:06.121965,15016
4904127,99,Active,18,17,2013-10-24 22:40:06.127344,15016
4904128,100,Active,8,22,2013-10-24 22:40:06.133056,15016
4904129,101,Active,13,18,2013-10-24 22:40:06.138985,15016
4904130,102,Active,5,18,2013-10-24 22:40:06.14451,15016
4904131,103,Active,0,39,2013-10-24 22:40:06.150244,15016
4904132,104,Active,19,10,2013-10-24 22:40:06.156076,15016
4904133,105,Active,7,36,2013-10-24 22:40:06.161431,15016
4904134,106,Active,24,3,2013-10-24 22:40:06.167744,15016
4904135,107,Active,1,30,2013-10-24 22:40:06.174236,15016
4904136,108,Active,0,35,2013-10-24 22:40:06.180012,15016
4904137,109,Active,1,38,2013-10-24 22:40:06.18618,15016
4904138,110,Active,1,26,2013-10-24 22:40:06.191477,15016
4904139,111,Active,6,25,2013-10-24 22:40:06.197299,15016
4904140,112,Active,22,17,2013-10-24 22:40:06.225593,15016
4904141,113,Active,39,12,2013-10-24 22:40:06.232256,15016
4904142,114,Active,15,20,2013-10-24 22:40:06.238396,15016
4904143,115,Active,8,19,2013-10-24 22:40:06.252087,15016
4904144,116,Active,5,34,2013-10-24 22:40:06.257747,15016
4904145,117,Active,3,20,2013-10-24 22:40:06.263547,15016
4904146,118,Active,0,31,2013-10-24 22:40:06.269268,15016
4904147,119,Active,16,23,2013-10-24 22:40:06.274637,15016
4904148,120,Active,4,23,2013-10-24 22:40:06.280027,15016
4904149,121,Active,4,20,2013-10-24 22:40:06.285753,15016
4904150,122,Active,14,17,2013-10-24 22:40:06.291089,15016
4904151,123,Active,9,18,2013-10-24 22:40:06.297029,15016
4904152,124,Active,17,19,2013-10-24 22:40:06.302719,15016
4904153,125,Active,0,37,2013-10-24 22:40:06.308312,15016
4904154,126,Active,3,21,2013-10-24 22:40:06.314171,15016
4904155,127,Active,7,20,2013-10-24 22:40:06.319644,15016
4904156,128,Active,6,13,2013-10-24 22:40:06.325924,15016
4904157,129,Active,9,20,2013-10-24 22:40:06.33178,15016
4904158,130,Active,15,8,2013-10-24 22:40:06.337883,15016
4904159,131,Active,2,21,2013-10-24 22:40:06.348976,15016
4904160,132,Active,12,23,2013-10-24 22:40:06.354895,15016
4904161,133,Active,19,8,2013-10-24 22:40:06.360466,15016
4904162,134,Active,2,33,2013-10-24 22:40:06.365962,15016
4904163,135,Active,40,2,2013-10-24 22:40:06.371241,15016
4904164,136,Active,3,20,2013-10-24 22:40:06.376753,15016
4904165,137,Active,23,5,2013-10-24 22:40:06.382619,15016
4904166,138,Active,18,21,2013-10-24 22:40:06.388222,15016
4904167,139,Active,2,34,2013-10-24 22:40:06.393835,15016
4904168,140,Active,3,24,2013-10-24 22:40:06.399067,15016
4904169,141,Active,7,24,2013-10-24 22:40:06.412719,15016
4904170,142,Active,3,40,2013-10-24 22:40:06.418647,15016
4904171,143,Active,16,7,2013-10-24 22:40:06.427959,15016
4904172,144,Active,3,24,2013-10-24 22:40:06.433542,15016
4904173,145,Active,26,10,2013-10-24 22:40:06.439314,15016
4904174,146,Active,0,55,2013-10-24 22:40:06.445083,15016
4904175,147,Active,0,39,2013-10-24 22:40:06.451059,15016
4904176,148,Active,0,43,2013-10-24 22:40:06.45696,15016
4904177,149,Active,0,57,2013-10-24 22:40:06.462613,15016
4904178,150,Active,11,37,2013-10-24 22:40:06.468169,15016
4904179,151,Active,4,23,2013-10-24 22:40:06.474295,15016
4904180,152,Active,7,24,2013-10-24 22:40:06.479941,15016
4904181,153,Active,14,19,2013-10-24 22:40:06.485904,15016
4904182,154,Active,0,34,2013-10-24 22:40:06.491599,15016
4904183,155,Active,29,10,2013-10-24 22:40:06.497181,15016
4904184,156,Active,26,9,2013-10-24 22:40:06.503598,15016
4904185,157,Active,5,22,2013-10-24 22:40:06.509382,15016
4904186,158,Active,3,16,2013-10-24 22:40:06.516,15016
4904187,159,Active,11,19,2013-10-24 22:40:06.521655,15016
4904188,160,Active,24,19,2013-10-24 22:40:06.527565,15016
4904189,161,Active,28,19,2013-10-24 22:40:06.533245,15016
4904190,162,Inactive,0,59,2013-10-24 22:40:06.542881,15016
4904191,163,Active,33,6,2013-10-24 22:40:06.548535,15016
4904192,164,Active,30,6,2013-10-24 22:40:06.553856,15016
4904193,165,Active,37,2,2013-10-24 22:40:06.560553,15016
4904194,166,Active,5,26,2013-10-24 22:40:06.566449,15016
4904195,167,Active,8,21,2013-10-24 22:40:06.572308,15016
4904196,168,Active,0,43,2013-10-24 22:40:06.601767,15016
4904197,169,Active,0,39,2013-10-24 22:40:06.608111,15016
4904198,170,Active,4,31,2013-10-24 22:40:06.618854,15016
4904199,171,Active,8,19,2013-10-24 22:40:06.629204,15016
4904200,172,Active,23,8,2013-10-24 22:40:06.635206,15016
4904201,173,Active,2,29,2013-10-24 22:40:06.64107,15016
4904202,174,Active,24,8,2013-10-24 22:40:06.646582,15016
4904203,175,Active,9,22,2013-10-24 22:40:06.652308,15016
4904204,176,Active,22,14,2013-10-24 22:40:06.657849,15016
4904205,177,Active,6,24,2013-10-24 22:40:06.66412,15016
4904206,178,Inactive,0,25,2013-10-24 22:40:06.669315,15016
4904207,179,Active,0,27,2013-10-24 22:40:06.675163,15016
4904208,180,Active,15,16,2013-10-24 22:40:06.680543,15016
4904209,181,Active,2,25,2013-10-24 22:40:06.68642,15016
4904210,182,Active,8,7,2013-10-24 22:40:06.691879,15016
4904211,183,Active,7,34,2013-10-24 22:40:06.697457,15016
4904212,184,Active,0,42,2013-10-24 22:40:06.703064,15016
4904213,185,Active,19,12,2013-10-24 22:40:06.708935,15016
4904214,186,Active,32,7,2013-10-24 22:40:06.714454,15016
4904215,187,Active,25,15,2013-10-24 22:40:06.7206,15016
4904216,188,Active,9,25,2013-10-24 22:40:06.726436,15016
4904217,189,Active,2,41,2013-10-24 22:40:06.733271,15016
4904218,190,Active,14,9,2013-10-24 22:40:06.739606,15016
4904219,191,Active,6,13,2013-10-24 22:40:06.745148,15016
4904220,192,Active,12,23,2013-10-24 22:40:06.751146,15016
4904221,193,Active,4,19,2013-10-24 22:40:06.757144,15016
4904222,194,Active,8,21,2013-10-24 22:40:06.762905,15016
4904223,195,Active,4,20,2013-10-24 22:40:06.768391,15016
4904224,196,Active,4,38,2013-10-24 22:40:06.774531,15016
4904225,197,Active,3,28,2013-10-24 22:40:06.780364,15016
4904226,198,Active,0,47,2013-10-24 22:40:06.785891,15016
4904227,199,Active,19,4,2013-10-24 22:40:06.791477,15016
4904228,200,Active,6,17,2013-10-24 22:40:06.797106,15016
4904229,201,Active,1,22,2013-10-24 22:40:06.80288,15016
4904230,202,Active,2,17,2013-10-24 22:40:06.808603,15016
4904231,203,Active,6,49,2013-10-24 22:40:06.814142,15016
4904232,204,Active,1,38,2013-10-24 22:40:06.819908,15016
4904233,205,Active,9,22,2013-10-24 22:40:06.825762,15016
4904234,206,Active,42,17,2013-10-24 22:40:06.831639,15016
4904235,207,Active,11,20,2013-10-24 22:40:06.837282,15016
4904236,208,Active,23,4,2013-10-24 22:40:06.842919,15016
4904237,209,Active,14,16,2013-10-24 22:40:06.849129,15016
4904238,210,Active,21,10,2013-10-24 22:40:06.855584,15016
4904239,211,Active,30,9,2013-10-24 22:40:06.869907,15016
4904240,212,Active,18,9,2013-10-24 22:40:06.875527,15016
4904241,213,Active,2,45,2013-10-24 22:40:06.881285,15016
4904242,214,Active,2,25,2013-10-24 22:40:06.887101,15016
4904243,215,Active,11,16,2013-10-24 22:40:06.892389,15016
4904244,216,Active,20,7,2013-10-24 22:40:06.898217,15016
4904245,217,Active,24,15,2013-10-24 22:40:06.903986,15016
4904246,218,Active,0,32,2013-10-24 22:40:06.909591,15016
4904247,219,Active,2,31,2013-10-24 22:40:06.915335,15016
4904248,220,Active,0,51,2013-10-24 22:40:06.920914,15016
4904249,221,Active,1,22,2013-10-24 22:40:06.926393,15016
4904250,222,Active,2,50,2013-10-24 22:40:06.932114,15016
4904251,223,Active,25,11,2013-10-24 22:40:06.938199,15016
4904252,224,Active,0,39,2013-10-24 22:40:06.968106,15016
4904253,225,Active,3,28,2013-10-24 22:40:06.974118,15016
4904254,226,Active,28,3,2013-10-24 22:40:06.980144,15016
4904255,227,Active,2,29,2013-10-24 22:40:06.986081,15016
4904256,228,Active,3,56,2013-10-24 22:40:06.992201,15016
4904257,229,Active,25,14,2013-10-24 22:40:06.998378,15016
4904258,230,Active,9,26,2013-10-24 22:40:07.004665,15016
4904259,231,Active,0,39,2013-10-24 22:40:07.0106,15016
4904260,232,Active,0,35,2013-10-24 22:40:07.016533,15016
4904261,233,Active,4,55,2013-10-24 22:40:07.024257,15016
4904262,234,Active,0,31,2013-10-24 22:40:07.030309,15016
4904263,235,Active,5,16,2013-10-24 22:40:07.036188,15016
4904264,236,Active,13,10,2013-10-24 22:40:07.042433,15016
4904265,237,Inactive,0,39,2013-10-24 22:40:07.048259,15016
4904266,238,Active,29,18,2013-10-24 22:40:07.054259,15016
4904267,239,Active,8,17,2013-10-24 22:40:07.059873,15016
4904268,240,Active,3,56,2013-10-24 22:40:07.065909,15016
4904269,241,Active,5,34,2013-10-24 22:40:07.071725,15016
4904270,242,Active,3,32,2013-10-24 22:40:07.076853,15016
4904271,243,Active,24,10,2013-10-24 22:40:07.082505,15016
4904272,244,Active,0,59,2013-10-24 22:40:07.087905,15016
4904273,245,Active,1,56,2013-10-24 22:40:07.093839,15016
4904274,246,Active,16,21,2013-10-24 22:40:07.099474,15016
4904275,247,Active,3,24,2013-10-24 22:40:07.106239,15016
4904276,248,Active,1,40,2013-10-24 22:40:07.112589,15016
4904277,249,Active,6,36,2013-10-24 22:40:07.118562,15016
4904278,250,Active,0,47,2013-10-24 22:40:07.124323,15016
4904279,251,Active,7,30,2013-10-24 22:40:07.129625,15016
4904280,252,Inactive,0,44,2013-10-24 22:40:07.135162,15016
4904281,253,Active,36,23,2013-10-24 22:40:07.140881,15016
4904282,254,Active,26,5,2013-10-24 22:40:07.146573,15016
4904283,255,Active,11,20,2013-10-24 22:40:07.151829,15016
4904284,256,Active,11,16,2013-10-24 22:40:07.162194,15016
4904285,257,Active,4,21,2013-10-24 22:40:07.168305,15016
4904286,258,Active,29,10,2013-10-24 22:40:07.174001,15016
4904287,259,Active,15,20,2013-10-24 22:40:07.179797,15016
4904288,260,Active,0,44,2013-10-24 22:40:07.185739,15016
4904289,261,Active,0,39,2013-10-24 22:40:07.191658,15016
4904290,262,Active,3,36,2013-10-24 22:40:07.197145,15016
4904291,263,Active,30,6,2013-10-24 22:40:07.20285,15016
4904292,264,Active,31,10,2013-10-24 22:40:07.208104,15016
4904293,265,Active,5,32,2013-10-24 22:40:07.213626,15016
4904294,266,Active,26,33,2013-10-24 22:40:07.21927,15016
4904295,267,Active,0,53,2013-10-24 22:40:07.225201,15016
4904296,268,Active,41,8,2013-10-24 22:40:07.2308,15016
4904297,269,Active,2,32,2013-10-24 22:40:07.236115,15016
4904298,270,Active,18,17,2013-10-24 22:40:07.242117,15016
4904299,271,Active,22,3,2013-10-24 22:40:07.247601,15016
4904300,272,Inactive,0,35,2013-10-24 22:40:07.253196,15016
4904301,273,Active,9,50,2013-10-24 22:40:07.258804,15016
4904302,274,Active,3,27,2013-10-24 22:40:07.264489,15016
4904303,275,Active,11,25,2013-10-24 22:40:07.270026,15016
4904304,276,Active,0,52,2013-10-24 22:40:07.275707,15016
4904305,277,Active,35,8,2013-10-24 22:40:07.281577,15016
4904306,330,Active,15,15,2013-10-24 22:40:07.288074,15016
4904307,278,Inactive,0,27,2013-10-24 22:40:07.29423,15016
4904308,279,Active,8,37,2013-10-24 22:40:07.32365,15016
4904309,280,Active,30,6,2013-10-24 22:40:07.329203,15016
4904310,281,Active,7,40,2013-10-24 22:40:07.335142,15016
4904311,282,Active,2,22,2013-10-24 22:40:07.340494,15016
4904312,283,Active,28,8,2013-10-24 22:40:07.346512,15016
4904313,284,Active,0,51,2013-10-24 22:40:07.351962,15016
4904314,285,Active,17,16,2013-10-24 22:40:07.357921,15016
4904315,286,Active,10,17,2013-10-24 22:40:07.3635,15016
4904316,287,Active,2,25,2013-10-24 22:40:07.369089,15016
4904317,288,Active,35,18,2013-10-24 22:40:07.374551,15016
4904318,289,Active,32,3,2013-10-24 22:40:07.381238,15016
4904319,290,Active,3,28,2013-10-24 22:40:07.387193,15016
4904320,291,Active,1,58,2013-10-24 22:40:07.393057,15016
4904321,292,Active,4,35,2013-10-24 22:40:07.398878,15016
4904322,293,Active,3,58,2013-10-24 22:40:07.404302,15016
4904323,294,Active,0,39,2013-10-24 22:40:07.40994,15016
4904324,295,Active,61,6,2013-10-24 22:40:07.415955,15016
4904325,296,Active,0,51,2013-10-24 22:40:07.42135,15016
4904326,297,Active,18,33,2013-10-24 22:40:07.427078,15016
4904327,298,Active,1,56,2013-10-24 22:40:07.432526,15016
4904328,299,Active,5,34,2013-10-24 22:40:07.443811,15016
4904329,300,Active,1,42,2013-10-24 22:40:07.449717,15016
4904330,301,Inactive,0,7,2013-10-24 22:40:07.454829,15016
4904331,302,Active,27,12,2013-10-24 22:40:07.460217,15016
4904332,303,Active,26,15,2013-10-24 22:40:07.465908,15016
4904333,304,Active,17,19,2013-10-24 22:40:07.47149,15016
4904334,305,Active,17,22,2013-10-24 22:40:07.47714,15016
4904335,306,Active,9,34,2013-10-24 22:40:07.482888,15016
4904336,307,Active,1,47,2013-10-24 22:40:07.488688,15016
4904337,308,Active,2,29,2013-10-24 22:40:07.494696,15016
4904338,309,Active,6,23,2013-10-24 22:40:07.500236,15016
4904339,310,Active,2,37,2013-10-24 22:40:07.506046,15016
4904340,311,Active,0,39,2013-10-24 22:40:07.513651,15016
4904341,312,Active,24,7,2013-10-24 22:40:07.519533,15016
4904342,313,Active,1,38,2013-10-24 22:40:07.525077,15016
4904343,314,Active,19,8,2013-10-24 22:40:07.531158,15016
4904344,315,Active,3,35,2013-10-24 22:40:07.537262,15016
4904345,316,Active,20,10,2013-10-24 22:40:07.54333,15016
4904346,317,Active,0,15,2013-10-24 22:40:07.549119,15016
4904347,318,Active,23,4,2013-10-24 22:40:07.55445,15016
4904348,319,Active,19,11,2013-10-24 22:40:07.560037,15016
4904349,320,Active,15,21,2013-10-24 22:40:07.565467,15016
4904350,321,Active,8,4,2013-10-24 22:40:07.570943,15016
4904351,322,Active,11,38,2013-10-24 22:40:07.579224,15016
4904352,332,Active,9,15,2013-10-24 22:40:07.584626,15016
4904353,327,Active,19,13,2013-10-24 22:40:07.589907,15016
4904354,328,Active,21,18,2013-10-24 22:40:07.595042,15016
4904355,331,Active,3,33,2013-10-24 22:40:07.600192,15016
4904356,323,Active,0,39,2013-10-24 22:40:07.605566,15016
4904357,324,Active,24,19,2013-10-24 22:40:07.61068,15016
4904358,329,Active,9,24,2013-10-24 22:40:07.615911,15016
4904359,325,Active,0,36,2013-10-24 22:40:07.621357,15016
4904360,326,Active,4,21,2013-10-24 22:40:07.626659,15016
4904361,1,Active,22,17,2013-10-24 22:50:05.822449,15017
4904362,2,Active,30,3,2013-10-24 22:50:05.831013,15017
4904363,3,Active,14,12,2013-10-24 22:50:05.836125,15017
4904364,4,Active,1,61,2013-10-24 22:50:05.841094,15017
4904365,5,Active,3,36,2013-10-24 22:50:05.845788,15017
4904366,6,Active,14,5,2013-10-24 22:50:05.850945,15017
4904367,7,Active,2,17,2013-10-24 22:50:05.855815,15017
4904368,8,Active,26,5,2013-10-24 22:50:05.860376,15017
4904369,9,Active,19,11,2013-10-24 22:50:05.890588,15017
4904370,10,Active,0,46,2013-10-24 22:50:05.895169,15017
4904371,11,Active,3,21,2013-10-24 22:50:05.899594,15017
4904372,12,Active,12,7,2013-10-24 22:50:05.904873,15017
4904373,13,Active,10,29,2013-10-24 22:50:05.910551,15017
4904374,14,Active,6,27,2013-10-24 22:50:05.91515,15017
4904375,15,Active,13,18,2013-10-24 22:50:05.919631,15017
4904376,16,Active,6,27,2013-10-24 22:50:05.925057,15017
4904377,17,Active,4,25,2013-10-24 22:50:05.93026,15017
4904378,18,Active,0,55,2013-10-24 22:50:05.961545,15017
4904379,19,Active,17,6,2013-10-24 22:50:05.966788,15017
4904380,20,Active,3,23,2013-10-24 22:50:05.971137,15017
4904381,21,Active,27,8,2013-10-24 22:50:05.975496,15017
4904382,22,Active,1,46,2013-10-24 22:50:05.98008,15017
4904383,23,Active,1,44,2013-10-24 22:50:05.984888,15017
4904384,24,Active,1,46,2013-10-24 22:50:05.98964,15017
4904385,25,Active,0,51,2013-10-24 22:50:05.994278,15017
4904386,26,Active,5,25,2013-10-24 22:50:05.999233,15017
4904387,27,Active,0,45,2013-10-24 22:50:06.031832,15017
4904388,28,Active,4,24,2013-10-24 22:50:06.038719,15017
4904389,29,Active,3,20,2013-10-24 22:50:06.043819,15017
4904390,30,Active,19,20,2013-10-24 22:50:06.048598,15017
4904391,31,Active,8,30,2013-10-24 22:50:06.053326,15017
4904392,32,Active,11,22,2013-10-24 22:50:06.058196,15017
4904393,33,Active,7,24,2013-10-24 22:50:06.062547,15017
4904394,34,Active,17,20,2013-10-24 22:50:06.068026,15017
4904395,35,Active,0,55,2013-10-24 22:50:06.099315,15017
4904396,36,Active,27,0,2013-10-24 22:50:06.10398,15017
4904397,37,Active,0,23,2013-10-24 22:50:06.108777,15017
4904398,38,Active,7,32,2013-10-24 22:50:06.113621,15017
4904399,39,Active,23,16,2013-10-24 22:50:06.118497,15017
4904400,40,Active,30,9,2013-10-24 22:50:06.12293,15017
4904401,41,Active,24,7,2013-10-24 22:50:06.128136,15017
4904402,42,Active,6,25,2013-10-24 22:50:06.133398,15017
4904403,43,Active,2,21,2013-10-24 22:50:06.138335,15017
4904404,44,Active,1,22,2013-10-24 22:50:06.172162,15017
4904405,45,Active,30,9,2013-10-24 22:50:06.177754,15017
4904406,46,Active,2,29,2013-10-24 22:50:06.182965,15017
4904407,47,Active,2,21,2013-10-24 22:50:06.187909,15017
4904408,48,Active,11,9,2013-10-24 22:50:06.192998,15017
4904409,49,Active,14,9,2013-10-24 22:50:06.197736,15017
4904410,50,Active,13,14,2013-10-24 22:50:06.202542,15017
4904411,51,Active,4,36,2013-10-24 22:50:06.207696,15017
4904412,52,Active,5,22,2013-10-24 22:50:06.241069,15017
4904413,53,Active,11,22,2013-10-24 22:50:06.246749,15017
4904414,54,Active,0,47,2013-10-24 22:50:06.251676,15017
4904415,55,Active,20,11,2013-10-24 22:50:06.256604,15017
4904416,56,Active,23,16,2013-10-24 22:50:06.284404,15017
4904417,57,Active,6,17,2013-10-24 22:50:06.312115,15017
4904418,58,Active,19,20,2013-10-24 22:50:06.318516,15017
4904419,59,Active,3,32,2013-10-24 22:50:06.324253,15017
4904420,60,Active,12,15,2013-10-24 22:50:06.329895,15017
4904421,61,Active,6,18,2013-10-24 22:50:06.338988,15017
4904422,62,Active,23,8,2013-10-24 22:50:06.345134,15017
4904423,63,Active,1,26,2013-10-24 22:50:06.350565,15017
4904424,64,Active,7,28,2013-10-24 22:50:06.356619,15017
4904425,65,Active,5,19,2013-10-24 22:50:06.362888,15017
4904426,66,Active,0,57,2013-10-24 22:50:06.397084,15017
4904427,67,Active,7,20,2013-10-24 22:50:06.403497,15017
4904428,68,Active,20,3,2013-10-24 22:50:06.409851,15017
4904429,69,Active,16,23,2013-10-24 22:50:06.415659,15017
4904430,70,Active,7,24,2013-10-24 22:50:06.422174,15017
4904431,71,Active,4,15,2013-10-24 22:50:06.428693,15017
4904432,72,Active,12,12,2013-10-24 22:50:06.434105,15017
4904433,73,Active,7,12,2013-10-24 22:50:06.465475,15017
4904434,74,Active,19,0,2013-10-24 22:50:06.471011,15017
4904435,75,Active,2,29,2013-10-24 22:50:06.476659,15017
4904436,76,Active,1,58,2013-10-24 22:50:06.483227,15017
4904437,77,Active,5,22,2013-10-24 22:50:06.490242,15017
4904438,78,Active,35,8,2013-10-24 22:50:06.497932,15017
4904439,79,Active,15,32,2013-10-24 22:50:06.504337,15017
4904440,80,Active,1,18,2013-10-24 22:50:06.538852,15017
4904441,81,Active,9,20,2013-10-24 22:50:06.545488,15017
4904442,82,Active,11,9,2013-10-24 22:50:06.551271,15017
4904443,83,Active,0,55,2013-10-24 22:50:06.55974,15017
4904444,84,Active,3,28,2013-10-24 22:50:06.565346,15017
4904445,85,Active,8,16,2013-10-24 22:50:06.571636,15017
4904446,86,Active,29,6,2013-10-24 22:50:06.605441,15017
4904447,87,Active,12,15,2013-10-24 22:50:06.612384,15017
4904448,88,Active,26,9,2013-10-24 22:50:06.618459,15017
4904449,89,Active,7,48,2013-10-24 22:50:06.62499,15017
4904450,90,Active,19,18,2013-10-24 22:50:06.630923,15017
4904451,91,Active,13,10,2013-10-24 22:50:06.636962,15017
4904452,92,Active,16,15,2013-10-24 22:50:06.643304,15017
4904453,93,Active,13,23,2013-10-24 22:50:06.649291,15017
4904454,94,Active,1,32,2013-10-24 22:50:06.654564,15017
4904455,95,Active,26,11,2013-10-24 22:50:06.660812,15017
4904456,96,Active,8,23,2013-10-24 22:50:06.666533,15017
4904457,97,Active,14,13,2013-10-24 22:50:06.672874,15017
4904458,98,Active,0,41,2013-10-24 22:50:06.680214,15017
4904459,99,Active,19,16,2013-10-24 22:50:06.68803,15017
4904460,100,Active,8,22,2013-10-24 22:50:06.697662,15017
4904461,101,Active,16,15,2013-10-24 22:50:06.704211,15017
4904462,102,Active,4,19,2013-10-24 22:50:06.711398,15017
4904463,103,Active,0,39,2013-10-24 22:50:06.718038,15017
4904464,104,Active,22,7,2013-10-24 22:50:06.724586,15017
4904465,105,Active,3,40,2013-10-24 22:50:06.729836,15017
4904466,106,Active,24,3,2013-10-24 22:50:06.73533,15017
4904467,107,Active,1,30,2013-10-24 22:50:06.740863,15017
4904468,108,Active,0,35,2013-10-24 22:50:06.746681,15017
4904469,109,Active,0,39,2013-10-24 22:50:06.7521,15017
4904470,110,Active,0,27,2013-10-24 22:50:06.759015,15017
4904471,111,Active,8,23,2013-10-24 22:50:06.76613,15017
4904472,112,Active,23,16,2013-10-24 22:50:06.796674,15017
4904473,113,Active,40,11,2013-10-24 22:50:06.81926,15017
4904474,114,Active,13,22,2013-10-24 22:50:06.825663,15017
4904475,115,Active,11,16,2013-10-24 22:50:06.831245,15017
4904476,116,Active,2,37,2013-10-24 22:50:06.836479,15017
4904477,117,Active,1,22,2013-10-24 22:50:06.842618,15017
4904478,118,Active,0,31,2013-10-24 22:50:06.84789,15017
4904479,119,Active,16,23,2013-10-24 22:50:06.853024,15017
4904480,120,Active,5,22,2013-10-24 22:50:06.884982,15017
4904481,121,Active,7,17,2013-10-24 22:50:06.890962,15017
4904482,122,Active,10,21,2013-10-24 22:50:06.896382,15017
4904483,123,Active,10,17,2013-10-24 22:50:06.901688,15017
4904484,124,Active,14,22,2013-10-24 22:50:06.907025,15017
4904485,125,Active,0,37,2013-10-24 22:50:06.912634,15017
4904486,126,Active,3,21,2013-10-24 22:50:06.917575,15017
4904487,127,Active,7,20,2013-10-24 22:50:06.922623,15017
4904488,128,Active,8,11,2013-10-24 22:50:06.954318,15017
4904489,129,Active,10,19,2013-10-24 22:50:06.961562,15017
4904490,130,Active,15,8,2013-10-24 22:50:06.969601,15017
4904491,131,Active,1,22,2013-10-24 22:50:06.975293,15017
4904492,132,Active,14,21,2013-10-24 22:50:06.980354,15017
4904493,133,Active,20,7,2013-10-24 22:50:06.985487,15017
4904494,134,Active,1,34,2013-10-24 22:50:07.021717,15017
4904495,135,Active,41,1,2013-10-24 22:50:07.027918,15017
4904496,136,Active,6,17,2013-10-24 22:50:07.033882,15017
4904497,137,Active,22,6,2013-10-24 22:50:07.039953,15017
4904498,138,Active,21,18,2013-10-24 22:50:07.046021,15017
4904499,139,Active,2,34,2013-10-24 22:50:07.05202,15017
4904500,140,Active,3,24,2013-10-24 22:50:07.058158,15017
4904501,141,Active,7,24,2013-10-24 22:50:07.09386,15017
4904502,142,Active,4,39,2013-10-24 22:50:07.105099,15017
4904503,143,Active,17,6,2013-10-24 22:50:07.110876,15017
4904504,144,Active,4,23,2013-10-24 22:50:07.116555,15017
4904505,145,Active,30,6,2013-10-24 22:50:07.122567,15017
4904506,146,Active,0,55,2013-10-24 22:50:07.128147,15017
4904507,147,Active,0,39,2013-10-24 22:50:07.133951,15017
4904508,148,Active,2,41,2013-10-24 22:50:07.164465,15017
4904509,149,Active,0,57,2013-10-24 22:50:07.170103,15017
4904510,150,Active,11,37,2013-10-24 22:50:07.175612,15017
4904511,151,Active,4,23,2013-10-24 22:50:07.181729,15017
4904512,152,Active,6,25,2013-10-24 22:50:07.187434,15017
4904513,153,Active,14,19,2013-10-24 22:50:07.192761,15017
4904514,154,Active,0,34,2013-10-24 22:50:07.198125,15017
4904515,155,Active,30,9,2013-10-24 22:50:07.231896,15017
4904516,156,Active,24,11,2013-10-24 22:50:07.239093,15017
4904517,157,Active,5,22,2013-10-24 22:50:07.244918,15017
4904518,158,Active,2,17,2013-10-24 22:50:07.250514,15017
4904519,159,Active,10,20,2013-10-24 22:50:07.255998,15017
4904520,160,Active,22,21,2013-10-24 22:50:07.261617,15017
4904521,161,Active,27,20,2013-10-24 22:50:07.267414,15017
4904522,162,Inactive,0,59,2013-10-24 22:50:07.301316,15017
4904523,163,Active,35,4,2013-10-24 22:50:07.311328,15017
4904524,164,Active,28,8,2013-10-24 22:50:07.317749,15017
4904525,165,Active,35,4,2013-10-24 22:50:07.323701,15017
4904526,166,Active,5,26,2013-10-24 22:50:07.330126,15017
4904527,167,Active,7,22,2013-10-24 22:50:07.337338,15017
4904528,168,Active,0,43,2013-10-24 22:50:07.395171,15017
4904529,169,Active,1,38,2013-10-24 22:50:07.402113,15017
4904530,170,Active,3,32,2013-10-24 22:50:07.407822,15017
4904531,171,Active,9,18,2013-10-24 22:50:07.442051,15017
4904532,172,Active,23,8,2013-10-24 22:50:07.448254,15017
4904533,173,Active,4,27,2013-10-24 22:50:07.453976,15017
4904534,174,Active,24,8,2013-10-24 22:50:07.459458,15017
4904535,175,Active,8,23,2013-10-24 22:50:07.465287,15017
4904536,176,Active,23,13,2013-10-24 22:50:07.471277,15017
4904537,177,Active,8,22,2013-10-24 22:50:07.47735,15017
4904538,178,Inactive,0,25,2013-10-24 22:50:07.510062,15017
4904539,179,Active,0,27,2013-10-24 22:50:07.516323,15017
4904540,180,Active,15,16,2013-10-24 22:50:07.522714,15017
4904541,181,Active,1,26,2013-10-24 22:50:07.528391,15017
4904542,182,Active,8,7,2013-10-24 22:50:07.534044,15017
4904543,183,Active,5,36,2013-10-24 22:50:07.540225,15017
4904544,184,Active,1,41,2013-10-24 22:50:07.547456,15017
4904545,185,Active,19,12,2013-10-24 22:50:07.581231,15017
4904546,186,Active,35,4,2013-10-24 22:50:07.588268,15017
4904547,187,Active,27,13,2013-10-24 22:50:07.594171,15017
4904548,188,Active,10,24,2013-10-24 22:50:07.600525,15017
4904549,189,Active,2,41,2013-10-24 22:50:07.60631,15017
4904550,190,Active,15,8,2013-10-24 22:50:07.611375,15017
4904551,191,Active,6,13,2013-10-24 22:50:07.617918,15017
4904552,192,Active,20,15,2013-10-24 22:50:07.623738,15017
4904553,193,Active,5,18,2013-10-24 22:50:07.628643,15017
4904554,194,Active,7,22,2013-10-24 22:50:07.634286,15017
4904555,195,Active,4,20,2013-10-24 22:50:07.640443,15017
4904556,196,Active,5,37,2013-10-24 22:50:07.645962,15017
4904557,197,Active,3,28,2013-10-24 22:50:07.653508,15017
4904558,198,Active,0,47,2013-10-24 22:50:07.660566,15017
4904559,199,Active,20,3,2013-10-24 22:50:07.667805,15017
4904560,200,Active,6,17,2013-10-24 22:50:07.674407,15017
4904561,201,Active,5,18,2013-10-24 22:50:07.680698,15017
4904562,202,Active,3,16,2013-10-24 22:50:07.692479,15017
4904563,203,Active,7,48,2013-10-24 22:50:07.698973,15017
4904564,204,Active,3,36,2013-10-24 22:50:07.704483,15017
4904565,205,Active,6,25,2013-10-24 22:50:07.709714,15017
4904566,206,Active,41,18,2013-10-24 22:50:07.714988,15017
4904567,207,Active,15,16,2013-10-24 22:50:07.720316,15017
4904568,208,Active,21,6,2013-10-24 22:50:07.725529,15017
4904569,209,Active,13,17,2013-10-24 22:50:07.731355,15017
4904570,210,Active,22,9,2013-10-24 22:50:07.738989,15017
4904571,211,Active,34,5,2013-10-24 22:50:07.744858,15017
4904572,212,Active,19,8,2013-10-24 22:50:07.750171,15017
4904573,213,Active,2,45,2013-10-24 22:50:07.755399,15017
4904574,214,Active,2,25,2013-10-24 22:50:07.788483,15017
4904575,215,Active,11,16,2013-10-24 22:50:07.793897,15017
4904576,216,Active,19,8,2013-10-24 22:50:07.799417,15017
4904577,217,Active,26,13,2013-10-24 22:50:07.804696,15017
4904578,218,Active,1,31,2013-10-24 22:50:07.810163,15017
4904579,219,Active,1,32,2013-10-24 22:50:07.815593,15017
4904580,220,Active,2,49,2013-10-24 22:50:07.820747,15017
4904581,221,Active,1,22,2013-10-24 22:50:07.826605,15017
4904582,222,Active,1,51,2013-10-24 22:50:07.832084,15017
4904583,223,Active,25,11,2013-10-24 22:50:07.837517,15017
4904584,224,Active,0,39,2013-10-24 22:50:07.864829,15017
4904585,225,Active,3,28,2013-10-24 22:50:07.875106,15017
4904586,226,Active,29,2,2013-10-24 22:50:07.880445,15017
4904587,227,Active,0,31,2013-10-24 22:50:07.885765,15017
4904588,228,Active,3,56,2013-10-24 22:50:07.890912,15017
4904589,229,Active,23,16,2013-10-24 22:50:07.8959,15017
4904590,230,Active,13,22,2013-10-24 22:50:07.901008,15017
4904591,231,Active,2,37,2013-10-24 22:50:07.906011,15017
4904592,232,Active,0,35,2013-10-24 22:50:07.91152,15017
4904593,233,Active,1,58,2013-10-24 22:50:07.916958,15017
4904594,234,Active,1,30,2013-10-24 22:50:07.922095,15017
4904595,235,Active,8,13,2013-10-24 22:50:07.927349,15017
4904596,236,Active,13,10,2013-10-24 22:50:07.932472,15017
4904597,237,Inactive,0,39,2013-10-24 22:50:07.937698,15017
4904598,238,Active,30,17,2013-10-24 22:50:07.942622,15017
4904599,239,Active,6,19,2013-10-24 22:50:07.949354,15017
4904600,240,Active,4,55,2013-10-24 22:50:07.954949,15017
4904601,241,Active,6,33,2013-10-24 22:50:07.960102,15017
4904602,242,Active,0,35,2013-10-24 22:50:07.968074,15017
4904603,243,Active,24,10,2013-10-24 22:50:07.973318,15017
4904604,244,Active,0,59,2013-10-24 22:50:08.002603,15017
4904605,245,Active,2,55,2013-10-24 22:50:08.008231,15017
4904606,246,Active,15,22,2013-10-24 22:50:08.013767,15017
4904607,247,Active,3,24,2013-10-24 22:50:08.022816,15017
4904608,248,Active,3,38,2013-10-24 22:50:08.027752,15017
4904609,249,Active,2,40,2013-10-24 22:50:08.033328,15017
4904610,250,Active,2,45,2013-10-24 22:50:08.038657,15017
4904611,251,Active,10,27,2013-10-24 22:50:08.043767,15017
4904612,252,Inactive,0,44,2013-10-24 22:50:08.049271,15017
4904613,253,Active,36,23,2013-10-24 22:50:08.054806,15017
4904614,254,Active,28,3,2013-10-24 22:50:08.060308,15017
4904615,255,Active,13,18,2013-10-24 22:50:08.065848,15017
4904616,256,Active,12,15,2013-10-24 22:50:08.071377,15017
4904617,257,Active,5,20,2013-10-24 22:50:08.077027,15017
4904618,258,Active,27,12,2013-10-24 22:50:08.082683,15017
4904619,259,Active,17,18,2013-10-24 22:50:08.088155,15017
4904620,260,Active,0,44,2013-10-24 22:50:08.093546,15017
4904621,261,Active,0,39,2013-10-24 22:50:08.099187,15017
4904622,262,Active,3,36,2013-10-24 22:50:08.105131,15017
4904623,263,Active,29,7,2013-10-24 22:50:08.110703,15017
4904624,264,Active,32,9,2013-10-24 22:50:08.116568,15017
4904625,265,Active,2,35,2013-10-24 22:50:08.121697,15017
4904626,266,Active,25,34,2013-10-24 22:50:08.12741,15017
4904627,267,Active,2,51,2013-10-24 22:50:08.132982,15017
4904628,268,Active,39,10,2013-10-24 22:50:08.138878,15017
4904629,269,Active,1,33,2013-10-24 22:50:08.146875,15017
4904630,270,Active,17,18,2013-10-24 22:50:08.152557,15017
4904631,271,Active,16,9,2013-10-24 22:50:08.158463,15017
4904632,272,Inactive,0,35,2013-10-24 22:50:08.164078,15017
4904633,273,Active,5,54,2013-10-24 22:50:08.169593,15017
4904634,274,Active,4,26,2013-10-24 22:50:08.175222,15017
4904635,275,Active,10,26,2013-10-24 22:50:08.18209,15017
4904636,276,Active,0,52,2013-10-24 22:50:08.187669,15017
4904637,277,Active,37,6,2013-10-24 22:50:08.193363,15017
4904638,330,Active,18,12,2013-10-24 22:50:08.198706,15017
4904639,278,Inactive,0,27,2013-10-24 22:50:08.204454,15017
4904640,279,Active,9,36,2013-10-24 22:50:08.231494,15017
4904641,280,Active,24,12,2013-10-24 22:50:08.237593,15017
4904642,281,Active,6,41,2013-10-24 22:50:08.243236,15017
4904643,282,Active,1,23,2013-10-24 22:50:08.248867,15017
4904644,283,Active,30,6,2013-10-24 22:50:08.254127,15017
4904645,284,Active,1,50,2013-10-24 22:50:08.25941,15017
4904646,285,Active,17,16,2013-10-24 22:50:08.265234,15017
4904647,286,Active,12,15,2013-10-24 22:50:08.270579,15017
4904648,287,Active,2,25,2013-10-24 22:50:08.275772,15017
4904649,288,Active,36,17,2013-10-24 22:50:08.281306,15017
4904650,289,Active,33,2,2013-10-24 22:50:08.286721,15017
4904651,290,Active,2,29,2013-10-24 22:50:08.292044,15017
4904652,291,Active,1,58,2013-10-24 22:50:08.298373,15017
4904653,292,Active,0,39,2013-10-24 22:50:08.303956,15017
4904654,293,Active,1,60,2013-10-24 22:50:08.333563,15017
4904655,294,Active,0,39,2013-10-24 22:50:08.339323,15017
4904656,295,Active,64,3,2013-10-24 22:50:08.344693,15017
4904657,296,Active,2,49,2013-10-24 22:50:08.350213,15017
4904658,297,Active,12,39,2013-10-24 22:50:08.356114,15017
4904659,298,Active,1,56,2013-10-24 22:50:08.36198,15017
4904660,299,Active,5,34,2013-10-24 22:50:08.367554,15017
4904661,300,Active,0,43,2013-10-24 22:50:08.373574,15017
4904662,301,Inactive,0,7,2013-10-24 22:50:08.407977,15017
4904663,302,Active,31,8,2013-10-24 22:50:08.414052,15017
4904664,303,Active,26,15,2013-10-24 22:50:08.419404,15017
4904665,304,Active,23,13,2013-10-24 22:50:08.424811,15017
4904666,305,Active,15,24,2013-10-24 22:50:08.430447,15017
4904667,306,Active,10,33,2013-10-24 22:50:08.43587,15017
4904668,307,Active,3,45,2013-10-24 22:50:08.44115,15017
4904669,308,Active,2,29,2013-10-24 22:50:08.44685,15017
4904670,309,Active,6,23,2013-10-24 22:50:08.452243,15017
4904671,310,Active,0,39,2013-10-24 22:50:08.457495,15017
4904672,311,Active,0,39,2013-10-24 22:50:08.462762,15017
4904673,312,Active,25,6,2013-10-24 22:50:08.468454,15017
4904674,313,Active,2,37,2013-10-24 22:50:08.474655,15017
4904675,314,Active,19,8,2013-10-24 22:50:08.479875,15017
4904676,315,Active,3,35,2013-10-24 22:50:08.485419,15017
4904677,316,Active,21,9,2013-10-24 22:50:08.490843,15017
4904678,317,Active,0,15,2013-10-24 22:50:08.496084,15017
4904679,318,Active,23,4,2013-10-24 22:50:08.501806,15017
4904680,319,Active,21,9,2013-10-24 22:50:08.507074,15017
4904681,320,Active,14,22,2013-10-24 22:50:08.512291,15017
4904682,321,Active,8,4,2013-10-24 22:50:08.517518,15017
4904683,322,Active,11,38,2013-10-24 22:50:08.522747,15017
4904684,332,Active,10,14,2013-10-24 22:50:08.527951,15017
4904685,327,Active,18,14,2013-10-24 22:50:08.533113,15017
4904686,328,Active,20,19,2013-10-24 22:50:08.538576,15017
4904687,331,Active,2,34,2013-10-24 22:50:08.543969,15017
4904688,323,Active,0,39,2013-10-24 22:50:08.549728,15017
4904689,324,Active,25,18,2013-10-24 22:50:08.555333,15017
4904690,329,Active,9,24,2013-10-24 22:50:08.562167,15017
4904691,325,Active,0,36,2013-10-24 22:50:08.568403,15017
4904692,326,Active,3,22,2013-10-24 22:50:08.573792,15017
4904693,1,Active,20,19,2013-10-24 23:00:05.411408,15018
4904694,2,Active,32,1,2013-10-24 23:00:05.422859,15018
4904695,3,Active,14,12,2013-10-24 23:00:05.427786,15018
4904696,4,Active,2,60,2013-10-24 23:00:05.432595,15018
4904697,5,Active,2,37,2013-10-24 23:00:05.437401,15018
4904698,6,Active,14,5,2013-10-24 23:00:05.442633,15018
4904699,7,Active,2,17,2013-10-24 23:00:05.448198,15018
4904700,8,Active,18,13,2013-10-24 23:00:05.452794,15018
4904701,9,Active,19,11,2013-10-24 23:00:05.457319,15018
4904702,10,Active,1,45,2013-10-24 23:00:05.461724,15018
4904703,11,Active,3,21,2013-10-24 23:00:05.466087,15018
4904704,12,Active,12,7,2013-10-24 23:00:05.470369,15018
4904705,13,Active,9,30,2013-10-24 23:00:05.474745,15018
4904706,14,Active,2,31,2013-10-24 23:00:05.479071,15018
4904707,15,Active,16,15,2013-10-24 23:00:05.48352,15018
4904708,16,Active,8,25,2013-10-24 23:00:05.48828,15018
4904709,17,Active,2,27,2013-10-24 23:00:05.493139,15018
4904710,18,Active,1,54,2013-10-24 23:00:05.499313,15018
4904711,19,Active,18,5,2013-10-24 23:00:05.503961,15018
4904712,20,Active,0,26,2013-10-24 23:00:05.508513,15018
4904713,21,Active,31,4,2013-10-24 23:00:05.513527,15018
4904714,22,Active,0,47,2013-10-24 23:00:05.518628,15018
4904715,23,Active,2,43,2013-10-24 23:00:05.523837,15018
4904716,24,Active,1,46,2013-10-24 23:00:05.528733,15018
4904717,25,Active,3,48,2013-10-24 23:00:05.533484,15018
4904718,26,Active,4,26,2013-10-24 23:00:05.538019,15018
4904719,27,Active,0,45,2013-10-24 23:00:05.542378,15018
4904720,28,Active,4,24,2013-10-24 23:00:05.547154,15018
4904721,29,Active,3,20,2013-10-24 23:00:05.552006,15018
4904722,30,Active,19,20,2013-10-24 23:00:05.556747,15018
4904723,31,Active,8,30,2013-10-24 23:00:05.561273,15018
4904724,32,Active,12,21,2013-10-24 23:00:05.566207,15018
4904725,33,Active,5,26,2013-10-24 23:00:05.571418,15018
4904726,34,Active,19,18,2013-10-24 23:00:05.575899,15018
4904727,35,Active,0,55,2013-10-24 23:00:05.580595,15018
4904728,36,Active,26,1,2013-10-24 23:00:05.585402,15018
4904729,37,Active,0,23,2013-10-24 23:00:05.590357,15018
4904730,38,Active,6,33,2013-10-24 23:00:05.59506,15018
4904731,39,Active,23,16,2013-10-24 23:00:05.59978,15018
4904732,40,Active,35,4,2013-10-24 23:00:05.60457,15018
4904733,41,Active,25,6,2013-10-24 23:00:05.609361,15018
4904734,42,Active,3,28,2013-10-24 23:00:05.614474,15018
4904735,43,Active,3,20,2013-10-24 23:00:05.619051,15018
4904736,44,Active,1,22,2013-10-24 23:00:05.623795,15018
4904737,45,Active,30,9,2013-10-24 23:00:05.62829,15018
4904738,46,Active,2,29,2013-10-24 23:00:05.632685,15018
4904739,47,Active,2,21,2013-10-24 23:00:05.637141,15018
4904740,48,Active,12,8,2013-10-24 23:00:05.641574,15018
4904741,49,Active,14,9,2013-10-24 23:00:05.646002,15018
4904742,50,Active,12,15,2013-10-24 23:00:05.650344,15018
4904743,51,Active,3,37,2013-10-24 23:00:05.655626,15018
4904744,52,Active,9,18,2013-10-24 23:00:05.660172,15018
4904745,53,Active,13,20,2013-10-24 23:00:05.665147,15018
4904746,54,Active,2,45,2013-10-24 23:00:05.669603,15018
4904747,55,Active,24,7,2013-10-24 23:00:05.674094,15018
4904748,56,Active,21,18,2013-10-24 23:00:05.702477,15018
4904749,57,Active,6,17,2013-10-24 23:00:05.707944,15018
4904750,58,Active,15,24,2013-10-24 23:00:05.713467,15018
4904751,59,Active,2,33,2013-10-24 23:00:05.718829,15018
4904752,60,Active,12,15,2013-10-24 23:00:05.72415,15018
4904753,61,Active,6,18,2013-10-24 23:00:05.729327,15018
4904754,62,Active,23,8,2013-10-24 23:00:05.7345,15018
4904755,63,Active,1,26,2013-10-24 23:00:05.74019,15018
4904756,64,Active,7,28,2013-10-24 23:00:05.745406,15018
4904757,65,Active,5,19,2013-10-24 23:00:05.750919,15018
4904758,66,Active,2,55,2013-10-24 23:00:05.756294,15018
4904759,67,Active,8,19,2013-10-24 23:00:05.761457,15018
4904760,68,Active,21,2,2013-10-24 23:00:05.766812,15018
4904761,69,Active,17,22,2013-10-24 23:00:05.772326,15018
4904762,70,Active,7,24,2013-10-24 23:00:05.777426,15018
4904763,71,Active,4,15,2013-10-24 23:00:05.783649,15018
4904764,72,Active,13,11,2013-10-24 23:00:05.788973,15018
4904765,73,Active,7,12,2013-10-24 23:00:05.795969,15018
4904766,74,Active,19,0,2013-10-24 23:00:05.801144,15018
4904767,75,Active,2,29,2013-10-24 23:00:05.806773,15018
4904768,76,Active,1,58,2013-10-24 23:00:05.811887,15018
4904769,77,Active,5,22,2013-10-24 23:00:05.817644,15018
4904770,78,Active,36,7,2013-10-24 23:00:05.823059,15018
4904771,79,Active,14,33,2013-10-24 23:00:05.828472,15018
4904772,80,Active,1,18,2013-10-24 23:00:05.834055,15018
4904773,81,Active,7,22,2013-10-24 23:00:05.83957,15018
4904774,82,Active,13,7,2013-10-24 23:00:05.845098,15018
4904775,83,Active,3,52,2013-10-24 23:00:05.850339,15018
4904776,84,Active,3,28,2013-10-24 23:00:05.855577,15018
4904777,85,Active,7,17,2013-10-24 23:00:05.861255,15018
4904778,86,Active,28,7,2013-10-24 23:00:05.866708,15018
4904779,87,Active,13,14,2013-10-24 23:00:05.872422,15018
4904780,88,Active,30,5,2013-10-24 23:00:05.877595,15018
4904781,89,Active,6,49,2013-10-24 23:00:05.882795,15018
4904782,90,Active,20,17,2013-10-24 23:00:05.889141,15018
4904783,91,Active,14,9,2013-10-24 23:00:05.894329,15018
4904784,92,Active,14,17,2013-10-24 23:00:05.899578,15018
4904785,93,Active,13,23,2013-10-24 23:00:05.905057,15018
4904786,94,Active,1,32,2013-10-24 23:00:05.910542,15018
4904787,95,Active,26,11,2013-10-24 23:00:05.920079,15018
4904788,96,Active,9,22,2013-10-24 23:00:05.925511,15018
4904789,97,Active,14,13,2013-10-24 23:00:05.931266,15018
4904790,98,Active,1,40,2013-10-24 23:00:05.9369,15018
4904791,99,Active,19,16,2013-10-24 23:00:05.942463,15018
4904792,100,Active,7,23,2013-10-24 23:00:05.947696,15018
4904793,101,Active,16,15,2013-10-24 23:00:05.953209,15018
4904794,102,Active,6,17,2013-10-24 23:00:05.958869,15018
4904795,103,Active,0,39,2013-10-24 23:00:05.964403,15018
4904796,104,Active,22,7,2013-10-24 23:00:05.970213,15018
4904797,105,Active,2,41,2013-10-24 23:00:05.975666,15018
4904798,106,Active,27,0,2013-10-24 23:00:05.981721,15018
4904799,107,Active,0,31,2013-10-24 23:00:05.987385,15018
4904800,108,Active,0,35,2013-10-24 23:00:05.993021,15018
4904801,109,Active,0,39,2013-10-24 23:00:05.998478,15018
4904802,110,Active,0,27,2013-10-24 23:00:06.005115,15018
4904803,111,Active,7,24,2013-10-24 23:00:06.01001,15018
4904804,112,Active,22,17,2013-10-24 23:00:06.036884,15018
4904805,113,Active,35,16,2013-10-24 23:00:06.043425,15018
4904806,114,Active,8,27,2013-10-24 23:00:06.049448,15018
4904807,115,Active,17,10,2013-10-24 23:00:06.055282,15018
4904808,116,Active,1,38,2013-10-24 23:00:06.062368,15018
4904809,117,Active,1,22,2013-10-24 23:00:06.072817,15018
4904810,118,Active,4,27,2013-10-24 23:00:06.078409,15018
4904811,119,Active,17,22,2013-10-24 23:00:06.084086,15018
4904812,120,Active,4,23,2013-10-24 23:00:06.089702,15018
4904813,121,Active,7,17,2013-10-24 23:00:06.095847,15018
4904814,122,Active,9,22,2013-10-24 23:00:06.104188,15018
4904815,123,Active,10,17,2013-10-24 23:00:06.10978,15018
4904816,124,Active,13,23,2013-10-24 23:00:06.114969,15018
4904817,125,Active,0,37,2013-10-24 23:00:06.120734,15018
4904818,126,Active,4,20,2013-10-24 23:00:06.126426,15018
4904819,127,Active,9,18,2013-10-24 23:00:06.132997,15018
4904820,128,Active,8,11,2013-10-24 23:00:06.140024,15018
4904821,129,Active,9,20,2013-10-24 23:00:06.146135,15018
4904822,130,Active,15,8,2013-10-24 23:00:06.152637,15018
4904823,131,Active,2,21,2013-10-24 23:00:06.158766,15018
4904824,132,Active,7,28,2013-10-24 23:00:06.164691,15018
4904825,133,Active,20,7,2013-10-24 23:00:06.170235,15018
4904826,134,Active,3,32,2013-10-24 23:00:06.175651,15018
4904827,135,Active,38,4,2013-10-24 23:00:06.181456,15018
4904828,136,Active,7,16,2013-10-24 23:00:06.18742,15018
4904829,137,Active,20,8,2013-10-24 23:00:06.192779,15018
4904830,138,Active,20,19,2013-10-24 23:00:06.198543,15018
4904831,139,Active,1,35,2013-10-24 23:00:06.204414,15018
4904832,140,Active,2,25,2013-10-24 23:00:06.210063,15018
4904833,141,Active,8,23,2013-10-24 23:00:06.215582,15018
4904834,142,Active,5,38,2013-10-24 23:00:06.221559,15018
4904835,143,Active,17,6,2013-10-24 23:00:06.22708,15018
4904836,144,Active,1,26,2013-10-24 23:00:06.236092,15018
4904837,145,Active,32,4,2013-10-24 23:00:06.242109,15018
4904838,146,Active,0,55,2013-10-24 23:00:06.24741,15018
4904839,147,Active,0,39,2013-10-24 23:00:06.253065,15018
4904840,148,Active,3,40,2013-10-24 23:00:06.258373,15018
4904841,149,Active,0,57,2013-10-24 23:00:06.263884,15018
4904842,150,Active,12,36,2013-10-24 23:00:06.269473,15018
4904843,151,Active,3,24,2013-10-24 23:00:06.274958,15018
4904844,152,Active,5,26,2013-10-24 23:00:06.280468,15018
4904845,153,Active,16,17,2013-10-24 23:00:06.285765,15018
4904846,154,Active,0,34,2013-10-24 23:00:06.291443,15018
4904847,155,Active,27,12,2013-10-24 23:00:06.297285,15018
4904848,156,Active,22,13,2013-10-24 23:00:06.302782,15018
4904849,157,Active,5,22,2013-10-24 23:00:06.308544,15018
4904850,158,Active,1,18,2013-10-24 23:00:06.314338,15018
4904851,159,Active,12,18,2013-10-24 23:00:06.319778,15018
4904852,160,Active,23,20,2013-10-24 23:00:06.325819,15018
4904853,161,Active,24,23,2013-10-24 23:00:06.331699,15018
4904854,162,Inactive,0,59,2013-10-24 23:00:06.337014,15018
4904855,163,Active,36,3,2013-10-24 23:00:06.344337,15018
4904856,164,Active,27,9,2013-10-24 23:00:06.350013,15018
4904857,165,Active,38,1,2013-10-24 23:00:06.35642,15018
4904858,166,Active,5,26,2013-10-24 23:00:06.362348,15018
4904859,167,Active,8,21,2013-10-24 23:00:06.367646,15018
4904860,168,Active,0,43,2013-10-24 23:00:06.395298,15018
4904861,169,Active,0,39,2013-10-24 23:00:06.401206,15018
4904862,170,Active,1,34,2013-10-24 23:00:06.407101,15018
4904863,171,Active,8,19,2013-10-24 23:00:06.412526,15018
4904864,172,Active,21,10,2013-10-24 23:00:06.418203,15018
4904865,173,Active,4,27,2013-10-24 23:00:06.427787,15018
4904866,174,Active,23,9,2013-10-24 23:00:06.433511,15018
4904867,175,Active,8,23,2013-10-24 23:00:06.43902,15018
4904868,176,Active,25,11,2013-10-24 23:00:06.448219,15018
4904869,177,Active,7,23,2013-10-24 23:00:06.453938,15018
