id,station_id,status,available_bike_count,available_dock_count,created_at,station_summary_id
6120113,19,Active,3,20,2013-11-19 19:00:05.195913,18738
6120114,20,Active,1,24,2013-11-19 19:00:05.200513,18738
6120115,21,Active,29,5,2013-11-19 19:00:05.205824,18738
6120116,22,Active,32,15,2013-11-19 19:00:05.210632,18738
6120117,23,Active,8,36,2013-11-19 19:00:05.215265,18738
6120118,24,Active,39,7,2013-11-19 19:00:05.220064,18738
6120119,25,Active,41,7,2013-11-19 19:00:05.224922,18738
6120120,26,Active,7,23,2013-11-19 19:00:05.229698,18738
6120121,27,Active,37,6,2013-11-19 19:00:05.235226,18738
6120122,28,Active,27,0,2013-11-19 19:00:05.240464,18738
6120123,29,Active,1,22,2013-11-19 19:00:05.245057,18738
6120124,30,Active,20,19,2013-11-19 19:00:05.250314,18738
6120125,31,Active,2,35,2013-11-19 19:00:05.255698,18738
6120126,32,Active,4,29,2013-11-19 19:00:05.260912,18738
6120127,33,Active,1,26,2013-11-19 19:00:05.266786,18738
6120128,34,Active,33,2,2013-11-19 19:00:05.274106,18738
6120129,35,Active,54,1,2013-11-19 19:00:05.279003,18738
6120130,36,Active,21,3,2013-11-19 19:00:05.283372,18738
6120131,37,Active,1,20,2013-11-19 19:00:05.288006,18738
6120132,38,Active,22,16,2013-11-19 19:00:05.29234,18738
6120133,39,Active,12,25,2013-11-19 19:00:05.296753,18738
6120134,40,Active,6,33,2013-11-19 19:00:05.301298,18738
6120135,41,Active,6,23,2013-11-19 19:00:05.305635,18738
6120136,42,Active,28,3,2013-11-19 19:00:05.31015,18738
6120137,43,Active,2,21,2013-11-19 19:00:05.314932,18738
6120138,44,Active,2,21,2013-11-19 19:00:05.319573,18738
6120139,45,Active,19,20,2013-11-19 19:00:05.324485,18738
6120140,46,Active,8,22,2013-11-19 19:00:05.328934,18738
6120141,47,Active,0,23,2013-11-19 19:00:05.333877,18738
6120142,48,Active,0,17,2013-11-19 19:00:05.338483,18738
6120143,49,Active,13,10,2013-11-19 19:00:05.343359,18738
6120144,50,Active,17,9,2013-11-19 19:00:05.348454,18738
6120145,51,Active,40,0,2013-11-19 19:00:05.352841,18738
6120146,52,Active,27,0,2013-11-19 19:00:05.35738,18738
6120147,53,Active,5,27,2013-11-19 19:00:05.362007,18738
6120148,54,Active,20,27,2013-11-19 19:00:05.366799,18738
6120149,55,Active,2,25,2013-11-19 19:00:05.371898,18738
6120150,56,Active,33,3,2013-11-19 19:00:05.400418,18738
6120151,57,Active,1,22,2013-11-19 19:00:05.405749,18738
6120152,58,Active,30,8,2013-11-19 19:00:05.411485,18738
6120153,59,Active,29,6,2013-11-19 19:00:05.416849,18738
6120154,60,Active,4,22,2013-11-19 19:00:05.422429,18738
6120155,61,Active,0,24,2013-11-19 19:00:05.428025,18738
6120156,62,Active,11,19,2013-11-19 19:00:05.433431,18738
6120157,63,Active,18,9,2013-11-19 19:00:05.438991,18738
6120158,64,Active,16,19,2013-11-19 19:00:05.444436,18738
6120159,65,Active,3,21,2013-11-19 19:00:05.449828,18738
6120160,66,Active,0,52,2013-11-19 19:00:05.455889,18738
6120161,67,Active,25,2,2013-11-19 19:00:05.461194,18738
6120162,68,Active,2,21,2013-11-19 19:00:05.466921,18738
6120163,69,Active,2,35,2013-11-19 19:00:05.47243,18738
6120164,70,Active,2,29,2013-11-19 19:00:05.478441,18738
6120165,71,Active,0,15,2013-11-19 19:00:05.483784,18738
6120166,72,Active,8,17,2013-11-19 19:00:05.489311,18738
6120167,73,Active,3,16,2013-11-19 19:00:05.497986,18738
6120168,74,Active,5,13,2013-11-19 19:00:05.503401,18738
6120169,75,Active,10,18,2013-11-19 19:00:05.508936,18738
6120170,76,Active,49,9,2013-11-19 19:00:05.514268,18738
6120171,77,Active,21,6,2013-11-19 19:00:05.519534,18738
6120172,78,Active,18,22,2013-11-19 19:00:05.52618,18738
6120173,79,Active,39,7,2013-11-19 19:00:05.530979,18738
6120174,80,Active,0,19,2013-11-19 19:00:05.536641,18738
6120175,81,Active,2,27,2013-11-19 19:00:05.542541,18738
6120176,82,Active,1,19,2013-11-19 19:00:05.547735,18738
6120177,83,Active,50,2,2013-11-19 19:00:05.552869,18738
6120178,84,Active,28,1,2013-11-19 19:00:05.558046,18738
6120179,85,Active,2,21,2013-11-19 19:00:05.563487,18738
6120180,86,Active,24,9,2013-11-19 19:00:05.568725,18738
6120181,87,Active,3,23,2013-11-19 19:00:05.574215,18738
6120182,88,Active,3,32,2013-11-19 19:00:05.579378,18738
6120183,89,Active,29,23,2013-11-19 19:00:05.584547,18738
6120184,90,Active,2,33,2013-11-19 19:00:05.589931,18738
6120185,91,Active,0,20,2013-11-19 19:00:05.595193,18738
6120186,92,Active,29,1,2013-11-19 19:00:05.600331,18738
6120187,93,Active,33,2,2013-11-19 19:00:05.605528,18738
6120188,94,Active,12,19,2013-11-19 19:00:05.610601,18738
6120189,95,Active,5,32,2013-11-19 19:00:05.615718,18738
6120190,96,Active,1,29,2013-11-19 19:00:05.621116,18738
6120191,97,Active,17,8,2013-11-19 19:00:05.626681,18738
6120192,98,Active,34,4,2013-11-19 19:00:05.632545,18738
6120193,99,Active,1,33,2013-11-19 19:00:05.638154,18738
6120194,100,Active,8,22,2013-11-19 19:00:05.644433,18738
6120195,101,Active,4,27,2013-11-19 19:00:05.654472,18738
6120196,102,Active,13,8,2013-11-19 19:00:05.660348,18738
6120197,103,Active,8,31,2013-11-19 19:00:05.666682,18738
6120198,104,Active,18,10,2013-11-19 19:00:05.672475,18738
6120199,105,Active,4,39,2013-11-19 19:00:05.678714,18738
6120200,106,Active,3,24,2013-11-19 19:00:05.684281,18738
6120201,107,Active,3,26,2013-11-19 19:00:05.690076,18738
6120202,108,Active,14,18,2013-11-19 19:00:05.695387,18738
6120203,109,Active,23,16,2013-11-19 19:00:05.700509,18738
6120204,110,Inactive,0,3,2013-11-19 19:00:05.705752,18738
6120205,111,Active,0,31,2013-11-19 19:00:05.713343,18738
6120206,112,Active,22,15,2013-11-19 19:00:05.741062,18738
6120207,113,Active,47,3,2013-11-19 19:00:05.7477,18738
6120208,114,Active,14,20,2013-11-19 19:00:05.753414,18738
6120209,115,Active,3,21,2013-11-19 19:00:05.7588,18738
6120210,116,Active,6,32,2013-11-19 19:00:05.764412,18738
6120211,117,Active,18,1,2013-11-19 19:00:05.770185,18738
6120212,118,Active,20,11,2013-11-19 19:00:05.776097,18738
6120213,119,Active,12,24,2013-11-19 19:00:05.781694,18738
6120214,120,Active,0,25,2013-11-19 19:00:05.787314,18738
6120215,121,Active,1,22,2013-11-19 19:00:05.794241,18738
6120216,122,Active,9,21,2013-11-19 19:00:05.799434,18738
6120217,123,Active,21,4,2013-11-19 19:00:05.805129,18738
6120218,124,Active,28,7,2013-11-19 19:00:05.811257,18738
6120219,125,Active,34,3,2013-11-19 19:00:05.817098,18738
6120220,126,Active,12,12,2013-11-19 19:00:05.822516,18738
6120221,127,Active,0,26,2013-11-19 19:00:05.827989,18738
6120222,128,Active,15,2,2013-11-19 19:00:05.83447,18738
6120223,129,Active,9,20,2013-11-19 19:00:05.840147,18738
6120224,130,Active,1,21,2013-11-19 19:00:05.84578,18738
6120225,131,Active,8,15,2013-11-19 19:00:05.851324,18738
6120226,132,Active,3,32,2013-11-19 19:00:05.856785,18738
6120227,133,Active,3,22,2013-11-19 19:00:05.862331,18738
6120228,134,Active,28,4,2013-11-19 19:00:05.867743,18738
6120229,135,Active,38,3,2013-11-19 19:00:05.873162,18738
6120230,136,Active,6,16,2013-11-19 19:00:05.879235,18738
6120231,137,Active,7,21,2013-11-19 19:00:05.88485,18738
6120232,138,Active,39,0,2013-11-19 19:00:05.890166,18738
6120233,139,Active,30,4,2013-11-19 19:00:05.895732,18738
6120234,140,Active,6,21,2013-11-19 19:00:05.900936,18738
6120235,141,Active,9,22,2013-11-19 19:00:05.906199,18738
6120236,142,Active,23,19,2013-11-19 19:00:05.911741,18738
6120237,143,Active,0,23,2013-11-19 19:00:05.917248,18738
6120238,144,Active,18,7,2013-11-19 19:00:05.922569,18738
6120239,145,Active,2,32,2013-11-19 19:00:05.927865,18738
6120240,146,Active,35,20,2013-11-19 19:00:05.932968,18738
6120241,147,Active,15,23,2013-11-19 19:00:05.938142,18738
6120242,148,Active,2,41,2013-11-19 19:00:05.943259,18738
6120243,149,Active,11,46,2013-11-19 19:00:05.94856,18738
6120244,150,Active,13,36,2013-11-19 19:00:05.9538,18738
6120245,151,Active,9,18,2013-11-19 19:00:05.960465,18738
6120246,152,Active,1,30,2013-11-19 19:00:05.965694,18738
6120247,153,Active,0,33,2013-11-19 19:00:05.970778,18738
6120248,154,Active,19,13,2013-11-19 19:00:05.976851,18738
6120249,155,Active,10,27,2013-11-19 19:00:05.982283,18738
6120250,156,Active,2,33,2013-11-19 19:00:05.987351,18738
6120251,157,Active,5,22,2013-11-19 19:00:05.992463,18738
6120252,158,Active,5,14,2013-11-19 19:00:05.997619,18738
6120253,159,Active,28,1,2013-11-19 19:00:06.003464,18738
6120254,160,Active,5,38,2013-11-19 19:00:06.008825,18738
6120255,161,Active,41,6,2013-11-19 19:00:06.019264,18738
6120256,162,Active,7,35,2013-11-19 19:00:06.024814,18738
6120257,163,Active,3,36,2013-11-19 19:00:06.035433,18738
6120258,164,Active,34,2,2013-11-19 19:00:06.040823,18738
6120259,165,Active,7,28,2013-11-19 19:00:06.046277,18738
6120260,166,Active,2,29,2013-11-19 19:00:06.052064,18738
6120261,167,Active,4,25,2013-11-19 19:00:06.057443,18738
6120262,168,Active,36,5,2013-11-19 19:00:06.084649,18738
6120263,169,Active,27,9,2013-11-19 19:00:06.090556,18738
6120264,170,Active,33,2,2013-11-19 19:00:06.095735,18738
6120265,171,Active,5,22,2013-11-19 19:00:06.10083,18738
6120266,172,Active,6,25,2013-11-19 19:00:06.106386,18738
6120267,173,Active,3,28,2013-11-19 19:00:06.114126,18738
6120268,174,Active,20,11,2013-11-19 19:00:06.1197,18738
6120269,175,Active,1,30,2013-11-19 19:00:06.126697,18738
6120270,176,Active,4,28,2013-11-19 19:00:06.132595,18738
6120271,177,Active,1,29,2013-11-19 19:00:06.139011,18738
6120272,178,Active,4,21,2013-11-19 19:00:06.144585,18738
6120273,179,Active,5,22,2013-11-19 19:00:06.150631,18738
6120274,180,Active,3,28,2013-11-19 19:00:06.156066,18738
6120275,181,Active,1,26,2013-11-19 19:00:06.162564,18738
6120276,182,Active,2,13,2013-11-19 19:00:06.168213,18738
6120277,183,Active,10,32,2013-11-19 19:00:06.174271,18738
6120278,184,Active,40,2,2013-11-19 19:00:06.179693,18738
6120279,185,Active,10,20,2013-11-19 19:00:06.184851,18738
6120280,186,Active,37,1,2013-11-19 19:00:06.1901,18738
6120281,187,Active,5,30,2013-11-19 19:00:06.195533,18738
6120282,188,Active,9,25,2013-11-19 19:00:06.200979,18738
6120283,189,Active,1,42,2013-11-19 19:00:06.206784,18738
6120284,190,Active,0,22,2013-11-19 19:00:06.212381,18738
6120285,191,Active,10,9,2013-11-19 19:00:06.217807,18738
6120286,192,Active,9,25,2013-11-19 19:00:06.223919,18738
6120287,193,Active,0,22,2013-11-19 19:00:06.231579,18738
6120288,194,Active,1,27,2013-11-19 19:00:06.237116,18738
6120289,195,Active,20,4,2013-11-19 19:00:06.246055,18738
6120290,196,Active,33,7,2013-11-19 19:00:06.251431,18738
6120291,197,Active,1,30,2013-11-19 19:00:06.256787,18738
6120292,198,Active,1,45,2013-11-19 19:00:06.262096,18738
6120293,199,Active,9,14,2013-11-19 19:00:06.267582,18738
6120294,200,Active,0,23,2013-11-19 19:00:06.272847,18738
6120295,201,Active,0,23,2013-11-19 19:00:06.278146,18738
6120296,202,Active,1,18,2013-11-19 19:00:06.283651,18738
6120297,203,Active,8,45,2013-11-19 19:00:06.288705,18738
6120298,204,Active,3,35,2013-11-19 19:00:06.294007,18738
6120299,205,Active,18,10,2013-11-19 19:00:06.300741,18738
6120300,206,Active,29,30,2013-11-19 19:00:06.305932,18738
6120301,207,Active,4,27,2013-11-19 19:00:06.31103,18738
6120302,208,Active,25,2,2013-11-19 19:00:06.31635,18738
6120303,209,Inactive,0,3,2013-11-19 19:00:06.321499,18738
6120304,210,Active,0,31,2013-11-19 19:00:06.326724,18738
6120305,211,Active,0,39,2013-11-19 19:00:06.331783,18738
6120306,212,Active,26,0,2013-11-19 19:00:06.336876,18738
6120307,213,Active,44,1,2013-11-19 19:00:06.342044,18738
6120308,214,Active,2,25,2013-11-19 19:00:06.347529,18738
6120309,215,Active,11,16,2013-11-19 19:00:06.353101,18738
6120310,216,Active,3,24,2013-11-19 19:00:06.358257,18738
6120311,217,Active,8,30,2013-11-19 19:00:06.365395,18738
6120312,218,Active,20,10,2013-11-19 19:00:06.370474,18738
6120313,219,Active,0,33,2013-11-19 19:00:06.376527,18738
6120314,220,Active,23,27,2013-11-19 19:00:06.382248,18738
6120315,221,Active,22,1,2013-11-19 19:00:06.387917,18738
6120316,222,Active,52,0,2013-11-19 19:00:06.393795,18738
6120317,223,Active,6,36,2013-11-19 19:00:06.40101,18738
6120318,224,Active,3,33,2013-11-19 19:00:06.428493,18738
6120319,225,Active,11,18,2013-11-19 19:00:06.434388,18738
6120320,226,Active,3,27,2013-11-19 19:00:06.440743,18738
6120321,227,Active,0,29,2013-11-19 19:00:06.450024,18738
6120322,228,Active,17,40,2013-11-19 19:00:06.45597,18738
6120323,229,Active,4,34,2013-11-19 19:00:06.4614,18738
6120324,230,Active,2,33,2013-11-19 19:00:06.466801,18738
6120325,231,Active,36,2,2013-11-19 19:00:06.472439,18738
6120326,232,Active,24,11,2013-11-19 19:00:06.478104,18738
6120327,233,Active,1,58,2013-11-19 19:00:06.483761,18738
6120328,234,Active,20,9,2013-11-19 19:00:06.489428,18738
6120329,235,Active,17,4,2013-11-19 19:00:06.495063,18738
6120330,236,Active,0,20,2013-11-19 19:00:06.500681,18738
6120331,237,Active,4,34,2013-11-19 19:00:06.506538,18738
6120332,238,Active,34,8,2013-11-19 19:00:06.512214,18738
6120333,239,Active,23,2,2013-11-19 19:00:06.518202,18738
6120334,240,Active,47,11,2013-11-19 19:00:06.524203,18738
6120335,241,Active,4,32,2013-11-19 19:00:06.529937,18738
6120336,242,Active,30,5,2013-11-19 19:00:06.535981,18738
6120337,243,Active,5,29,2013-11-19 19:00:06.542041,18738
6120338,244,Active,3,56,2013-11-19 19:00:06.548209,18738
6120339,245,Active,1,56,2013-11-19 19:00:06.555027,18738
6120340,246,Active,11,26,2013-11-19 19:00:06.561489,18738
6120341,247,Active,18,8,2013-11-19 19:00:06.568647,18738
6120342,248,Active,10,29,2013-11-19 19:00:06.574954,18738
6120343,249,Active,28,14,2013-11-19 19:00:06.583134,18738
6120344,250,Active,32,13,2013-11-19 19:00:06.588917,18738
6120345,251,Active,18,19,2013-11-19 19:00:06.594731,18738
6120346,252,Active,5,41,2013-11-19 19:00:06.600711,18738
6120347,253,Active,3,56,2013-11-19 19:00:06.606726,18738
6120348,254,Active,4,27,2013-11-19 19:00:06.612444,18738
6120349,255,Active,2,28,2013-11-19 19:00:06.618419,18738
6120350,256,Active,6,21,2013-11-19 19:00:06.624355,18738
6120351,257,Active,18,7,2013-11-19 19:00:06.634446,18738
6120352,258,Active,1,37,2013-11-19 19:00:06.640629,18738
6120353,259,Active,12,21,2013-11-19 19:00:06.646519,18738
6120354,260,Active,40,2,2013-11-19 19:00:06.65254,18738
6120355,261,Active,12,23,2013-11-19 19:00:06.661562,18738
6120356,262,Active,5,34,2013-11-19 19:00:06.667522,18738
6120357,263,Active,0,34,2013-11-19 19:00:06.673338,18738
6120358,264,Active,4,35,2013-11-19 19:00:06.678855,18738
6120359,265,Active,32,4,2013-11-19 19:00:06.683999,18738
6120360,266,Active,5,52,2013-11-19 19:00:06.689501,18738
6120361,267,Active,49,4,2013-11-19 19:00:06.694814,18738
6120362,268,Active,5,43,2013-11-19 19:00:06.699942,18738
6120363,269,Active,32,2,2013-11-19 19:00:06.705203,18738
6120364,270,Active,1,33,2013-11-19 19:00:06.71106,18738
6120365,271,Active,2,23,2013-11-19 19:00:06.717026,18738
6120366,272,Active,40,3,2013-11-19 19:00:06.722436,18738
6120367,273,Active,54,3,2013-11-19 19:00:06.727514,18738
6120368,274,Active,1,28,2013-11-19 19:00:06.733555,18738
6120369,275,Active,14,20,2013-11-19 19:00:06.739431,18738
6120370,276,Active,42,8,2013-11-19 19:00:06.744556,18738
6120371,277,Active,1,40,2013-11-19 19:00:06.750416,18738
6120372,330,Active,0,29,2013-11-19 19:00:06.755717,18738
6120373,278,Active,29,0,2013-11-19 19:00:06.761503,18738
6120374,279,Active,5,40,2013-11-19 19:00:06.789654,18738
6120375,280,Active,3,29,2013-11-19 19:00:06.795375,18738
6120376,281,Active,1,44,2013-11-19 19:00:06.800481,18738
6120377,282,Active,7,17,2013-11-19 19:00:06.806208,18738
6120378,283,Active,10,22,2013-11-19 19:00:06.81162,18738
6120379,284,Active,49,1,2013-11-19 19:00:06.817054,18738
6120380,285,Active,4,29,2013-11-19 19:00:06.822575,18738
6120381,286,Active,0,26,2013-11-19 19:00:06.828392,18738
6120382,287,Active,7,19,2013-11-19 19:00:06.834356,18738
6120383,288,Active,4,49,2013-11-19 19:00:06.839423,18738
6120384,289,Active,4,31,2013-11-19 19:00:06.844548,18738
6120385,290,Active,21,12,2013-11-19 19:00:06.850024,18738
6120386,291,Active,45,13,2013-11-19 19:00:06.855356,18738
6120387,292,Active,9,30,2013-11-19 19:00:06.860577,18738
6120388,293,Active,42,19,2013-11-19 19:00:06.865937,18738
6120389,294,Active,29,9,2013-11-19 19:00:06.871035,18738
6120390,295,Active,6,61,2013-11-19 19:00:06.878583,18738
6120391,296,Active,46,5,2013-11-19 19:00:06.884077,18738
6120392,297,Active,10,41,2013-11-19 19:00:06.889492,18738
6120393,298,Active,15,39,2013-11-19 19:00:06.894753,18738
6120394,299,Active,16,22,2013-11-19 19:00:06.900247,18738
6120395,300,Active,1,40,2013-11-19 19:00:06.905719,18738
6120396,301,Active,51,7,2013-11-19 19:00:06.911611,18738
6120397,302,Active,3,33,2013-11-19 19:00:06.917135,18738
6120398,303,Active,3,37,2013-11-19 19:00:06.922447,18738
6120399,305,Active,5,34,2013-11-19 19:00:06.928154,18738
6120400,306,Active,13,29,2013-11-19 19:00:06.933448,18738
6120401,307,Active,9,40,2013-11-19 19:00:06.938972,18738
6120402,308,Active,28,3,2013-11-19 19:00:06.944284,18738
6120403,309,Active,25,3,2013-11-19 19:00:06.949898,18738
6120404,310,Active,30,8,2013-11-19 19:00:06.955392,18738
6120405,311,Active,29,9,2013-11-19 19:00:06.961108,18738
6120406,312,Active,26,5,2013-11-19 19:00:06.966541,18738
6120407,313,Active,33,6,2013-11-19 19:00:06.972031,18738
6120408,314,Active,8,18,2013-11-19 19:00:06.977905,18738
6120409,315,Active,16,20,2013-11-19 19:00:06.983328,18738
6120410,316,Active,22,7,2013-11-19 19:00:06.988984,18738
6120411,317,Active,9,5,2013-11-19 19:00:06.994652,18738
6120412,318,Active,18,8,2013-11-19 19:00:07.001529,18738
6120413,319,Active,0,30,2013-11-19 19:00:07.007559,18738
6120414,320,Active,33,1,2013-11-19 19:00:07.01414,18738
6120415,321,Active,4,8,2013-11-19 19:00:07.019557,18738
6120416,322,Active,11,37,2013-11-19 19:00:07.024756,18738
6120417,332,Active,15,9,2013-11-19 19:00:07.030342,18738
6120418,327,Active,18,17,2013-11-19 19:00:07.035915,18738
6120419,328,Active,38,1,2013-11-19 19:00:07.041453,18738
6120420,331,Active,11,24,2013-11-19 19:00:07.047342,18738
6120421,323,Active,4,35,2013-11-19 19:00:07.052887,18738
6120422,324,Active,9,34,2013-11-19 19:00:07.058257,18738
6120423,329,Active,13,20,2013-11-19 19:00:07.063431,18738
6120424,325,Active,23,13,2013-11-19 19:00:07.069934,18738
6120425,326,Active,8,15,2013-11-19 19:00:07.075455,18738
6120426,1,Active,7,30,2013-11-19 19:10:05.460575,18739
6120427,2,Active,31,1,2013-11-19 19:10:05.473491,18739
6120428,3,Active,12,14,2013-11-19 19:10:05.481269,18739
6120429,4,Active,26,35,2013-11-19 19:10:05.487976,18739
6120430,5,Active,19,16,2013-11-19 19:10:05.493175,18739
6120431,6,Active,1,17,2013-11-19 19:10:05.497801,18739
6120432,7,Active,8,11,2013-11-19 19:10:05.503112,18739
6120433,8,Active,1,27,2013-11-19 19:10:05.508476,18739
6120434,9,Active,25,4,2013-11-19 19:10:05.514505,18739
6120435,10,Active,42,4,2013-11-19 19:10:05.519889,18739
6120436,11,Active,3,20,2013-11-19 19:10:05.527462,18739
6120437,12,Active,8,11,2013-11-19 19:10:05.534448,18739
6120438,13,Active,5,32,2013-11-19 19:10:05.541,18739
6120439,14,Active,28,3,2013-11-19 19:10:05.547116,18739
6120440,15,Active,0,31,2013-11-19 19:10:05.552185,18739
6120441,16,Active,30,1,2013-11-19 19:10:05.557429,18739
6120442,17,Active,15,14,2013-11-19 19:10:05.562743,18739
6120443,18,Active,29,25,2013-11-19 19:10:05.56786,18739
6120444,19,Active,3,20,2013-11-19 19:10:05.573495,18739
6120445,20,Active,0,25,2013-11-19 19:10:05.579717,18739
6120446,21,Active,32,2,2013-11-19 19:10:05.584859,18739
6120447,22,Active,32,15,2013-11-19 19:10:05.589479,18739
6120448,23,Active,10,34,2013-11-19 19:10:05.59484,18739
6120449,24,Active,40,6,2013-11-19 19:10:05.599875,18739
6120450,25,Active,42,6,2013-11-19 19:10:05.605088,18739
6120451,26,Active,7,23,2013-11-19 19:10:05.609808,18739
6120452,27,Active,35,8,2013-11-19 19:10:05.614579,18739
6120453,28,Active,27,0,2013-11-19 19:10:05.619241,18739
6120454,29,Active,1,22,2013-11-19 19:10:05.624455,18739
6120455,30,Active,20,19,2013-11-19 19:10:05.630072,18739
6120456,31,Active,4,33,2013-11-19 19:10:05.635131,18739
6120457,32,Active,1,32,2013-11-19 19:10:05.639848,18739
6120458,33,Active,2,25,2013-11-19 19:10:05.644481,18739
6120459,34,Active,34,1,2013-11-19 19:10:05.64977,18739
6120460,35,Active,53,1,2013-11-19 19:10:05.65451,18739
6120461,36,Active,20,4,2013-11-19 19:10:05.659777,18739
6120462,37,Active,1,20,2013-11-19 19:10:05.665401,18739
6120463,38,Active,22,15,2013-11-19 19:10:05.700132,18739
6120464,39,Active,9,28,2013-11-19 19:10:05.706052,18739
6120465,40,Active,8,31,2013-11-19 19:10:05.711006,18739
6120466,41,Active,5,24,2013-11-19 19:10:05.716063,18739
6120467,42,Active,28,3,2013-11-19 19:10:05.721152,18739
6120468,43,Active,2,21,2013-11-19 19:10:05.726139,18739
6120469,44,Active,1,22,2013-11-19 19:10:05.732216,18739
6120470,45,Active,17,22,2013-11-19 19:10:05.737581,18739
6120471,46,Active,8,22,2013-11-19 19:10:05.741936,18739
6120472,47,Active,0,23,2013-11-19 19:10:05.774486,18739
6120473,48,Active,2,15,2013-11-19 19:10:05.779945,18739
6120474,49,Active,13,10,2013-11-19 19:10:05.786089,18739
6120475,50,Active,18,8,2013-11-19 19:10:05.791282,18739
6120476,51,Active,40,0,2013-11-19 19:10:05.797594,18739
6120477,52,Active,27,0,2013-11-19 19:10:05.802587,18739
6120478,53,Active,5,27,2013-11-19 19:10:05.807413,18739
6120479,54,Active,21,26,2013-11-19 19:10:05.812351,18739
6120480,55,Active,1,26,2013-11-19 19:10:05.81733,18739
6120481,56,Active,32,4,2013-11-19 19:10:05.846637,18739
6120482,57,Active,0,23,2013-11-19 19:10:05.851962,18739
6120483,58,Active,30,8,2013-11-19 19:10:05.858488,18739
6120484,59,Active,29,6,2013-11-19 19:10:05.863908,18739
6120485,60,Active,4,22,2013-11-19 19:10:05.869338,18739
6120486,61,Active,4,20,2013-11-19 19:10:05.875693,18739
6120487,62,Active,9,21,2013-11-19 19:10:05.881737,18739
6120488,63,Active,19,8,2013-11-19 19:10:05.887575,18739
6120489,64,Active,18,17,2013-11-19 19:10:05.894794,18739
6120490,65,Active,4,20,2013-11-19 19:10:05.901142,18739
6120491,66,Active,0,52,2013-11-19 19:10:05.907343,18739
6120492,67,Active,25,2,2013-11-19 19:10:05.913433,18739
6120493,68,Active,0,23,2013-11-19 19:10:05.920046,18739
6120494,69,Active,1,36,2013-11-19 19:10:05.926385,18739
6120495,70,Active,2,29,2013-11-19 19:10:05.931966,18739
6120496,71,Active,0,15,2013-11-19 19:10:05.937355,18739
6120497,72,Active,7,18,2013-11-19 19:10:05.942635,18739
6120498,73,Active,3,16,2013-11-19 19:10:05.948076,18739
6120499,74,Active,6,12,2013-11-19 19:10:05.953976,18739
6120500,75,Active,10,18,2013-11-19 19:10:05.959621,18739
6120501,76,Active,49,9,2013-11-19 19:10:05.965055,18739
6120502,77,Active,20,7,2013-11-19 19:10:05.97054,18739
6120503,78,Active,19,21,2013-11-19 19:10:05.976076,18739
6120504,79,Active,39,7,2013-11-19 19:10:05.981416,18739
6120505,80,Active,0,19,2013-11-19 19:10:05.98683,18739
6120506,81,Active,2,27,2013-11-19 19:10:05.992511,18739
6120507,82,Active,1,19,2013-11-19 19:10:05.99789,18739
6120508,83,Active,47,5,2013-11-19 19:10:06.008061,18739
6120509,84,Active,27,2,2013-11-19 19:10:06.021555,18739
6120510,85,Active,2,21,2013-11-19 19:10:06.027682,18739
6120511,86,Active,23,10,2013-11-19 19:10:06.038467,18739
6120512,87,Active,4,22,2013-11-19 19:10:06.043945,18739
6120513,88,Active,3,32,2013-11-19 19:10:06.049238,18739
6120514,89,Active,33,19,2013-11-19 19:10:06.054351,18739
6120515,90,Active,3,32,2013-11-19 19:10:06.059785,18739
6120516,91,Active,0,20,2013-11-19 19:10:06.064959,18739
6120517,92,Active,29,1,2013-11-19 19:10:06.070254,18739
6120518,93,Active,33,2,2013-11-19 19:10:06.075387,18739
6120519,94,Active,13,18,2013-11-19 19:10:06.08047,18739
6120520,95,Active,4,33,2013-11-19 19:10:06.08584,18739
6120521,96,Active,3,27,2013-11-19 19:10:06.091873,18739
6120522,97,Active,16,9,2013-11-19 19:10:06.097408,18739
6120523,98,Active,34,5,2013-11-19 19:10:06.103304,18739
6120524,99,Active,1,33,2013-11-19 19:10:06.108693,18739
6120525,100,Active,7,23,2013-11-19 19:10:06.11417,18739
6120526,101,Active,5,26,2013-11-19 19:10:06.120842,18739
6120527,102,Active,13,8,2013-11-19 19:10:06.12716,18739
6120528,103,Active,6,33,2013-11-19 19:10:06.132432,18739
6120529,104,Active,18,10,2013-11-19 19:10:06.13854,18739
6120530,105,Active,5,38,2013-11-19 19:10:06.148051,18739
6120531,106,Active,4,23,2013-11-19 19:10:06.153572,18739
6120532,107,Active,3,26,2013-11-19 19:10:06.159068,18739
6120533,108,Active,13,19,2013-11-19 19:10:06.16636,18739
6120534,109,Active,26,13,2013-11-19 19:10:06.172105,18739
6120535,110,Inactive,0,3,2013-11-19 19:10:06.17934,18739
6120536,111,Active,0,31,2013-11-19 19:10:06.187361,18739
6120537,112,Active,22,15,2013-11-19 19:10:06.214457,18739
6120538,113,Active,47,3,2013-11-19 19:10:06.220801,18739
6120539,114,Active,14,20,2013-11-19 19:10:06.226625,18739
6120540,115,Active,3,21,2013-11-19 19:10:06.231916,18739
6120541,116,Active,5,33,2013-11-19 19:10:06.237185,18739
6120542,117,Active,18,1,2013-11-19 19:10:06.242597,18739
6120543,118,Active,22,9,2013-11-19 19:10:06.247734,18739
6120544,119,Active,12,24,2013-11-19 19:10:06.253076,18739
6120545,120,Active,0,25,2013-11-19 19:10:06.258306,18739
6120546,121,Active,1,22,2013-11-19 19:10:06.263756,18739
6120547,122,Active,7,23,2013-11-19 19:10:06.270173,18739
6120548,123,Active,24,1,2013-11-19 19:10:06.277731,18739
6120549,124,Active,28,7,2013-11-19 19:10:06.282956,18739
6120550,125,Active,34,3,2013-11-19 19:10:06.288302,18739
6120551,126,Active,12,12,2013-11-19 19:10:06.293866,18739
6120552,127,Active,0,26,2013-11-19 19:10:06.299337,18739
6120553,128,Active,15,2,2013-11-19 19:10:06.305407,18739
6120554,129,Active,9,20,2013-11-19 19:10:06.31104,18739
6120555,130,Active,1,21,2013-11-19 19:10:06.31653,18739
6120556,131,Active,8,15,2013-11-19 19:10:06.322332,18739
6120557,132,Active,3,32,2013-11-19 19:10:06.327835,18739
6120558,133,Active,4,21,2013-11-19 19:10:06.333556,18739
6120559,134,Active,28,4,2013-11-19 19:10:06.339566,18739
6120560,135,Active,39,2,2013-11-19 19:10:06.344996,18739
6120561,136,Active,8,14,2013-11-19 19:10:06.350414,18739
6120562,137,Active,7,21,2013-11-19 19:10:06.355581,18739
6120563,138,Active,39,0,2013-11-19 19:10:06.361242,18739
6120564,139,Active,28,6,2013-11-19 19:10:06.366752,18739
6120565,140,Active,6,21,2013-11-19 19:10:06.372049,18739
6120566,141,Active,9,22,2013-11-19 19:10:06.377293,18739
6120567,142,Active,24,18,2013-11-19 19:10:06.383382,18739
6120568,143,Active,0,23,2013-11-19 19:10:06.389414,18739
6120569,144,Active,16,9,2013-11-19 19:10:06.395506,18739
6120570,145,Active,2,32,2013-11-19 19:10:06.401979,18739
6120571,146,Active,37,18,2013-11-19 19:10:06.40877,18739
6120572,147,Active,16,22,2013-11-19 19:10:06.416518,18739
6120573,148,Active,2,41,2013-11-19 19:10:06.421839,18739
6120574,149,Active,12,45,2013-11-19 19:10:06.426971,18739
6120575,150,Active,13,36,2013-11-19 19:10:06.432363,18739
6120576,151,Active,9,18,2013-11-19 19:10:06.437951,18739
6120577,152,Active,1,30,2013-11-19 19:10:06.443128,18739
6120578,153,Active,0,33,2013-11-19 19:10:06.44846,18739
6120579,154,Active,19,13,2013-11-19 19:10:06.454196,18739
6120580,155,Active,12,25,2013-11-19 19:10:06.459623,18739
6120581,156,Active,3,32,2013-11-19 19:10:06.465434,18739
6120582,157,Active,5,22,2013-11-19 19:10:06.470771,18739
6120583,158,Active,5,14,2013-11-19 19:10:06.475957,18739
6120584,159,Active,27,2,2013-11-19 19:10:06.481253,18739
6120585,160,Active,5,38,2013-11-19 19:10:06.486643,18739
6120586,161,Active,40,7,2013-11-19 19:10:06.492142,18739
6120587,162,Active,7,35,2013-11-19 19:10:06.498189,18739
6120588,163,Active,2,37,2013-11-19 19:10:06.50378,18739
6120589,164,Active,35,1,2013-11-19 19:10:06.50927,18739
6120590,165,Active,7,28,2013-11-19 19:10:06.514516,18739
6120591,166,Active,2,29,2013-11-19 19:10:06.520418,18739
6120592,167,Active,4,25,2013-11-19 19:10:06.52594,18739
6120593,168,Active,36,5,2013-11-19 19:10:06.553323,18739
6120594,169,Active,29,7,2013-11-19 19:10:06.559069,18739
6120595,170,Active,35,0,2013-11-19 19:10:06.564424,18739
6120596,171,Active,5,22,2013-11-19 19:10:06.569881,18739
6120597,172,Active,5,26,2013-11-19 19:10:06.57574,18739
6120598,173,Active,3,28,2013-11-19 19:10:06.580995,18739
6120599,174,Active,20,11,2013-11-19 19:10:06.586592,18739
6120600,175,Active,1,30,2013-11-19 19:10:06.593403,18739
6120601,176,Active,3,29,2013-11-19 19:10:06.598578,18739
6120602,177,Active,2,28,2013-11-19 19:10:06.605245,18739
6120603,178,Active,4,21,2013-11-19 19:10:06.612487,18739
6120604,179,Active,5,22,2013-11-19 19:10:06.617881,18739
6120605,180,Active,3,28,2013-11-19 19:10:06.624474,18739
6120606,181,Active,1,26,2013-11-19 19:10:06.629962,18739
6120607,182,Active,3,12,2013-11-19 19:10:06.635803,18739
6120608,183,Active,11,31,2013-11-19 19:10:06.641435,18739
6120609,184,Active,39,3,2013-11-19 19:10:06.649418,18739
6120610,185,Active,12,18,2013-11-19 19:10:06.657473,18739
6120611,186,Active,37,1,2013-11-19 19:10:06.662464,18739
6120612,187,Active,6,29,2013-11-19 19:10:06.6678,18739
6120613,188,Active,8,26,2013-11-19 19:10:06.673366,18739
6120614,189,Active,1,42,2013-11-19 19:10:06.678587,18739
6120615,190,Active,0,22,2013-11-19 19:10:06.68394,18739
6120616,191,Active,10,9,2013-11-19 19:10:06.689218,18739
6120617,192,Active,11,23,2013-11-19 19:10:06.696011,18739
6120618,193,Active,0,22,2013-11-19 19:10:06.701262,18739
6120619,194,Active,0,28,2013-11-19 19:10:06.706497,18739
6120620,195,Active,19,5,2013-11-19 19:10:06.711987,18739
6120621,196,Active,31,9,2013-11-19 19:10:06.71717,18739
6120622,197,Active,1,30,2013-11-19 19:10:06.72252,18739
6120623,198,Active,1,45,2013-11-19 19:10:06.728496,18739
6120624,199,Active,9,14,2013-11-19 19:10:06.733645,18739
6120625,200,Active,0,23,2013-11-19 19:10:06.739778,18739
6120626,201,Active,0,23,2013-11-19 19:10:06.745127,18739
6120627,202,Active,1,18,2013-11-19 19:10:06.75089,18739
6120628,203,Active,9,44,2013-11-19 19:10:06.756173,18739
6120629,204,Active,5,33,2013-11-19 19:10:06.761617,18739
6120630,205,Active,17,11,2013-11-19 19:10:06.767812,18739
6120631,206,Active,30,29,2013-11-19 19:10:06.773409,18739
6120632,207,Active,3,28,2013-11-19 19:10:06.80526,18739
6120633,208,Active,25,2,2013-11-19 19:10:06.810931,18739
6120634,209,Inactive,0,3,2013-11-19 19:10:06.817328,18739
6120635,210,Active,0,31,2013-11-19 19:10:06.823834,18739
6120636,211,Active,0,39,2013-11-19 19:10:06.829847,18739
6120637,212,Active,26,0,2013-11-19 19:10:06.835639,18739
6120638,213,Active,44,1,2013-11-19 19:10:06.842162,18739
6120639,214,Active,2,25,2013-11-19 19:10:06.873867,18739
6120640,215,Active,12,15,2013-11-19 19:10:06.879136,18739
6120641,216,Active,2,25,2013-11-19 19:10:06.884398,18739
6120642,217,Active,7,31,2013-11-19 19:10:06.889537,18739
6120643,218,Active,21,9,2013-11-19 19:10:06.895177,18739
6120644,219,Active,0,33,2013-11-19 19:10:06.900475,18739
6120645,220,Active,24,26,2013-11-19 19:10:06.906208,18739
6120646,221,Active,22,1,2013-11-19 19:10:06.911593,18739
6120647,222,Active,50,2,2013-11-19 19:10:06.920367,18739
6120648,223,Active,8,34,2013-11-19 19:10:06.926048,18739
6120649,224,Active,3,33,2013-11-19 19:10:06.954361,18739
6120650,225,Active,8,21,2013-11-19 19:10:06.960111,18739
6120651,226,Active,4,26,2013-11-19 19:10:06.965483,18739
6120652,227,Active,0,29,2013-11-19 19:10:06.971132,18739
6120653,228,Active,18,39,2013-11-19 19:10:06.976526,18739
6120654,229,Active,4,34,2013-11-19 19:10:06.982081,18739
6120655,230,Active,4,31,2013-11-19 19:10:06.987905,18739
6120656,231,Active,35,3,2013-11-19 19:10:06.993607,18739
6120657,232,Active,24,11,2013-11-19 19:10:06.99912,18739
6120658,233,Active,5,54,2013-11-19 19:10:07.004549,18739
6120659,234,Active,19,10,2013-11-19 19:10:07.010208,18739
6120660,235,Active,20,1,2013-11-19 19:10:07.015383,18739
6120661,236,Active,0,20,2013-11-19 19:10:07.023725,18739
6120662,237,Active,3,35,2013-11-19 19:10:07.029231,18739
6120663,238,Active,34,8,2013-11-19 19:10:07.034453,18739
6120664,239,Active,24,1,2013-11-19 19:10:07.040472,18739
6120665,240,Active,46,12,2013-11-19 19:10:07.046334,18739
6120666,241,Active,3,33,2013-11-19 19:10:07.051762,18739
6120667,242,Active,32,3,2013-11-19 19:10:07.05769,18739
6120668,243,Active,5,29,2013-11-19 19:10:07.063754,18739
6120669,244,Active,4,55,2013-11-19 19:10:07.06986,18739
6120670,245,Active,1,56,2013-11-19 19:10:07.075764,18739
6120671,246,Active,13,24,2013-11-19 19:10:07.083388,18739
6120672,247,Active,18,8,2013-11-19 19:10:07.089206,18739
6120673,248,Active,10,29,2013-11-19 19:10:07.095828,18739
6120674,249,Active,28,14,2013-11-19 19:10:07.101505,18739
6120675,250,Active,32,13,2013-11-19 19:10:07.110305,18739
6120676,251,Active,19,18,2013-11-19 19:10:07.116702,18739
6120677,252,Active,4,42,2013-11-19 19:10:07.12299,18739
6120678,253,Active,5,54,2013-11-19 19:10:07.129482,18739
6120679,254,Active,4,27,2013-11-19 19:10:07.135329,18739
6120680,255,Active,2,28,2013-11-19 19:10:07.140663,18739
6120681,256,Active,7,20,2013-11-19 19:10:07.146388,18739
6120682,257,Active,18,7,2013-11-19 19:10:07.15188,18739
6120683,258,Active,2,36,2013-11-19 19:10:07.157936,18739
6120684,259,Active,11,22,2013-11-19 19:10:07.164209,18739
6120685,260,Active,39,3,2013-11-19 19:10:07.170718,18739
6120686,261,Active,8,27,2013-11-19 19:10:07.176824,18739
6120687,262,Active,9,30,2013-11-19 19:10:07.184398,18739
6120688,263,Active,0,34,2013-11-19 19:10:07.190914,18739
6120689,264,Active,3,36,2013-11-19 19:10:07.196953,18739
6120690,265,Active,32,4,2013-11-19 19:10:07.202589,18739
6120691,266,Active,5,52,2013-11-19 19:10:07.207944,18739
6120692,267,Active,51,2,2013-11-19 19:10:07.213486,18739
6120693,268,Active,8,40,2013-11-19 19:10:07.219214,18739
6120694,269,Active,33,1,2013-11-19 19:10:07.224832,18739
6120695,270,Active,0,34,2013-11-19 19:10:07.230242,18739
6120696,271,Active,1,24,2013-11-19 19:10:07.236839,18739
6120697,272,Active,39,4,2013-11-19 19:10:07.242285,18739
6120698,273,Active,51,6,2013-11-19 19:10:07.247854,18739
6120699,274,Active,1,28,2013-11-19 19:10:07.253969,18739
6120700,275,Active,11,23,2013-11-19 19:10:07.259572,18739
6120701,276,Active,42,8,2013-11-19 19:10:07.265925,18739
6120702,277,Active,1,40,2013-11-19 19:10:07.27141,18739
6120703,330,Active,2,27,2013-11-19 19:10:07.277159,18739
6120704,278,Active,28,1,2013-11-19 19:10:07.282996,18739
6120705,279,Active,4,41,2013-11-19 19:10:07.312672,18739
6120706,280,Active,5,27,2013-11-19 19:10:07.319587,18739
6120707,281,Active,2,43,2013-11-19 19:10:07.325034,18739
6120708,282,Active,7,17,2013-11-19 19:10:07.331408,18739
6120709,283,Active,8,24,2013-11-19 19:10:07.337163,18739
6120710,284,Active,48,2,2013-11-19 19:10:07.342571,18739
6120711,285,Active,4,29,2013-11-19 19:10:07.348398,18739
6120712,286,Active,0,26,2013-11-19 19:10:07.353965,18739
6120713,287,Active,7,19,2013-11-19 19:10:07.359739,18739
6120714,288,Active,4,49,2013-11-19 19:10:07.364902,18739
6120715,289,Active,4,31,2013-11-19 19:10:07.370284,18739
6120716,290,Active,21,12,2013-11-19 19:10:07.375853,18739
6120717,291,Active,43,15,2013-11-19 19:10:07.38101,18739
6120718,292,Active,8,31,2013-11-19 19:10:07.386148,18739
6120719,293,Active,40,21,2013-11-19 19:10:07.391225,18739
6120720,294,Active,29,9,2013-11-19 19:10:07.396457,18739
6120721,295,Active,5,62,2013-11-19 19:10:07.401952,18739
6120722,296,Active,45,5,2013-11-19 19:10:07.407343,18739
6120723,297,Active,9,42,2013-11-19 19:10:07.412587,18739
6120724,298,Active,13,41,2013-11-19 19:10:07.420236,18739
6120725,299,Active,16,22,2013-11-19 19:10:07.425578,18739
6120726,300,Active,4,37,2013-11-19 19:10:07.431342,18739
6120727,301,Active,52,6,2013-11-19 19:10:07.436897,18739
6120728,302,Active,2,34,2013-11-19 19:10:07.442565,18739
6120729,303,Active,2,38,2013-11-19 19:10:07.447778,18739
6120730,305,Active,4,35,2013-11-19 19:10:07.452908,18739
6120731,306,Active,13,29,2013-11-19 19:10:07.458083,18739
6120732,307,Active,9,40,2013-11-19 19:10:07.46381,18739
6120733,308,Active,28,3,2013-11-19 19:10:07.469504,18739
6120734,309,Active,24,4,2013-11-19 19:10:07.475166,18739
6120735,310,Active,30,8,2013-11-19 19:10:07.480674,18739
6120736,311,Active,29,9,2013-11-19 19:10:07.485951,18739
6120737,312,Active,25,6,2013-11-19 19:10:07.491333,18739
6120738,313,Active,32,7,2013-11-19 19:10:07.496514,18739
6120739,314,Active,9,17,2013-11-19 19:10:07.50174,18739
6120740,315,Active,17,19,2013-11-19 19:10:07.50692,18739
6120741,316,Active,22,7,2013-11-19 19:10:07.512063,18739
6120742,317,Active,9,5,2013-11-19 19:10:07.517411,18739
6120743,318,Active,18,8,2013-11-19 19:10:07.522599,18739
6120744,319,Active,2,28,2013-11-19 19:10:07.527693,18739
6120745,320,Active,33,1,2013-11-19 19:10:07.532865,18739
6120746,321,Active,4,8,2013-11-19 19:10:07.540124,18739
6120747,322,Active,11,37,2013-11-19 19:10:07.545609,18739
6120748,332,Active,14,10,2013-11-19 19:10:07.550979,18739
6120749,327,Active,15,20,2013-11-19 19:10:07.556289,18739
6120750,328,Active,38,1,2013-11-19 19:10:07.561566,18739
6120751,331,Active,11,24,2013-11-19 19:10:07.56677,18739
6120752,323,Active,4,35,2013-11-19 19:10:07.571907,18739
6120753,324,Active,8,35,2013-11-19 19:10:07.577543,18739
6120754,329,Active,13,20,2013-11-19 19:10:07.583015,18739
6120755,325,Active,24,12,2013-11-19 19:10:07.588782,18739
6120756,326,Active,8,15,2013-11-19 19:10:07.594411,18739
6120757,1,Active,7,30,2013-11-19 19:20:05.700337,18740
6120758,2,Active,32,0,2013-11-19 19:20:05.710484,18740
6120759,3,Active,11,15,2013-11-19 19:20:05.716048,18740
6120760,4,Active,27,34,2013-11-19 19:20:05.721552,18740
6120761,5,Active,20,15,2013-11-19 19:20:05.72661,18740
6120762,6,Active,1,17,2013-11-19 19:20:05.731557,18740
6120763,7,Active,7,12,2013-11-19 19:20:05.736603,18740
6120764,8,Active,2,26,2013-11-19 19:20:05.741181,18740
6120765,9,Active,26,3,2013-11-19 19:20:05.746111,18740
6120766,10,Active,43,3,2013-11-19 19:20:05.751279,18740
6120767,11,Active,3,20,2013-11-19 19:20:05.756155,18740
6120768,12,Active,8,11,2013-11-19 19:20:05.761086,18740
6120769,13,Active,5,32,2013-11-19 19:20:05.76603,18740
6120770,14,Active,29,2,2013-11-19 19:20:05.770786,18740
6120771,15,Active,0,31,2013-11-19 19:20:05.775867,18740
6120772,16,Active,31,0,2013-11-19 19:20:05.780449,18740
6120773,17,Active,15,14,2013-11-19 19:20:05.785423,18740
6120774,18,Active,27,27,2013-11-19 19:20:05.79021,18740
6120775,19,Active,3,20,2013-11-19 19:20:05.794941,18740
6120776,20,Active,1,24,2013-11-19 19:20:05.799615,18740
6120777,21,Active,33,1,2013-11-19 19:20:05.804461,18740
6120778,22,Active,33,14,2013-11-19 19:20:05.809628,18740
6120779,23,Active,8,36,2013-11-19 19:20:05.817143,18740
6120780,24,Active,40,6,2013-11-19 19:20:05.821756,18740
6120781,25,Active,43,5,2013-11-19 19:20:05.827102,18740
6120782,26,Active,7,23,2013-11-19 19:20:05.831983,18740
6120783,27,Active,36,7,2013-11-19 19:20:05.836993,18740
6120784,28,Active,27,0,2013-11-19 19:20:05.841912,18740
6120785,29,Active,1,22,2013-11-19 19:20:05.847203,18740
6120786,30,Active,21,18,2013-11-19 19:20:05.852298,18740
6120787,31,Active,4,33,2013-11-19 19:20:05.857866,18740
6120788,32,Active,1,32,2013-11-19 19:20:05.86268,18740
6120789,33,Active,2,25,2013-11-19 19:20:05.868017,18740
6120790,34,Active,34,1,2013-11-19 19:20:05.872419,18740
6120791,35,Active,49,5,2013-11-19 19:20:05.877384,18740
6120792,36,Active,19,5,2013-11-19 19:20:05.882359,18740
6120793,37,Active,1,20,2013-11-19 19:20:05.887354,18740
6120794,38,Active,22,16,2013-11-19 19:20:05.891921,18740
6120795,39,Active,9,28,2013-11-19 19:20:05.897206,18740
6120796,40,Active,9,30,2013-11-19 19:20:05.90262,18740
6120797,41,Active,4,25,2013-11-19 19:20:05.908571,18740
6120798,42,Active,27,4,2013-11-19 19:20:05.913919,18740
6120799,43,Active,3,20,2013-11-19 19:20:05.918954,18740
6120800,44,Active,0,23,2013-11-19 19:20:05.92511,18740
6120801,45,Active,17,22,2013-11-19 19:20:05.933016,18740
6120802,46,Active,8,22,2013-11-19 19:20:05.937932,18740
6120803,47,Active,0,23,2013-11-19 19:20:05.94343,18740
6120804,48,Active,3,14,2013-11-19 19:20:05.948644,18740
6120805,49,Active,16,7,2013-11-19 19:20:05.953344,18740
6120806,50,Active,20,6,2013-11-19 19:20:05.958349,18740
6120807,51,Active,40,0,2013-11-19 19:20:05.963011,18740
6120808,52,Active,27,0,2013-11-19 19:20:05.967832,18740
6120809,53,Active,5,27,2013-11-19 19:20:05.973097,18740
6120810,54,Active,19,28,2013-11-19 19:20:05.97932,18740
6120811,55,Active,1,26,2013-11-19 19:20:05.9843,18740
6120812,56,Active,33,3,2013-11-19 19:20:06.022682,18740
6120813,57,Active,0,23,2013-11-19 19:20:06.034567,18740
6120814,58,Active,30,8,2013-11-19 19:20:06.040212,18740
6120815,59,Active,30,5,2013-11-19 19:20:06.046438,18740
6120816,60,Active,4,22,2013-11-19 19:20:06.051838,18740
6120817,61,Active,15,9,2013-11-19 19:20:06.057379,18740
6120818,62,Active,9,21,2013-11-19 19:20:06.062639,18740
6120819,63,Active,18,9,2013-11-19 19:20:06.06801,18740
6120820,64,Active,17,18,2013-11-19 19:20:06.073396,18740
6120821,65,Active,4,20,2013-11-19 19:20:06.079199,18740
6120822,66,Active,0,52,2013-11-19 19:20:06.085714,18740
6120823,67,Active,24,3,2013-11-19 19:20:06.091559,18740
6120824,68,Active,0,23,2013-11-19 19:20:06.09812,18740
6120825,69,Active,1,36,2013-11-19 19:20:06.104342,18740
6120826,70,Active,1,30,2013-11-19 19:20:06.110533,18740
6120827,71,Active,0,15,2013-11-19 19:20:06.116284,18740
6120828,72,Active,8,17,2013-11-19 19:20:06.121937,18740
6120829,73,Active,3,16,2013-11-19 19:20:06.128641,18740
6120830,74,Active,6,12,2013-11-19 19:20:06.134063,18740
6120831,75,Active,10,18,2013-11-19 19:20:06.139302,18740
6120832,76,Active,45,13,2013-11-19 19:20:06.14477,18740
6120833,77,Active,20,7,2013-11-19 19:20:06.150459,18740
6120834,78,Active,19,21,2013-11-19 19:20:06.15772,18740
6120835,79,Active,37,9,2013-11-19 19:20:06.163634,18740
6120836,80,Active,1,18,2013-11-19 19:20:06.169374,18740
6120837,81,Active,3,26,2013-11-19 19:20:06.175249,18740
6120838,82,Active,1,19,2013-11-19 19:20:06.180385,18740
6120839,83,Active,47,5,2013-11-19 19:20:06.18618,18740
6120840,84,Active,26,3,2013-11-19 19:20:06.192755,18740
6120841,85,Active,1,22,2013-11-19 19:20:06.198586,18740
6120842,86,Active,25,8,2013-11-19 19:20:06.204434,18740
6120843,87,Active,5,21,2013-11-19 19:20:06.209773,18740
6120844,88,Active,3,32,2013-11-19 19:20:06.215288,18740
6120845,89,Active,32,20,2013-11-19 19:20:06.221596,18740
6120846,90,Active,1,34,2013-11-19 19:20:06.227095,18740
6120847,91,Active,0,20,2013-11-19 19:20:06.232902,18740
6120848,92,Active,28,2,2013-11-19 19:20:06.238635,18740
6120849,93,Active,34,1,2013-11-19 19:20:06.243931,18740
6120850,94,Active,14,17,2013-11-19 19:20:06.2505,18740
6120851,95,Active,5,32,2013-11-19 19:20:06.257076,18740
6120852,96,Active,2,28,2013-11-19 19:20:06.262841,18740
6120853,97,Active,16,9,2013-11-19 19:20:06.268425,18740
6120854,98,Active,34,4,2013-11-19 19:20:06.27408,18740
6120855,99,Active,1,33,2013-11-19 19:20:06.279616,18740
6120856,100,Active,7,23,2013-11-19 19:20:06.289863,18740
6120857,101,Active,7,24,2013-11-19 19:20:06.295739,18740
6120858,102,Active,12,9,2013-11-19 19:20:06.302227,18740
6120859,103,Active,6,33,2013-11-19 19:20:06.308145,18740
6120860,104,Active,17,11,2013-11-19 19:20:06.313851,18740
6120861,105,Active,5,38,2013-11-19 19:20:06.31966,18740
6120862,106,Active,5,22,2013-11-19 19:20:06.324987,18740
6120863,107,Active,3,26,2013-11-19 19:20:06.330411,18740
6120864,108,Active,12,20,2013-11-19 19:20:06.336724,18740
6120865,109,Active,27,12,2013-11-19 19:20:06.342628,18740
6120866,110,Inactive,0,3,2013-11-19 19:20:06.348996,18740
6120867,111,Active,0,31,2013-11-19 19:20:06.357115,18740
6120868,112,Active,21,16,2013-11-19 19:20:06.384604,18740
6120869,113,Active,48,2,2013-11-19 19:20:06.3919,18740
6120870,114,Active,15,19,2013-11-19 19:20:06.397506,18740
6120871,115,Active,1,23,2013-11-19 19:20:06.403102,18740
6120872,116,Active,5,33,2013-11-19 19:20:06.408837,18740
6120873,117,Active,18,1,2013-11-19 19:20:06.415103,18740
6120874,118,Active,22,9,2013-11-19 19:20:06.422916,18740
6120875,119,Active,12,24,2013-11-19 19:20:06.428674,18740
6120876,120,Active,2,23,2013-11-19 19:20:06.435621,18740
6120877,121,Active,1,22,2013-11-19 19:20:06.441197,18740
6120878,122,Active,6,24,2013-11-19 19:20:06.446553,18740
6120879,123,Active,23,2,2013-11-19 19:20:06.452242,18740
6120880,124,Active,28,7,2013-11-19 19:20:06.458295,18740
6120881,125,Active,34,3,2013-11-19 19:20:06.46378,18740
6120882,126,Active,11,13,2013-11-19 19:20:06.469429,18740
6120883,127,Active,0,26,2013-11-19 19:20:06.476097,18740
6120884,128,Active,15,2,2013-11-19 19:20:06.481613,18740
6120885,129,Active,9,20,2013-11-19 19:20:06.489508,18740
6120886,130,Active,1,21,2013-11-19 19:20:06.494813,18740
6120887,131,Active,7,16,2013-11-19 19:20:06.501404,18740
6120888,132,Active,4,31,2013-11-19 19:20:06.506951,18740
6120889,133,Active,5,20,2013-11-19 19:20:06.512275,18740
6120890,134,Active,30,2,2013-11-19 19:20:06.518143,18740
6120891,135,Active,40,1,2013-11-19 19:20:06.523563,18740
6120892,136,Active,8,14,2013-11-19 19:20:06.52897,18740
6120893,137,Active,5,23,2013-11-19 19:20:06.534421,18740
6120894,138,Active,39,0,2013-11-19 19:20:06.539767,18740
6120895,139,Active,28,6,2013-11-19 19:20:06.545264,18740
6120896,140,Active,7,20,2013-11-19 19:20:06.550885,18740
6120897,141,Active,9,22,2013-11-19 19:20:06.556356,18740
6120898,142,Active,23,19,2013-11-19 19:20:06.561976,18740
6120899,143,Active,3,20,2013-11-19 19:20:06.567789,18740
6120900,144,Active,13,12,2013-11-19 19:20:06.573445,18740
6120901,145,Active,2,32,2013-11-19 19:20:06.57949,18740
6120902,146,Active,39,16,2013-11-19 19:20:06.585322,18740
6120903,147,Active,13,25,2013-11-19 19:20:06.591463,18740
6120904,148,Active,2,41,2013-11-19 19:20:06.598497,18740
6120905,149,Active,14,43,2013-11-19 19:20:06.604603,18740
6120906,150,Active,13,36,2013-11-19 19:20:06.610211,18740
6120907,151,Active,9,18,2013-11-19 19:20:06.618149,18740
6120908,152,Active,2,29,2013-11-19 19:20:06.624215,18740
6120909,153,Active,1,32,2013-11-19 19:20:06.630024,18740
6120910,154,Active,20,12,2013-11-19 19:20:06.635468,18740
6120911,155,Active,14,23,2013-11-19 19:20:06.640844,18740
6120912,156,Active,3,32,2013-11-19 19:20:06.646511,18740
6120913,157,Active,5,22,2013-11-19 19:20:06.652045,18740
6120914,158,Active,5,14,2013-11-19 19:20:06.657984,18740
6120915,159,Active,26,3,2013-11-19 19:20:06.665621,18740
6120916,160,Active,6,37,2013-11-19 19:20:06.671815,18740
6120917,161,Active,40,7,2013-11-19 19:20:06.6775,18740
6120918,162,Active,7,35,2013-11-19 19:20:06.682752,18740
6120919,163,Active,5,34,2013-11-19 19:20:06.689057,18740
6120920,164,Active,35,1,2013-11-19 19:20:06.694701,18740
6120921,165,Active,7,28,2013-11-19 19:20:06.701386,18740
6120922,166,Active,2,29,2013-11-19 19:20:06.707144,18740
6120923,167,Active,5,24,2013-11-19 19:20:06.712826,18740
6120924,168,Active,36,5,2013-11-19 19:20:06.741073,18740
6120925,169,Active,32,4,2013-11-19 19:20:06.747961,18740
6120926,170,Active,35,0,2013-11-19 19:20:06.753888,18740
6120927,171,Active,5,22,2013-11-19 19:20:06.759367,18740
6120928,172,Active,5,26,2013-11-19 19:20:06.766245,18740
6120929,173,Active,2,29,2013-11-19 19:20:06.771635,18740
6120930,174,Active,21,10,2013-11-19 19:20:06.77682,18740
6120931,175,Active,1,30,2013-11-19 19:20:06.782304,18740
6120932,176,Active,3,29,2013-11-19 19:20:06.787846,18740
6120933,177,Active,2,28,2013-11-19 19:20:06.793396,18740
6120934,178,Active,4,21,2013-11-19 19:20:06.798854,18740
6120935,179,Active,5,22,2013-11-19 19:20:06.804012,18740
6120936,180,Active,3,28,2013-11-19 19:20:06.809602,18740
6120937,181,Active,2,25,2013-11-19 19:20:06.8153,18740
6120938,182,Active,3,12,2013-11-19 19:20:06.821503,18740
6120939,183,Active,10,32,2013-11-19 19:20:06.82696,18740
6120940,184,Active,41,1,2013-11-19 19:20:06.832189,18740
6120941,185,Active,10,20,2013-11-19 19:20:06.837823,18740
6120942,186,Active,35,3,2013-11-19 19:20:06.843458,18740
6120943,187,Active,3,32,2013-11-19 19:20:06.849516,18740
6120944,188,Active,9,25,2013-11-19 19:20:06.855051,18740
6120945,189,Active,0,43,2013-11-19 19:20:06.860128,18740
6120946,190,Active,1,21,2013-11-19 19:20:06.865721,18740
6120947,191,Active,10,9,2013-11-19 19:20:06.871063,18740
6120948,192,Active,11,23,2013-11-19 19:20:06.876498,18740
6120949,193,Active,0,22,2013-11-19 19:20:06.881706,18740
6120950,194,Active,0,28,2013-11-19 19:20:06.887376,18740
6120951,195,Active,19,5,2013-11-19 19:20:06.893448,18740
6120952,196,Active,30,10,2013-11-19 19:20:06.899341,18740
6120953,197,Active,0,31,2013-11-19 19:20:06.905171,18740
6120954,198,Active,3,43,2013-11-19 19:20:06.91091,18740
6120955,199,Active,9,14,2013-11-19 19:20:06.916231,18740
6120956,200,Active,0,23,2013-11-19 19:20:06.921626,18740
6120957,201,Active,0,23,2013-11-19 19:20:06.926895,18740
6120958,202,Active,1,18,2013-11-19 19:20:06.932694,18740
6120959,203,Active,9,44,2013-11-19 19:20:06.938382,18740
6120960,204,Active,5,33,2013-11-19 19:20:06.944169,18740
6120961,205,Active,17,11,2013-11-19 19:20:06.949829,18740
6120962,206,Active,30,29,2013-11-19 19:20:06.955435,18740
6120963,207,Active,3,28,2013-11-19 19:20:06.960924,18740
6120964,208,Active,25,2,2013-11-19 19:20:06.966603,18740
6120965,209,Inactive,0,3,2013-11-19 19:20:06.972282,18740
6120966,210,Active,0,31,2013-11-19 19:20:06.978346,18740
6120967,211,Active,1,38,2013-11-19 19:20:06.983717,18740
6120968,212,Active,24,2,2013-11-19 19:20:06.989699,18740
6120969,213,Active,45,0,2013-11-19 19:20:06.995622,18740
6120970,214,Active,2,25,2013-11-19 19:20:07.001386,18740
6120971,215,Active,13,14,2013-11-19 19:20:07.00719,18740
6120972,216,Active,3,24,2013-11-19 19:20:07.012921,18740
6120973,217,Active,9,29,2013-11-19 19:20:07.022188,18740
6120974,218,Active,21,9,2013-11-19 19:20:07.028057,18740
6120975,219,Active,0,33,2013-11-19 19:20:07.033266,18740
6120976,220,Active,24,26,2013-11-19 19:20:07.039314,18740
6120977,221,Active,21,2,2013-11-19 19:20:07.044614,18740
6120978,222,Active,50,2,2013-11-19 19:20:07.050002,18740
6120979,223,Active,9,33,2013-11-19 19:20:07.055445,18740
6120980,224,Active,2,34,2013-11-19 19:20:07.086872,18740
6120981,225,Active,7,22,2013-11-19 19:20:07.093666,18740
6120982,226,Active,4,26,2013-11-19 19:20:07.099675,18740
6120983,227,Active,0,29,2013-11-19 19:20:07.106408,18740
6120984,228,Active,19,38,2013-11-19 19:20:07.112377,18740
6120985,229,Active,4,34,2013-11-19 19:20:07.118066,18740
6120986,230,Active,3,32,2013-11-19 19:20:07.124063,18740
6120987,231,Active,36,2,2013-11-19 19:20:07.130602,18740
6120988,232,Active,24,11,2013-11-19 19:20:07.137217,18740
6120989,233,Active,5,54,2013-11-19 19:20:07.14424,18740
6120990,234,Active,22,7,2013-11-19 19:20:07.150349,18740
6120991,235,Active,19,2,2013-11-19 19:20:07.156585,18740
6120992,236,Active,0,20,2013-11-19 19:20:07.16199,18740
6120993,237,Active,3,35,2013-11-19 19:20:07.167848,18740
6120994,238,Active,33,9,2013-11-19 19:20:07.17346,18740
6120995,239,Active,24,1,2013-11-19 19:20:07.182222,18740
6120996,240,Active,46,12,2013-11-19 19:20:07.188182,18740
6120997,241,Active,3,33,2013-11-19 19:20:07.194122,18740
6120998,242,Active,31,4,2013-11-19 19:20:07.199528,18740
6120999,243,Active,5,29,2013-11-19 19:20:07.205493,18740
6121000,244,Active,4,55,2013-11-19 19:20:07.211737,18740
6121001,245,Active,0,57,2013-11-19 19:20:07.218898,18740
6121002,246,Active,13,24,2013-11-19 19:20:07.224768,18740
6121003,247,Active,18,8,2013-11-19 19:20:07.230816,18740
6121004,248,Active,8,31,2013-11-19 19:20:07.236282,18740
6121005,249,Active,28,14,2013-11-19 19:20:07.241683,18740
6121006,250,Active,31,14,2013-11-19 19:20:07.247454,18740
6121007,251,Active,19,18,2013-11-19 19:20:07.254827,18740
6121008,252,Active,5,41,2013-11-19 19:20:07.261123,18740
6121009,253,Active,7,52,2013-11-19 19:20:07.266519,18740
6121010,254,Active,5,26,2013-11-19 19:20:07.27317,18740
6121011,255,Active,1,29,2013-11-19 19:20:07.279188,18740
6121012,256,Active,7,20,2013-11-19 19:20:07.286014,18740
6121013,257,Active,18,7,2013-11-19 19:20:07.293626,18740
6121014,258,Active,4,34,2013-11-19 19:20:07.300421,18740
6121015,259,Active,12,21,2013-11-19 19:20:07.308015,18740
6121016,260,Active,39,3,2013-11-19 19:20:07.315132,18740
6121017,261,Active,8,27,2013-11-19 19:20:07.32113,18740
6121018,262,Active,9,30,2013-11-19 19:20:07.326905,18740
6121019,263,Active,0,34,2013-11-19 19:20:07.332518,18740
6121020,264,Active,2,37,2013-11-19 19:20:07.338822,18740
6121021,265,Active,31,5,2013-11-19 19:20:07.34504,18740
6121022,266,Active,8,49,2013-11-19 19:20:07.350693,18740
6121023,267,Active,50,3,2013-11-19 19:20:07.356471,18740
6121024,268,Active,10,38,2013-11-19 19:20:07.362235,18740
6121025,269,Active,30,4,2013-11-19 19:20:07.367971,18740
6121026,270,Active,0,34,2013-11-19 19:20:07.373472,18740
6121027,271,Active,1,24,2013-11-19 19:20:07.381653,18740
6121028,272,Active,41,2,2013-11-19 19:20:07.387027,18740
6121029,273,Active,45,12,2013-11-19 19:20:07.392426,18740
6121030,274,Active,1,28,2013-11-19 19:20:07.397556,18740
6121031,275,Active,10,24,2013-11-19 19:20:07.403128,18740
6121032,276,Active,41,9,2013-11-19 19:20:07.408335,18740
6121033,277,Active,1,40,2013-11-19 19:20:07.414412,18740
6121034,330,Active,3,26,2013-11-19 19:20:07.4202,18740
6121035,278,Active,28,1,2013-11-19 19:20:07.42577,18740
6121036,279,Active,5,40,2013-11-19 19:20:07.455147,18740
6121037,280,Active,3,29,2013-11-19 19:20:07.462294,18740
6121038,281,Active,2,43,2013-11-19 19:20:07.467691,18740
6121039,282,Active,6,18,2013-11-19 19:20:07.474014,18740
6121040,283,Active,8,24,2013-11-19 19:20:07.479453,18740
6121041,284,Active,48,2,2013-11-19 19:20:07.485087,18740
6121042,285,Active,4,29,2013-11-19 19:20:07.490491,18740
6121043,286,Active,1,25,2013-11-19 19:20:07.496228,18740
6121044,287,Active,7,19,2013-11-19 19:20:07.501925,18740
6121045,288,Active,4,49,2013-11-19 19:20:07.507362,18740
6121046,289,Active,4,31,2013-11-19 19:20:07.513065,18740
6121047,290,Active,20,13,2013-11-19 19:20:07.519432,18740
6121048,291,Active,45,13,2013-11-19 19:20:07.525538,18740
6121049,292,Active,9,30,2013-11-19 19:20:07.533423,18740
6121050,293,Active,40,21,2013-11-19 19:20:07.539203,18740
6121051,294,Active,29,9,2013-11-19 19:20:07.544328,18740
6121052,295,Active,2,65,2013-11-19 19:20:07.549726,18740
6121053,296,Active,42,8,2013-11-19 19:20:07.554952,18740
6121054,297,Active,11,40,2013-11-19 19:20:07.560153,18740
6121055,298,Active,11,43,2013-11-19 19:20:07.565344,18740
6121056,299,Active,16,22,2013-11-19 19:20:07.57037,18740
6121057,300,Active,6,35,2013-11-19 19:20:07.575771,18740
6121058,301,Active,51,7,2013-11-19 19:20:07.581651,18740
6121059,302,Active,3,33,2013-11-19 19:20:07.588687,18740
6121060,303,Active,2,38,2013-11-19 19:20:07.593984,18740
6121061,305,Active,5,34,2013-11-19 19:20:07.599675,18740
6121062,306,Active,13,29,2013-11-19 19:20:07.604702,18740
6121063,307,Active,7,42,2013-11-19 19:20:07.610163,18740
6121064,308,Active,27,4,2013-11-19 19:20:07.61537,18740
6121065,309,Active,24,4,2013-11-19 19:20:07.620761,18740
6121066,310,Active,32,6,2013-11-19 19:20:07.625959,18740
6121067,311,Active,28,10,2013-11-19 19:20:07.63152,18740
6121068,312,Active,25,6,2013-11-19 19:20:07.637615,18740
6121069,313,Active,32,7,2013-11-19 19:20:07.646929,18740
6121070,314,Active,11,15,2013-11-19 19:20:07.653364,18740
6121071,315,Active,16,20,2013-11-19 19:20:07.659325,18740
6121072,316,Active,22,7,2013-11-19 19:20:07.665416,18740
6121073,317,Active,10,4,2013-11-19 19:20:07.67214,18740
6121074,318,Active,19,7,2013-11-19 19:20:07.677297,18740
6121075,319,Active,2,28,2013-11-19 19:20:07.68253,18740
6121076,320,Active,32,2,2013-11-19 19:20:07.687885,18740
6121077,321,Active,4,8,2013-11-19 19:20:07.693284,18740
6121078,322,Active,12,36,2013-11-19 19:20:07.698408,18740
6121079,332,Active,15,9,2013-11-19 19:20:07.7037,18740
6121080,327,Active,15,20,2013-11-19 19:20:07.70899,18740
6121081,328,Active,38,1,2013-11-19 19:20:07.714267,18740
6121082,331,Active,11,24,2013-11-19 19:20:07.719642,18740
6121083,323,Active,4,35,2013-11-19 19:20:07.725198,18740
6121084,324,Active,8,35,2013-11-19 19:20:07.73042,18740
6121085,329,Active,13,20,2013-11-19 19:20:07.735637,18740
6121086,325,Active,25,11,2013-11-19 19:20:07.741232,18740
6121087,326,Active,8,15,2013-11-19 19:20:07.746993,18740
6121088,1,Active,8,29,2013-11-19 19:30:05.609202,18741
6121089,2,Active,32,0,2013-11-19 19:30:05.620396,18741
6121090,3,Active,11,15,2013-11-19 19:30:05.627121,18741
6121091,4,Active,26,35,2013-11-19 19:30:05.631933,18741
6121092,5,Active,21,14,2013-11-19 19:30:05.636683,18741
6121093,6,Active,1,17,2013-11-19 19:30:05.641488,18741
6121094,7,Active,7,12,2013-11-19 19:30:05.646178,18741
6121095,8,Active,2,26,2013-11-19 19:30:05.651207,18741
6121096,9,Active,28,1,2013-11-19 19:30:05.656086,18741
6121097,10,Active,41,5,2013-11-19 19:30:05.66111,18741
6121098,11,Active,2,21,2013-11-19 19:30:05.666124,18741
6121099,12,Active,8,11,2013-11-19 19:30:05.671011,18741
6121100,13,Active,5,32,2013-11-19 19:30:05.675935,18741
6121101,14,Active,30,1,2013-11-19 19:30:05.681041,18741
6121102,15,Active,1,30,2013-11-19 19:30:05.686381,18741
6121103,16,Active,29,2,2013-11-19 19:30:05.691053,18741
6121104,17,Active,18,11,2013-11-19 19:30:05.695693,18741
6121105,18,Active,26,28,2013-11-19 19:30:05.700639,18741
6121106,19,Active,3,20,2013-11-19 19:30:05.705646,18741
6121107,20,Active,2,23,2013-11-19 19:30:05.71053,18741
6121108,21,Active,33,1,2013-11-19 19:30:05.715574,18741
6121109,22,Active,32,15,2013-11-19 19:30:05.720862,18741
6121110,23,Active,9,35,2013-11-19 19:30:05.725703,18741
6121111,24,Active,40,6,2013-11-19 19:30:05.730489,18741
6121112,25,Active,44,4,2013-11-19 19:30:05.735507,18741
6121113,26,Active,8,22,2013-11-19 19:30:05.742904,18741
6121114,27,Active,33,10,2013-11-19 19:30:05.747838,18741
6121115,28,Active,27,0,2013-11-19 19:30:05.752774,18741
6121116,29,Active,1,22,2013-11-19 19:30:05.757647,18741
6121117,30,Active,19,20,2013-11-19 19:30:05.762044,18741
6121118,31,Active,2,35,2013-11-19 19:30:05.767012,18741
6121119,32,Active,0,33,2013-11-19 19:30:05.77157,18741
6121120,33,Active,2,25,2013-11-19 19:30:05.776275,18741
6121121,34,Active,33,2,2013-11-19 19:30:05.781924,18741
6121122,35,Active,51,3,2013-11-19 19:30:05.786639,18741
6121123,36,Active,19,5,2013-11-19 19:30:05.794476,18741
6121124,37,Active,1,20,2013-11-19 19:30:05.79905,18741
6121125,38,Active,21,16,2013-11-19 19:30:05.803724,18741
6121126,39,Active,9,28,2013-11-19 19:30:05.808539,18741
6121127,40,Active,8,31,2013-11-19 19:30:05.813315,18741
6121128,41,Active,4,25,2013-11-19 19:30:05.817968,18741
6121129,42,Active,27,4,2013-11-19 19:30:05.82273,18741
6121130,43,Active,3,20,2013-11-19 19:30:05.828285,18741
6121131,44,Active,0,23,2013-11-19 19:30:05.833365,18741
6121132,45,Active,17,22,2013-11-19 19:30:05.838339,18741
6121133,46,Active,8,22,2013-11-19 19:30:05.843909,18741
6121134,47,Active,0,23,2013-11-19 19:30:05.849084,18741
6121135,48,Active,3,14,2013-11-19 19:30:05.854228,18741
6121136,49,Active,16,7,2013-11-19 19:30:05.860045,18741
6121137,50,Active,20,6,2013-11-19 19:30:05.867613,18741
6121138,51,Active,40,0,2013-11-19 19:30:05.873374,18741
6121139,52,Active,26,1,2013-11-19 19:30:05.879499,18741
6121140,53,Active,5,27,2013-11-19 19:30:05.886731,18741
6121141,54,Active,19,28,2013-11-19 19:30:05.892472,18741
6121142,55,Active,1,25,2013-11-19 19:30:05.897793,18741
6121143,56,Active,34,2,2013-11-19 19:30:05.926439,18741
6121144,57,Active,0,23,2013-11-19 19:30:05.933001,18741
6121145,58,Active,30,8,2013-11-19 19:30:05.93915,18741
6121146,59,Active,31,4,2013-11-19 19:30:05.945555,18741
6121147,60,Active,4,22,2013-11-19 19:30:05.955594,18741
6121148,61,Active,14,10,2013-11-19 19:30:05.961477,18741
6121149,62,Active,10,20,2013-11-19 19:30:05.967917,18741
6121150,63,Active,19,8,2013-11-19 19:30:05.974092,18741
6121151,64,Active,17,18,2013-11-19 19:30:05.980215,18741
6121152,65,Active,3,21,2013-11-19 19:30:05.985582,18741
6121153,66,Active,1,51,2013-11-19 19:30:05.991351,18741
6121154,67,Active,22,5,2013-11-19 19:30:05.997177,18741
6121155,68,Active,0,23,2013-11-19 19:30:06.003469,18741
6121156,69,Active,2,35,2013-11-19 19:30:06.010439,18741
6121157,70,Active,1,30,2013-11-19 19:30:06.021691,18741
6121158,71,Active,0,15,2013-11-19 19:30:06.031398,18741
6121159,72,Active,8,17,2013-11-19 19:30:06.037067,18741
6121160,73,Active,3,16,2013-11-19 19:30:06.042449,18741
6121161,74,Active,6,12,2013-11-19 19:30:06.047964,18741
6121162,75,Active,10,18,2013-11-19 19:30:06.053647,18741
6121163,76,Active,43,15,2013-11-19 19:30:06.059948,18741
6121164,77,Active,19,8,2013-11-19 19:30:06.065845,18741
6121165,78,Active,18,22,2013-11-19 19:30:06.071365,18741
6121166,79,Active,37,9,2013-11-19 19:30:06.076556,18741
6121167,80,Active,1,18,2013-11-19 19:30:06.081957,18741
6121168,81,Active,4,25,2013-11-19 19:30:06.087994,18741
6121169,82,Active,1,19,2013-11-19 19:30:06.095702,18741
6121170,83,Active,48,4,2013-11-19 19:30:06.101649,18741
6121171,84,Active,25,4,2013-11-19 19:30:06.107322,18741
6121172,85,Active,2,21,2013-11-19 19:30:06.112789,18741
6121173,86,Active,27,6,2013-11-19 19:30:06.120021,18741
6121174,87,Active,5,21,2013-11-19 19:30:06.12598,18741
6121175,88,Active,3,32,2013-11-19 19:30:06.133032,18741
6121176,89,Active,36,16,2013-11-19 19:30:06.138743,18741
6121177,90,Active,2,33,2013-11-19 19:30:06.144742,18741
6121178,91,Active,0,20,2013-11-19 19:30:06.150317,18741
6121179,92,Active,26,4,2013-11-19 19:30:06.155941,18741
6121180,93,Active,32,3,2013-11-19 19:30:06.161759,18741
6121181,94,Active,12,19,2013-11-19 19:30:06.168046,18741
6121182,95,Active,4,33,2013-11-19 19:30:06.173685,18741
6121183,96,Active,3,27,2013-11-19 19:30:06.179549,18741
6121184,97,Active,16,9,2013-11-19 19:30:06.185231,18741
6121185,98,Active,35,2,2013-11-19 19:30:06.191353,18741
6121186,99,Active,1,33,2013-11-19 19:30:06.196674,18741
6121187,100,Active,8,22,2013-11-19 19:30:06.202091,18741
6121188,101,Active,7,24,2013-11-19 19:30:06.208066,18741
6121189,102,Active,12,9,2013-11-19 19:30:06.213521,18741
6121190,103,Active,6,33,2013-11-19 19:30:06.220005,18741
6121191,104,Active,17,11,2013-11-19 19:30:06.227392,18741
6121192,105,Active,5,38,2013-11-19 19:30:06.233953,18741
6121193,106,Active,6,21,2013-11-19 19:30:06.239967,18741
6121194,107,Active,1,28,2013-11-19 19:30:06.245994,18741
6121195,108,Active,12,20,2013-11-19 19:30:06.251466,18741
6121196,109,Active,27,12,2013-11-19 19:30:06.25743,18741
6121197,110,Inactive,0,3,2013-11-19 19:30:06.263297,18741
6121198,111,Active,1,30,2013-11-19 19:30:06.271647,18741
6121199,112,Active,21,16,2013-11-19 19:30:06.299062,18741
6121200,113,Active,48,2,2013-11-19 19:30:06.305509,18741
6121201,114,Active,15,19,2013-11-19 19:30:06.311656,18741
6121202,115,Active,3,21,2013-11-19 19:30:06.317601,18741
6121203,116,Active,5,33,2013-11-19 19:30:06.323121,18741
6121204,117,Active,17,2,2013-11-19 19:30:06.329084,18741
6121205,118,Active,22,9,2013-11-19 19:30:06.336359,18741
6121206,119,Active,15,21,2013-11-19 19:30:06.342051,18741
6121207,120,Active,2,24,2013-11-19 19:30:06.347857,18741
6121208,121,Active,1,22,2013-11-19 19:30:06.353484,18741
6121209,122,Active,8,22,2013-11-19 19:30:06.360007,18741
6121210,123,Active,24,1,2013-11-19 19:30:06.366933,18741
6121211,124,Active,29,6,2013-11-19 19:30:06.37348,18741
6121212,125,Active,34,3,2013-11-19 19:30:06.380204,18741
6121213,126,Active,11,13,2013-11-19 19:30:06.386566,18741
6121214,127,Active,0,26,2013-11-19 19:30:06.39421,18741
6121215,128,Active,14,3,2013-11-19 19:30:06.401071,18741
6121216,129,Active,10,19,2013-11-19 19:30:06.408139,18741
6121217,130,Active,2,20,2013-11-19 19:30:06.414107,18741
6121218,131,Active,7,16,2013-11-19 19:30:06.419671,18741
6121219,132,Active,4,31,2013-11-19 19:30:06.427818,18741
6121220,133,Active,5,20,2013-11-19 19:30:06.433702,18741
6121221,134,Active,29,3,2013-11-19 19:30:06.440575,18741
6121222,135,Active,40,1,2013-11-19 19:30:06.446711,18741
6121223,136,Active,9,13,2013-11-19 19:30:06.452218,18741
6121224,137,Active,5,23,2013-11-19 19:30:06.458517,18741
6121225,138,Active,39,0,2013-11-19 19:30:06.464334,18741
6121226,139,Active,26,8,2013-11-19 19:30:06.470085,18741
6121227,140,Active,7,20,2013-11-19 19:30:06.477481,18741
6121228,141,Active,9,22,2013-11-19 19:30:06.483411,18741
6121229,142,Active,24,18,2013-11-19 19:30:06.489805,18741
6121230,143,Active,4,19,2013-11-19 19:30:06.496139,18741
6121231,144,Active,13,12,2013-11-19 19:30:06.502206,18741
6121232,145,Active,2,32,2013-11-19 19:30:06.507865,18741
6121233,146,Active,40,15,2013-11-19 19:30:06.514222,18741
6121234,147,Active,13,25,2013-11-19 19:30:06.520189,18741
6121235,148,Active,0,43,2013-11-19 19:30:06.526504,18741
6121236,149,Active,15,42,2013-11-19 19:30:06.533015,18741
6121237,150,Active,14,35,2013-11-19 19:30:06.5412,18741
6121238,151,Active,9,18,2013-11-19 19:30:06.547287,18741
6121239,152,Active,2,29,2013-11-19 19:30:06.552857,18741
6121240,153,Active,1,32,2013-11-19 19:30:06.559026,18741
6121241,154,Active,19,13,2013-11-19 19:30:06.567551,18741
6121242,155,Active,15,22,2013-11-19 19:30:06.574176,18741
6121243,156,Active,4,31,2013-11-19 19:30:06.580325,18741
6121244,157,Active,5,22,2013-11-19 19:30:06.586664,18741
6121245,158,Active,5,14,2013-11-19 19:30:06.592785,18741
6121246,159,Active,27,2,2013-11-19 19:30:06.598927,18741
6121247,160,Active,6,37,2013-11-19 19:30:06.605044,18741
6121248,161,Active,39,8,2013-11-19 19:30:06.611262,18741
6121249,162,Active,7,35,2013-11-19 19:30:06.617381,18741
6121250,163,Active,5,34,2013-11-19 19:30:06.623344,18741
6121251,164,Active,35,1,2013-11-19 19:30:06.630243,18741
6121252,165,Active,8,27,2013-11-19 19:30:06.636104,18741
6121253,166,Active,3,28,2013-11-19 19:30:06.64232,18741
6121254,167,Active,4,25,2013-11-19 19:30:06.649299,18741
6121255,168,Active,37,4,2013-11-19 19:30:06.67622,18741
6121256,169,Active,33,3,2013-11-19 19:30:06.682586,18741
6121257,170,Active,35,0,2013-11-19 19:30:06.688124,18741
6121258,171,Active,5,22,2013-11-19 19:30:06.693862,18741
6121259,172,Active,5,26,2013-11-19 19:30:06.699962,18741
6121260,173,Active,3,28,2013-11-19 19:30:06.706468,18741
6121261,174,Active,21,10,2013-11-19 19:30:06.712412,18741
6121262,175,Active,2,29,2013-11-19 19:30:06.718564,18741
6121263,176,Active,5,27,2013-11-19 19:30:06.728581,18741
6121264,177,Active,2,28,2013-11-19 19:30:06.734773,18741
6121265,178,Active,4,21,2013-11-19 19:30:06.741122,18741
6121266,179,Active,5,22,2013-11-19 19:30:06.747183,18741
6121267,180,Active,3,28,2013-11-19 19:30:06.753524,18741
6121268,181,Active,2,25,2013-11-19 19:30:06.760124,18741
6121269,182,Active,3,12,2013-11-19 19:30:06.766505,18741
6121270,183,Active,11,31,2013-11-19 19:30:06.77381,18741
6121271,184,Active,40,2,2013-11-19 19:30:06.780535,18741
6121272,185,Active,10,20,2013-11-19 19:30:06.786593,18741
6121273,186,Active,33,5,2013-11-19 19:30:06.793004,18741
6121274,187,Active,3,32,2013-11-19 19:30:06.80035,18741
6121275,188,Active,8,26,2013-11-19 19:30:06.807547,18741
6121276,189,Active,0,43,2013-11-19 19:30:06.817614,18741
6121277,190,Active,1,21,2013-11-19 19:30:06.824003,18741
6121278,191,Active,10,9,2013-11-19 19:30:06.830218,18741
6121279,192,Active,12,22,2013-11-19 19:30:06.836744,18741
6121280,193,Active,0,22,2013-11-19 19:30:06.842605,18741
6121281,194,Active,0,28,2013-11-19 19:30:06.848428,18741
6121282,195,Active,19,5,2013-11-19 19:30:06.854682,18741
6121283,196,Active,29,11,2013-11-19 19:30:06.860643,18741
6121284,197,Active,0,31,2013-11-19 19:30:06.86639,18741
6121285,198,Active,1,45,2013-11-19 19:30:06.87251,18741
6121286,199,Active,9,14,2013-11-19 19:30:06.878964,18741
6121287,200,Active,1,22,2013-11-19 19:30:06.884961,18741
6121288,201,Active,0,23,2013-11-19 19:30:06.890819,18741
6121289,202,Active,0,19,2013-11-19 19:30:06.896261,18741
6121290,203,Active,11,42,2013-11-19 19:30:06.90251,18741
6121291,204,Active,5,33,2013-11-19 19:30:06.907696,18741
6121292,205,Active,18,10,2013-11-19 19:30:06.913714,18741
6121293,206,Active,31,28,2013-11-19 19:30:06.9195,18741
6121294,207,Active,4,27,2013-11-19 19:30:06.925496,18741
6121295,208,Active,25,2,2013-11-19 19:30:06.931315,18741
6121296,209,Inactive,0,3,2013-11-19 19:30:06.937168,18741
6121297,210,Active,0,31,2013-11-19 19:30:06.943092,18741
6121298,211,Active,1,38,2013-11-19 19:30:06.94853,18741
6121299,212,Active,26,0,2013-11-19 19:30:06.954305,18741
6121300,213,Active,45,0,2013-11-19 19:30:06.959875,18741
6121301,214,Active,2,25,2013-11-19 19:30:06.96594,18741
6121302,215,Active,12,15,2013-11-19 19:30:06.971728,18741
6121303,216,Active,2,25,2013-11-19 19:30:06.977946,18741
6121304,217,Active,12,26,2013-11-19 19:30:06.983988,18741
6121305,218,Active,18,12,2013-11-19 19:30:06.990284,18741
6121306,219,Active,1,32,2013-11-19 19:30:06.997053,18741
6121307,220,Active,25,25,2013-11-19 19:30:07.003369,18741
6121308,221,Active,22,1,2013-11-19 19:30:07.011295,18741
6121309,222,Active,51,1,2013-11-19 19:30:07.017389,18741
6121310,223,Active,9,33,2013-11-19 19:30:07.024077,18741
6121311,224,Active,2,34,2013-11-19 19:30:07.052617,18741
6121312,225,Active,8,21,2013-11-19 19:30:07.059635,18741
6121313,226,Active,4,26,2013-11-19 19:30:07.065471,18741
6121314,227,Active,1,28,2013-11-19 19:30:07.071221,18741
6121315,228,Active,19,38,2013-11-19 19:30:07.077128,18741
6121316,229,Active,4,34,2013-11-19 19:30:07.08299,18741
6121317,230,Active,2,33,2013-11-19 19:30:07.088805,18741
6121318,231,Active,35,3,2013-11-19 19:30:07.095005,18741
6121319,232,Active,25,10,2013-11-19 19:30:07.100707,18741
6121320,233,Active,7,52,2013-11-19 19:30:07.106495,18741
6121321,234,Active,21,8,2013-11-19 19:30:07.111886,18741
6121322,235,Active,17,4,2013-11-19 19:30:07.117777,18741
6121323,236,Active,0,20,2013-11-19 19:30:07.123378,18741
6121324,237,Active,3,35,2013-11-19 19:30:07.129648,18741
6121325,238,Active,31,11,2013-11-19 19:30:07.135822,18741
6121326,239,Active,22,3,2013-11-19 19:30:07.142985,18741
6121327,240,Active,46,12,2013-11-19 19:30:07.148416,18741
6121328,241,Active,4,32,2013-11-19 19:30:07.155276,18741
6121329,242,Active,28,7,2013-11-19 19:30:07.161594,18741
6121330,243,Active,5,29,2013-11-19 19:30:07.172056,18741
6121331,244,Active,3,56,2013-11-19 19:30:07.17847,18741
6121332,245,Active,0,57,2013-11-19 19:30:07.184773,18741
6121333,246,Active,11,26,2013-11-19 19:30:07.190877,18741
6121334,247,Active,18,8,2013-11-19 19:30:07.1971,18741
6121335,248,Active,9,30,2013-11-19 19:30:07.203046,18741
6121336,249,Active,28,14,2013-11-19 19:30:07.208722,18741
6121337,250,Active,33,12,2013-11-19 19:30:07.215054,18741
6121338,251,Active,19,18,2013-11-19 19:30:07.2209,18741
6121339,252,Active,5,41,2013-11-19 19:30:07.22694,18741
6121340,253,Active,8,51,2013-11-19 19:30:07.232936,18741
6121341,254,Active,5,26,2013-11-19 19:30:07.239026,18741
6121342,255,Active,1,29,2013-11-19 19:30:07.24443,18741
6121343,256,Active,7,20,2013-11-19 19:30:07.250317,18741
6121344,257,Active,18,7,2013-11-19 19:30:07.255953,18741
6121345,258,Active,7,31,2013-11-19 19:30:07.261761,18741
6121346,259,Active,11,22,2013-11-19 19:30:07.267869,18741
6121347,260,Active,37,5,2013-11-19 19:30:07.273835,18741
6121348,261,Active,8,28,2013-11-19 19:30:07.279719,18741
6121349,262,Active,12,27,2013-11-19 19:30:07.285556,18741
6121350,263,Active,0,34,2013-11-19 19:30:07.291625,18741
6121351,264,Active,4,35,2013-11-19 19:30:07.297428,18741
6121352,265,Active,33,3,2013-11-19 19:30:07.303437,18741
6121353,266,Active,10,47,2013-11-19 19:30:07.31098,18741
6121354,267,Active,51,2,2013-11-19 19:30:07.317414,18741
6121355,268,Active,10,38,2013-11-19 19:30:07.322782,18741
6121356,269,Active,32,2,2013-11-19 19:30:07.328374,18741
6121357,270,Active,1,33,2013-11-19 19:30:07.334646,18741
6121358,271,Active,1,24,2013-11-19 19:30:07.340522,18741
6121359,272,Active,41,2,2013-11-19 19:30:07.346675,18741
6121360,273,Active,47,9,2013-11-19 19:30:07.352401,18741
6121361,274,Active,2,27,2013-11-19 19:30:07.35815,18741
6121362,275,Active,9,25,2013-11-19 19:30:07.363927,18741
6121363,276,Active,39,11,2013-11-19 19:30:07.37037,18741
6121364,277,Active,1,40,2013-11-19 19:30:07.375987,18741
6121365,330,Active,0,29,2013-11-19 19:30:07.381379,18741
6121366,278,Active,29,0,2013-11-19 19:30:07.3874,18741
6121367,279,Active,4,41,2013-11-19 19:30:07.417113,18741
6121368,280,Active,4,28,2013-11-19 19:30:07.42282,18741
6121369,281,Active,3,42,2013-11-19 19:30:07.428312,18741
6121370,282,Active,6,18,2013-11-19 19:30:07.434006,18741
6121371,283,Active,7,25,2013-11-19 19:30:07.439295,18741
6121372,284,Active,45,5,2013-11-19 19:30:07.444915,18741
6121373,285,Active,3,30,2013-11-19 19:30:07.450315,18741
6121374,286,Active,1,25,2013-11-19 19:30:07.455967,18741
6121375,287,Active,8,18,2013-11-19 19:30:07.463362,18741
6121376,288,Active,3,50,2013-11-19 19:30:07.468898,18741
6121377,289,Active,5,30,2013-11-19 19:30:07.474711,18741
6121378,290,Active,19,14,2013-11-19 19:30:07.480625,18741
6121379,291,Active,40,18,2013-11-19 19:30:07.486312,18741
6121380,292,Active,7,32,2013-11-19 19:30:07.492702,18741
6121381,293,Active,40,21,2013-11-19 19:30:07.498495,18741
6121382,294,Active,25,13,2013-11-19 19:30:07.504157,18741
6121383,295,Active,2,65,2013-11-19 19:30:07.50937,18741
6121384,296,Active,42,8,2013-11-19 19:30:07.515223,18741
6121385,297,Active,12,39,2013-11-19 19:30:07.521522,18741
6121386,298,Active,15,39,2013-11-19 19:30:07.527442,18741
6121387,299,Active,15,23,2013-11-19 19:30:07.533735,18741
6121388,300,Active,4,37,2013-11-19 19:30:07.539804,18741
6121389,301,Active,47,11,2013-11-19 19:30:07.546056,18741
6121390,302,Active,1,35,2013-11-19 19:30:07.551528,18741
6121391,303,Active,3,37,2013-11-19 19:30:07.558791,18741
6121392,305,Active,6,33,2013-11-19 19:30:07.565011,18741
6121393,306,Active,13,29,2013-11-19 19:30:07.575321,18741
6121394,307,Active,8,41,2013-11-19 19:30:07.581238,18741
6121395,308,Active,27,4,2013-11-19 19:30:07.587202,18741
6121396,309,Active,19,9,2013-11-19 19:30:07.593086,18741
6121397,310,Active,35,3,2013-11-19 19:30:07.598339,18741
6121398,311,Active,26,12,2013-11-19 19:30:07.603677,18741
6121399,312,Active,25,6,2013-11-19 19:30:07.609279,18741
6121400,313,Active,33,6,2013-11-19 19:30:07.614939,18741
6121401,314,Active,12,14,2013-11-19 19:30:07.62088,18741
6121402,315,Active,17,19,2013-11-19 19:30:07.626404,18741
6121403,316,Active,23,6,2013-11-19 19:30:07.632385,18741
6121404,317,Active,11,3,2013-11-19 19:30:07.63845,18741
6121405,318,Active,19,7,2013-11-19 19:30:07.64449,18741
6121406,319,Active,1,29,2013-11-19 19:30:07.650097,18741
6121407,320,Active,32,2,2013-11-19 19:30:07.659096,18741
6121408,321,Active,4,8,2013-11-19 19:30:07.664485,18741
6121409,322,Active,11,37,2013-11-19 19:30:07.670242,18741
6121410,332,Active,16,8,2013-11-19 19:30:07.676186,18741
6121411,327,Active,15,20,2013-11-19 19:30:07.682135,18741
6121412,328,Active,39,0,2013-11-19 19:30:07.687796,18741
6121413,331,Active,9,26,2013-11-19 19:30:07.693226,18741
6121414,323,Active,4,35,2013-11-19 19:30:07.698994,18741
6121415,324,Active,7,36,2013-11-19 19:30:07.704545,18741
6121416,329,Active,14,19,2013-11-19 19:30:07.709978,18741
6121417,325,Active,26,10,2013-11-19 19:30:07.715823,18741
6121418,326,Active,10,13,2013-11-19 19:30:07.721953,18741
6121419,1,Active,8,29,2013-11-19 19:40:06.236002,18742
6121420,2,Active,32,0,2013-11-19 19:40:06.324924,18742
6121421,3,Active,11,15,2013-11-19 19:40:06.330257,18742
6121422,4,Active,26,35,2013-11-19 19:40:06.3348,18742
6121423,5,Active,22,13,2013-11-19 19:40:06.339231,18742
6121424,6,Active,0,18,2013-11-19 19:40:06.343912,18742
6121425,7,Active,8,11,2013-11-19 19:40:06.348343,18742
6121426,8,Active,3,25,2013-11-19 19:40:06.35271,18742
6121427,9,Active,27,2,2013-11-19 19:40:06.35744,18742
6121428,10,Active,42,4,2013-11-19 19:40:06.361841,18742
6121429,11,Active,2,21,2013-11-19 19:40:06.393458,18742
6121430,12,Active,8,11,2013-11-19 19:40:06.397811,18742
6121431,13,Active,5,32,2013-11-19 19:40:06.402391,18742
6121432,14,Active,31,0,2013-11-19 19:40:06.412053,18742
6121433,15,Active,1,30,2013-11-19 19:40:06.416558,18742
6121434,16,Active,29,2,2013-11-19 19:40:06.421006,18742
6121435,17,Active,17,12,2013-11-19 19:40:06.42546,18742
6121436,18,Active,24,30,2013-11-19 19:40:06.429754,18742
6121437,19,Active,3,20,2013-11-19 19:40:06.460903,18742
6121438,20,Active,1,24,2013-11-19 19:40:06.466177,18742
6121439,21,Active,31,3,2013-11-19 19:40:06.470665,18742
6121440,22,Active,31,16,2013-11-19 19:40:06.475266,18742
6121441,23,Active,8,36,2013-11-19 19:40:06.479811,18742
6121442,24,Active,40,6,2013-11-19 19:40:06.484491,18742
6121443,25,Active,44,4,2013-11-19 19:40:06.489186,18742
6121444,26,Active,9,21,2013-11-19 19:40:06.493802,18742
6121445,27,Active,35,8,2013-11-19 19:40:06.498572,18742
6121446,28,Active,27,0,2013-11-19 19:40:06.529227,18742
6121447,29,Active,1,22,2013-11-19 19:40:06.534354,18742
6121448,30,Active,19,20,2013-11-19 19:40:06.539331,18742
6121449,31,Active,3,34,2013-11-19 19:40:06.543898,18742
6121450,32,Active,1,32,2013-11-19 19:40:06.548407,18742
6121451,33,Active,2,25,2013-11-19 19:40:06.553271,18742
6121452,34,Active,31,4,2013-11-19 19:40:06.560296,18742
6121453,35,Active,51,3,2013-11-19 19:40:06.565202,18742
6121454,36,Active,18,6,2013-11-19 19:40:06.597854,18742
6121455,37,Active,0,21,2013-11-19 19:40:06.604366,18742
6121456,38,Active,21,16,2013-11-19 19:40:06.609462,18742
6121457,39,Active,10,27,2013-11-19 19:40:06.61418,18742
6121458,40,Active,7,32,2013-11-19 19:40:06.619361,18742
6121459,41,Active,2,27,2013-11-19 19:40:06.624281,18742
6121460,42,Active,27,4,2013-11-19 19:40:06.629103,18742
6121461,43,Active,2,21,2013-11-19 19:40:06.634171,18742
6121462,44,Active,0,23,2013-11-19 19:40:06.666831,18742
6121463,45,Active,18,21,2013-11-19 19:40:06.671729,18742
6121464,46,Active,8,22,2013-11-19 19:40:06.676439,18742
6121465,47,Active,0,23,2013-11-19 19:40:06.681897,18742
6121466,48,Active,3,14,2013-11-19 19:40:06.686627,18742
6121467,49,Active,15,8,2013-11-19 19:40:06.691437,18742
6121468,50,Active,19,7,2013-11-19 19:40:06.695962,18742
6121469,51,Active,37,3,2013-11-19 19:40:06.701939,18742
6121470,52,Active,26,1,2013-11-19 19:40:06.734333,18742
6121471,53,Active,6,26,2013-11-19 19:40:06.739553,18742
6121472,54,Active,20,27,2013-11-19 19:40:06.744422,18742
6121473,55,Active,0,26,2013-11-19 19:40:06.749072,18742
6121474,56,Active,36,0,2013-11-19 19:40:06.778884,18742
6121475,57,Active,0,23,2013-11-19 19:40:06.806045,18742
6121476,58,Active,30,8,2013-11-19 19:40:06.81146,18742
6121477,59,Active,31,4,2013-11-19 19:40:06.81683,18742
6121478,60,Active,5,21,2013-11-19 19:40:06.822382,18742
6121479,61,Active,15,9,2013-11-19 19:40:06.82761,18742
6121480,62,Active,8,22,2013-11-19 19:40:06.833077,18742
6121481,63,Active,19,8,2013-11-19 19:40:06.838253,18742
6121482,64,Active,17,18,2013-11-19 19:40:06.84345,18742
6121483,65,Active,3,21,2013-11-19 19:40:06.848575,18742
6121484,66,Active,0,52,2013-11-19 19:40:06.853802,18742
6121485,67,Active,22,5,2013-11-19 19:40:06.859265,18742
6121486,68,Active,1,22,2013-11-19 19:40:06.865039,18742
6121487,69,Active,2,35,2013-11-19 19:40:06.870435,18742
6121488,70,Active,1,30,2013-11-19 19:40:06.875914,18742
6121489,71,Active,0,15,2013-11-19 19:40:06.8844,18742
6121490,72,Active,9,16,2013-11-19 19:40:06.889921,18742
6121491,73,Active,3,16,2013-11-19 19:40:06.895488,18742
6121492,74,Active,6,12,2013-11-19 19:40:06.901063,18742
6121493,75,Active,10,18,2013-11-19 19:40:06.907287,18742
6121494,76,Active,43,15,2013-11-19 19:40:06.912491,18742
6121495,77,Active,19,8,2013-11-19 19:40:06.917824,18742
6121496,78,Active,18,22,2013-11-19 19:40:06.923245,18742
6121497,79,Active,36,10,2013-11-19 19:40:06.929151,18742
6121498,80,Active,1,18,2013-11-19 19:40:06.936436,18742
6121499,81,Active,4,25,2013-11-19 19:40:06.942146,18742
6121500,82,Active,0,20,2013-11-19 19:40:06.947346,18742
6121501,83,Active,51,1,2013-11-19 19:40:06.952722,18742
6121502,84,Active,26,3,2013-11-19 19:40:06.957946,18742
6121503,85,Active,2,21,2013-11-19 19:40:06.963893,18742
6121504,86,Active,28,5,2013-11-19 19:40:06.969481,18742
6121505,87,Active,5,21,2013-11-19 19:40:06.975149,18742
6121506,88,Active,3,32,2013-11-19 19:40:06.981121,18742
6121507,89,Active,35,17,2013-11-19 19:40:06.986364,18742
6121508,90,Active,5,30,2013-11-19 19:40:07.016456,18742
6121509,91,Active,1,19,2013-11-19 19:40:07.02201,18742
6121510,92,Active,25,5,2013-11-19 19:40:07.027564,18742
6121511,93,Active,32,3,2013-11-19 19:40:07.032825,18742
6121512,94,Active,12,19,2013-11-19 19:40:07.038408,18742
6121513,95,Active,6,31,2013-11-19 19:40:07.04348,18742
6121514,96,Active,3,27,2013-11-19 19:40:07.048512,18742
6121515,97,Active,16,9,2013-11-19 19:40:07.053576,18742
6121516,98,Active,35,2,2013-11-19 19:40:07.058915,18742
6121517,99,Active,2,32,2013-11-19 19:40:07.064203,18742
6121518,100,Active,7,23,2013-11-19 19:40:07.069485,18742
6121519,101,Active,7,24,2013-11-19 19:40:07.074643,18742
6121520,102,Active,11,10,2013-11-19 19:40:07.081578,18742
6121521,103,Active,6,33,2013-11-19 19:40:07.087608,18742
6121522,104,Active,17,11,2013-11-19 19:40:07.09311,18742
6121523,105,Active,6,37,2013-11-19 19:40:07.098399,18742
6121524,106,Active,5,22,2013-11-19 19:40:07.1036,18742
6121525,107,Active,2,27,2013-11-19 19:40:07.108966,18742
6121526,108,Active,13,19,2013-11-19 19:40:07.114791,18742
6121527,109,Active,27,12,2013-11-19 19:40:07.119987,18742
6121528,110,Inactive,0,3,2013-11-19 19:40:07.125694,18742
6121529,111,Active,3,28,2013-11-19 19:40:07.131136,18742
6121530,112,Active,21,16,2013-11-19 19:40:07.15814,18742
6121531,113,Active,49,1,2013-11-19 19:40:07.164514,18742
6121532,114,Active,17,17,2013-11-19 19:40:07.169845,18742
6121533,115,Active,3,21,2013-11-19 19:40:07.176665,18742
6121534,116,Active,5,33,2013-11-19 19:40:07.182353,18742
6121535,117,Active,15,4,2013-11-19 19:40:07.18846,18742
6121536,118,Active,22,9,2013-11-19 19:40:07.194539,18742
6121537,119,Active,16,20,2013-11-19 19:40:07.201132,18742
6121538,120,Active,3,22,2013-11-19 19:40:07.207273,18742
6121539,121,Active,1,22,2013-11-19 19:40:07.213087,18742
6121540,122,Active,7,23,2013-11-19 19:40:07.21923,18742
6121541,123,Active,24,1,2013-11-19 19:40:07.224675,18742
6121542,124,Active,28,7,2013-11-19 19:40:07.23005,18742
6121543,125,Active,34,3,2013-11-19 19:40:07.235307,18742
6121544,126,Active,11,13,2013-11-19 19:40:07.240384,18742
6121545,127,Active,0,26,2013-11-19 19:40:07.245914,18742
6121546,128,Active,14,3,2013-11-19 19:40:07.251311,18742
6121547,129,Active,9,20,2013-11-19 19:40:07.257184,18742
6121548,130,Active,2,20,2013-11-19 19:40:07.262655,18742
6121549,131,Active,7,16,2013-11-19 19:40:07.275536,18742
6121550,132,Active,3,32,2013-11-19 19:40:07.280849,18742
6121551,133,Active,3,22,2013-11-19 19:40:07.28611,18742
6121552,134,Active,26,6,2013-11-19 19:40:07.291944,18742
6121553,135,Active,40,1,2013-11-19 19:40:07.324259,18742
6121554,136,Active,10,12,2013-11-19 19:40:07.330127,18742
6121555,137,Active,6,22,2013-11-19 19:40:07.335643,18742
6121556,138,Active,39,0,2013-11-19 19:40:07.341308,18742
6121557,139,Active,25,9,2013-11-19 19:40:07.346524,18742
6121558,140,Active,7,20,2013-11-19 19:40:07.351887,18742
6121559,141,Active,8,23,2013-11-19 19:40:07.357447,18742
6121560,142,Active,24,18,2013-11-19 19:40:07.362577,18742
6121561,143,Active,3,20,2013-11-19 19:40:07.394958,18742
6121562,144,Active,11,14,2013-11-19 19:40:07.400736,18742
6121563,145,Active,4,30,2013-11-19 19:40:07.406247,18742
6121564,146,Active,41,14,2013-11-19 19:40:07.412051,18742
6121565,147,Active,13,25,2013-11-19 19:40:07.417337,18742
6121566,148,Active,0,43,2013-11-19 19:40:07.422785,18742
6121567,149,Active,14,43,2013-11-19 19:40:07.427893,18742
6121568,150,Active,14,35,2013-11-19 19:40:07.433292,18742
6121569,151,Active,9,18,2013-11-19 19:40:07.438393,18742
6121570,152,Active,1,30,2013-11-19 19:40:07.443817,18742
6121571,153,Active,1,32,2013-11-19 19:40:07.452235,18742
6121572,154,Active,21,11,2013-11-19 19:40:07.457319,18742
6121573,155,Active,14,23,2013-11-19 19:40:07.462549,18742
6121574,156,Active,4,31,2013-11-19 19:40:07.468521,18742
6121575,157,Active,5,22,2013-11-19 19:40:07.473802,18742
6121576,158,Active,5,14,2013-11-19 19:40:07.479089,18742
6121577,159,Active,27,2,2013-11-19 19:40:07.484301,18742
6121578,160,Active,5,38,2013-11-19 19:40:07.489723,18742
6121579,161,Active,42,5,2013-11-19 19:40:07.495155,18742
6121580,162,Active,10,32,2013-11-19 19:40:07.500346,18742
6121581,163,Active,6,33,2013-11-19 19:40:07.505896,18742
6121582,164,Active,36,0,2013-11-19 19:40:07.511338,18742
6121583,165,Active,7,28,2013-11-19 19:40:07.516368,18742
6121584,166,Active,3,28,2013-11-19 19:40:07.521533,18742
6121585,167,Active,3,26,2013-11-19 19:40:07.52688,18742
6121586,168,Active,36,5,2013-11-19 19:40:07.552834,18742
6121587,169,Active,32,4,2013-11-19 19:40:07.558968,18742
6121588,170,Active,34,1,2013-11-19 19:40:07.564551,18742
6121589,171,Active,5,22,2013-11-19 19:40:07.569892,18742
6121590,172,Active,5,26,2013-11-19 19:40:07.575462,18742
6121591,173,Active,3,28,2013-11-19 19:40:07.580668,18742
6121592,174,Active,21,10,2013-11-19 19:40:07.586455,18742
6121593,175,Active,3,28,2013-11-19 19:40:07.592622,18742
6121594,176,Active,4,28,2013-11-19 19:40:07.597913,18742
6121595,177,Active,1,29,2013-11-19 19:40:07.603611,18742
6121596,178,Active,4,21,2013-11-19 19:40:07.608512,18742
6121597,179,Active,5,22,2013-11-19 19:40:07.614077,18742
6121598,180,Active,4,27,2013-11-19 19:40:07.619379,18742
6121599,181,Active,2,25,2013-11-19 19:40:07.624435,18742
6121600,182,Active,2,13,2013-11-19 19:40:07.629569,18742
6121601,183,Active,9,33,2013-11-19 19:40:07.63465,18742
6121602,184,Active,40,2,2013-11-19 19:40:07.639849,18742
6121603,185,Active,11,19,2013-11-19 19:40:07.645135,18742
6121604,186,Active,33,5,2013-11-19 19:40:07.650089,18742
6121605,187,Active,3,32,2013-11-19 19:40:07.65531,18742
6121606,188,Active,8,26,2013-11-19 19:40:07.668196,18742
6121607,189,Active,0,43,2013-11-19 19:40:07.673598,18742
6121608,190,Active,1,21,2013-11-19 19:40:07.678423,18742
6121609,191,Active,10,9,2013-11-19 19:40:07.68451,18742
6121610,192,Active,11,23,2013-11-19 19:40:07.691381,18742
6121611,193,Active,0,22,2013-11-19 19:40:07.69767,18742
6121612,194,Active,0,28,2013-11-19 19:40:07.703441,18742
6121613,195,Active,19,5,2013-11-19 19:40:07.709037,18742
6121614,196,Active,29,11,2013-11-19 19:40:07.714629,18742
6121615,197,Active,0,31,2013-11-19 19:40:07.719929,18742
6121616,198,Active,0,46,2013-11-19 19:40:07.725457,18742
6121617,199,Active,10,13,2013-11-19 19:40:07.730968,18742
6121618,200,Active,1,22,2013-11-19 19:40:07.736859,18742
6121619,201,Active,0,23,2013-11-19 19:40:07.742603,18742
6121620,202,Active,0,19,2013-11-19 19:40:07.748029,18742
6121621,203,Active,12,41,2013-11-19 19:40:07.75344,18742
6121622,204,Active,5,33,2013-11-19 19:40:07.758772,18742
6121623,205,Active,18,10,2013-11-19 19:40:07.764246,18742
6121624,206,Active,31,28,2013-11-19 19:40:07.770917,18742
6121625,207,Active,5,26,2013-11-19 19:40:07.776296,18742
6121626,208,Active,25,2,2013-11-19 19:40:07.781861,18742
6121627,209,Inactive,0,3,2013-11-19 19:40:07.787265,18742
6121628,210,Active,0,31,2013-11-19 19:40:07.796505,18742
6121629,211,Active,1,38,2013-11-19 19:40:07.80168,18742
6121630,212,Active,22,4,2013-11-19 19:40:07.807114,18742
6121631,213,Active,43,2,2013-11-19 19:40:07.812706,18742
6121632,214,Active,3,24,2013-11-19 19:40:07.818167,18742
6121633,215,Active,12,15,2013-11-19 19:40:07.823654,18742
6121634,216,Active,2,25,2013-11-19 19:40:07.829045,18742
6121635,217,Active,10,28,2013-11-19 19:40:07.834277,18742
6121636,218,Active,17,13,2013-11-19 19:40:07.839534,18742
6121637,219,Active,1,32,2013-11-19 19:40:07.845225,18742
6121638,220,Active,25,25,2013-11-19 19:40:07.851348,18742
6121639,221,Active,22,1,2013-11-19 19:40:07.856838,18742
6121640,222,Active,51,1,2013-11-19 19:40:07.862025,18742
6121641,223,Active,8,34,2013-11-19 19:40:07.867609,18742
6121642,224,Active,0,36,2013-11-19 19:40:07.894707,18742
6121643,225,Active,10,19,2013-11-19 19:40:07.900763,18742
6121644,226,Active,4,26,2013-11-19 19:40:07.906117,18742
6121645,227,Active,1,28,2013-11-19 19:40:07.911323,18742
6121646,228,Active,17,40,2013-11-19 19:40:07.916601,18742
6121647,229,Active,4,34,2013-11-19 19:40:07.921771,18742
6121648,230,Active,2,33,2013-11-19 19:40:07.927059,18742
6121649,231,Active,32,6,2013-11-19 19:40:07.932332,18742
6121650,232,Active,27,8,2013-11-19 19:40:07.937801,18742
6121651,233,Active,8,51,2013-11-19 19:40:07.944511,18742
6121652,234,Active,19,10,2013-11-19 19:40:07.94968,18742
6121653,235,Active,14,7,2013-11-19 19:40:07.955,18742
6121654,236,Active,0,20,2013-11-19 19:40:07.960188,18742
6121655,237,Active,5,33,2013-11-19 19:40:07.965751,18742
6121656,238,Active,30,12,2013-11-19 19:40:07.971143,18742
6121657,239,Active,20,5,2013-11-19 19:40:07.976539,18742
6121658,240,Active,46,12,2013-11-19 19:40:07.981984,18742
6121659,241,Active,7,29,2013-11-19 19:40:07.98698,18742
6121660,242,Active,29,6,2013-11-19 19:40:07.992596,18742
6121661,243,Active,5,29,2013-11-19 19:40:07.997942,18742
6121662,244,Active,4,55,2013-11-19 19:40:08.003191,18742
6121663,245,Active,0,57,2013-11-19 19:40:08.008272,18742
6121664,246,Active,11,26,2013-11-19 19:40:08.013441,18742
6121665,247,Active,18,8,2013-11-19 19:40:08.018593,18742
6121666,248,Active,11,28,2013-11-19 19:40:08.023569,18742
6121667,249,Active,28,14,2013-11-19 19:40:08.028875,18742
6121668,250,Active,31,14,2013-11-19 19:40:08.03405,18742
6121669,251,Active,20,17,2013-11-19 19:40:08.039155,18742
6121670,252,Active,7,39,2013-11-19 19:40:08.044497,18742
6121671,253,Active,15,44,2013-11-19 19:40:08.050201,18742
6121672,254,Active,6,25,2013-11-19 19:40:08.055312,18742
6121673,255,Active,2,28,2013-11-19 19:40:08.068141,18742
6121674,256,Active,6,21,2013-11-19 19:40:08.074529,18742
6121675,257,Active,17,8,2013-11-19 19:40:08.079802,18742
6121676,258,Active,6,32,2013-11-19 19:40:08.085393,18742
6121677,259,Active,9,24,2013-11-19 19:40:08.090936,18742
6121678,260,Active,38,4,2013-11-19 19:40:08.097023,18742
6121679,261,Active,8,27,2013-11-19 19:40:08.10247,18742
6121680,262,Active,11,28,2013-11-19 19:40:08.107634,18742
6121681,263,Active,2,32,2013-11-19 19:40:08.112902,18742
6121682,264,Active,1,38,2013-11-19 19:40:08.118085,18742
6121683,265,Active,33,3,2013-11-19 19:40:08.123455,18742
6121684,266,Active,13,44,2013-11-19 19:40:08.129013,18742
6121685,267,Active,51,2,2013-11-19 19:40:08.13423,18742
6121686,268,Active,18,30,2013-11-19 19:40:08.139416,18742
6121687,269,Active,32,2,2013-11-19 19:40:08.144978,18742
6121688,270,Active,0,34,2013-11-19 19:40:08.150496,18742
6121689,271,Active,1,24,2013-11-19 19:40:08.156131,18742
6121690,272,Active,40,3,2013-11-19 19:40:08.161609,18742
6121691,273,Active,44,12,2013-11-19 19:40:08.167021,18742
6121692,274,Active,4,25,2013-11-19 19:40:08.17217,18742
6121693,275,Active,8,26,2013-11-19 19:40:08.177822,18742
6121694,276,Active,39,11,2013-11-19 19:40:08.18329,18742
6121695,277,Active,1,40,2013-11-19 19:40:08.196888,18742
6121696,330,Active,0,29,2013-11-19 19:40:08.202393,18742
6121697,278,Active,29,0,2013-11-19 19:40:08.208008,18742
6121698,279,Active,4,41,2013-11-19 19:40:08.23485,18742
6121699,280,Active,7,25,2013-11-19 19:40:08.241359,18742
6121700,281,Active,1,44,2013-11-19 19:40:08.246864,18742
6121701,282,Active,5,19,2013-11-19 19:40:08.252457,18742
6121702,283,Active,9,23,2013-11-19 19:40:08.258401,18742
6121703,284,Active,45,5,2013-11-19 19:40:08.263752,18742
6121704,285,Active,3,30,2013-11-19 19:40:08.269385,18742
6121705,286,Active,0,26,2013-11-19 19:40:08.274931,18742
6121706,287,Active,8,18,2013-11-19 19:40:08.280343,18742
6121707,288,Active,4,49,2013-11-19 19:40:08.285831,18742
6121708,289,Active,5,30,2013-11-19 19:40:08.291417,18742
6121709,290,Active,18,15,2013-11-19 19:40:08.296902,18742
6121710,291,Active,42,16,2013-11-19 19:40:08.302547,18742
6121711,292,Active,9,30,2013-11-19 19:40:08.309318,18742
6121712,293,Active,40,21,2013-11-19 19:40:08.315561,18742
6121713,294,Active,25,13,2013-11-19 19:40:08.350708,18742
6121714,295,Active,2,65,2013-11-19 19:40:08.358309,18742
6121715,296,Active,43,7,2013-11-19 19:40:08.365738,18742
6121716,297,Active,12,39,2013-11-19 19:40:08.371673,18742
6121717,298,Active,15,39,2013-11-19 19:40:08.38026,18742
6121718,299,Active,15,23,2013-11-19 19:40:08.385528,18742
6121719,300,Active,6,35,2013-11-19 19:40:08.419337,18742
6121720,301,Active,46,12,2013-11-19 19:40:08.426345,18742
6121721,302,Active,1,35,2013-11-19 19:40:08.431989,18742
6121722,303,Active,2,38,2013-11-19 19:40:08.437499,18742
6121723,305,Active,7,32,2013-11-19 19:40:08.44319,18742
6121724,306,Active,11,31,2013-11-19 19:40:08.448765,18742
6121725,307,Active,7,42,2013-11-19 19:40:08.454627,18742
6121726,308,Active,28,3,2013-11-19 19:40:08.460446,18742
6121727,309,Active,21,7,2013-11-19 19:40:08.465855,18742
6121728,310,Active,35,3,2013-11-19 19:40:08.471572,18742
6121729,311,Active,25,13,2013-11-19 19:40:08.477718,18742
6121730,312,Active,24,7,2013-11-19 19:40:08.484451,18742
6121731,313,Active,32,7,2013-11-19 19:40:08.491882,18742
6121732,314,Active,11,15,2013-11-19 19:40:08.499072,18742
6121733,315,Active,18,18,2013-11-19 19:40:08.506353,18742
6121734,316,Active,24,5,2013-11-19 19:40:08.513348,18742
6121735,317,Active,11,3,2013-11-19 19:40:08.520319,18742
6121736,318,Active,19,7,2013-11-19 19:40:08.527202,18742
6121737,319,Active,1,29,2013-11-19 19:40:08.533813,18742
6121738,320,Active,32,2,2013-11-19 19:40:08.540717,18742
6121739,321,Active,4,8,2013-11-19 19:40:08.547255,18742
6121740,322,Active,10,38,2013-11-19 19:40:08.553736,18742
6121741,332,Active,17,7,2013-11-19 19:40:08.559354,18742
6121742,327,Active,15,20,2013-11-19 19:40:08.565122,18742
6121743,328,Active,39,0,2013-11-19 19:40:08.571407,18742
6121744,331,Active,8,27,2013-11-19 19:40:08.57769,18742
6121745,323,Active,4,35,2013-11-19 19:40:08.584836,18742
6121746,324,Active,7,36,2013-11-19 19:40:08.59066,18742
6121747,329,Active,17,16,2013-11-19 19:40:08.597099,18742
6121748,325,Active,26,10,2013-11-19 19:40:08.602702,18742
6121749,326,Active,10,13,2013-11-19 19:40:08.609238,18742
6121750,1,Active,8,29,2013-11-19 19:50:05.944106,18743
6121751,2,Active,32,0,2013-11-19 19:50:05.955165,18743
6121752,3,Active,12,14,2013-11-19 19:50:05.959676,18743
6121753,4,Active,26,35,2013-11-19 19:50:05.964004,18743
6121754,5,Active,22,13,2013-11-19 19:50:05.968392,18743
6121755,6,Active,0,18,2013-11-19 19:50:05.972973,18743
6121756,7,Active,8,11,2013-11-19 19:50:05.977777,18743
6121757,8,Active,2,26,2013-11-19 19:50:05.982112,18743
6121758,9,Active,26,3,2013-11-19 19:50:05.986443,18743
6121759,10,Active,43,3,2013-11-19 19:50:05.993092,18743
6121760,11,Active,0,23,2013-11-19 19:50:05.997365,18743
6121761,12,Active,8,11,2013-11-19 19:50:06.007925,18743
6121762,13,Active,4,33,2013-11-19 19:50:06.015786,18743
6121763,14,Active,30,1,2013-11-19 19:50:06.033401,18743
6121764,15,Active,1,30,2013-11-19 19:50:06.038288,18743
6121765,16,Active,31,0,2013-11-19 19:50:06.044719,18743
6121766,17,Active,20,9,2013-11-19 19:50:06.049277,18743
6121767,18,Active,26,28,2013-11-19 19:50:06.053666,18743
6121768,19,Active,6,17,2013-11-19 19:50:06.058046,18743
6121769,20,Active,2,23,2013-11-19 19:50:06.062537,18743
6121770,21,Active,31,3,2013-11-19 19:50:06.066855,18743
6121771,22,Active,31,16,2013-11-19 19:50:06.071213,18743
6121772,23,Active,7,37,2013-11-19 19:50:06.075509,18743
6121773,24,Active,38,8,2013-11-19 19:50:06.079953,18743
6121774,25,Active,44,4,2013-11-19 19:50:06.084926,18743
6121775,26,Active,8,22,2013-11-19 19:50:06.089616,18743
6121776,27,Active,34,9,2013-11-19 19:50:06.094246,18743
6121777,28,Active,27,0,2013-11-19 19:50:06.098728,18743
6121778,29,Active,1,22,2013-11-19 19:50:06.103289,18743
6121779,30,Active,19,20,2013-11-19 19:50:06.107796,18743
6121780,31,Active,3,34,2013-11-19 19:50:06.112129,18743
6121781,32,Active,1,32,2013-11-19 19:50:06.116543,18743
6121782,33,Active,1,26,2013-11-19 19:50:06.120885,18743
6121783,34,Active,30,5,2013-11-19 19:50:06.125184,18743
6121784,35,Active,51,3,2013-11-19 19:50:06.129775,18743
6121785,36,Active,18,6,2013-11-19 19:50:06.134341,18743
6121786,37,Active,0,21,2013-11-19 19:50:06.138767,18743
6121787,38,Active,21,16,2013-11-19 19:50:06.143186,18743
6121788,39,Active,10,27,2013-11-19 19:50:06.148215,18743
6121789,40,Active,6,33,2013-11-19 19:50:06.152481,18743
6121790,41,Active,1,28,2013-11-19 19:50:06.157399,18743
6121791,42,Active,27,4,2013-11-19 19:50:06.162195,18743
6121792,43,Active,2,21,2013-11-19 19:50:06.167145,18743
6121793,44,Active,0,23,2013-11-19 19:50:06.171539,18743
6121794,45,Active,18,21,2013-11-19 19:50:06.175842,18743
6121795,46,Active,8,22,2013-11-19 19:50:06.18024,18743
6121796,47,Active,0,23,2013-11-19 19:50:06.189223,18743
6121797,48,Active,3,14,2013-11-19 19:50:06.193642,18743
6121798,49,Active,16,7,2013-11-19 19:50:06.197918,18743
6121799,50,Active,19,7,2013-11-19 19:50:06.202272,18743
6121800,51,Active,37,3,2013-11-19 19:50:06.206815,18743
6121801,52,Active,27,0,2013-11-19 19:50:06.211143,18743
6121802,53,Active,6,26,2013-11-19 19:50:06.215598,18743
6121803,54,Active,21,26,2013-11-19 19:50:06.21989,18743
6121804,55,Active,2,24,2013-11-19 19:50:06.224348,18743
6121805,56,Active,35,1,2013-11-19 19:50:06.251497,18743
6121806,57,Active,1,22,2013-11-19 19:50:06.256744,18743
6121807,58,Active,30,8,2013-11-19 19:50:06.262255,18743
6121808,59,Active,31,4,2013-11-19 19:50:06.267455,18743
6121809,60,Active,5,21,2013-11-19 19:50:06.272938,18743
6121810,61,Active,14,10,2013-11-19 19:50:06.278058,18743
6121811,62,Active,9,21,2013-11-19 19:50:06.283156,18743
6121812,63,Active,19,8,2013-11-19 19:50:06.288276,18743
6121813,64,Active,17,18,2013-11-19 19:50:06.294178,18743
6121814,65,Active,2,22,2013-11-19 19:50:06.299644,18743
6121815,66,Active,0,52,2013-11-19 19:50:06.304746,18743
6121816,67,Active,23,4,2013-11-19 19:50:06.310409,18743
6121817,68,Active,1,22,2013-11-19 19:50:06.316146,18743
6121818,69,Active,2,35,2013-11-19 19:50:06.321467,18743
6121819,70,Active,1,30,2013-11-19 19:50:06.326781,18743
6121820,71,Active,0,15,2013-11-19 19:50:06.331964,18743
6121821,72,Active,10,15,2013-11-19 19:50:06.337042,18743
6121822,73,Active,3,16,2013-11-19 19:50:06.342401,18743
6121823,74,Active,6,12,2013-11-19 19:50:06.347635,18743
6121824,75,Active,9,19,2013-11-19 19:50:06.353014,18743
6121825,76,Active,36,22,2013-11-19 19:50:06.3583,18743
6121826,77,Active,19,8,2013-11-19 19:50:06.36546,18743
6121827,78,Active,20,20,2013-11-19 19:50:06.370958,18743
6121828,79,Active,37,9,2013-11-19 19:50:06.376164,18743
6121829,80,Active,1,18,2013-11-19 19:50:06.381735,18743
6121830,81,Active,5,24,2013-11-19 19:50:06.387044,18743
6121831,82,Active,0,20,2013-11-19 19:50:06.392084,18743
6121832,83,Active,52,0,2013-11-19 19:50:06.397745,18743
6121833,84,Active,26,3,2013-11-19 19:50:06.403278,18743
6121834,85,Active,1,22,2013-11-19 19:50:06.408999,18743
6121835,86,Active,27,6,2013-11-19 19:50:06.414767,18743
6121836,87,Active,3,23,2013-11-19 19:50:06.420505,18743
6121837,88,Active,3,32,2013-11-19 19:50:06.426046,18743
6121838,89,Active,35,17,2013-11-19 19:50:06.431546,18743
6121839,90,Active,4,31,2013-11-19 19:50:06.437083,18743
6121840,91,Active,1,19,2013-11-19 19:50:06.442456,18743
6121841,92,Active,24,6,2013-11-19 19:50:06.448488,18743
6121842,93,Active,32,3,2013-11-19 19:50:06.454106,18743
6121843,94,Active,12,19,2013-11-19 19:50:06.459264,18743
6121844,95,Active,5,32,2013-11-19 19:50:06.46471,18743
6121845,96,Active,1,29,2013-11-19 19:50:06.470259,18743
6121846,97,Active,17,8,2013-11-19 19:50:06.475944,18743
6121847,98,Active,36,1,2013-11-19 19:50:06.481049,18743
6121848,99,Active,0,34,2013-11-19 19:50:06.486298,18743
6121849,100,Active,7,23,2013-11-19 19:50:06.49169,18743
6121850,101,Active,4,27,2013-11-19 19:50:06.497067,18743
6121851,102,Active,11,10,2013-11-19 19:50:06.502461,18743
6121852,103,Active,6,33,2013-11-19 19:50:06.507968,18743
6121853,104,Active,17,11,2013-11-19 19:50:06.513427,18743
6121854,105,Active,5,38,2013-11-19 19:50:06.518964,18743
6121855,106,Active,4,23,2013-11-19 19:50:06.524819,18743
6121856,107,Active,1,28,2013-11-19 19:50:06.530663,18743
6121857,108,Active,14,18,2013-11-19 19:50:06.536243,18743
6121858,109,Active,27,12,2013-11-19 19:50:06.541846,18743
6121859,110,Inactive,0,3,2013-11-19 19:50:06.547316,18743
6121860,111,Active,3,28,2013-11-19 19:50:06.553903,18743
6121861,112,Active,22,15,2013-11-19 19:50:06.581352,18743
6121862,113,Active,49,1,2013-11-19 19:50:06.588253,18743
6121863,114,Active,20,14,2013-11-19 19:50:06.594417,18743
6121864,115,Active,3,21,2013-11-19 19:50:06.600399,18743
6121865,116,Active,5,33,2013-11-19 19:50:06.605914,18743
6121866,117,Active,17,2,2013-11-19 19:50:06.612022,18743
6121867,118,Active,23,8,2013-11-19 19:50:06.617675,18743
6121868,119,Active,16,20,2013-11-19 19:50:06.623328,18743
6121869,120,Active,3,22,2013-11-19 19:50:06.629847,18743
6121870,121,Active,1,22,2013-11-19 19:50:06.635345,18743
6121871,122,Active,6,24,2013-11-19 19:50:06.641662,18743
6121872,123,Active,23,2,2013-11-19 19:50:06.64687,18743
6121873,124,Active,29,6,2013-11-19 19:50:06.65311,18743
6121874,125,Active,34,3,2013-11-19 19:50:06.659129,18743
6121875,126,Active,11,13,2013-11-19 19:50:06.665508,18743
6121876,127,Active,0,26,2013-11-19 19:50:06.671238,18743
6121877,128,Active,14,3,2013-11-19 19:50:06.676406,18743
6121878,129,Active,9,20,2013-11-19 19:50:06.682823,18743
6121879,130,Active,2,20,2013-11-19 19:50:06.68908,18743
6121880,131,Active,8,15,2013-11-19 19:50:06.695721,18743
6121881,132,Active,3,32,2013-11-19 19:50:06.701489,18743
6121882,133,Active,3,22,2013-11-19 19:50:06.706525,18743
6121883,134,Active,26,6,2013-11-19 19:50:06.712602,18743
6121884,135,Active,39,2,2013-11-19 19:50:06.720402,18743
6121885,136,Active,10,12,2013-11-19 19:50:06.725805,18743
6121886,137,Active,5,23,2013-11-19 19:50:06.731866,18743
6121887,138,Active,39,0,2013-11-19 19:50:06.737613,18743
6121888,139,Active,27,7,2013-11-19 19:50:06.743123,18743
6121889,140,Active,7,20,2013-11-19 19:50:06.748671,18743
6121890,141,Active,9,22,2013-11-19 19:50:06.754024,18743
6121891,142,Active,24,18,2013-11-19 19:50:06.761522,18743
6121892,143,Active,6,17,2013-11-19 19:50:06.767225,18743
6121893,144,Active,14,11,2013-11-19 19:50:06.772425,18743
6121894,145,Active,5,29,2013-11-19 19:50:06.777815,18743
6121895,146,Active,41,14,2013-11-19 19:50:06.783194,18743
6121896,147,Active,13,25,2013-11-19 19:50:06.788859,18743
6121897,148,Active,1,42,2013-11-19 19:50:06.79433,18743
6121898,149,Active,12,45,2013-11-19 19:50:06.799505,18743
6121899,150,Active,16,33,2013-11-19 19:50:06.80559,18743
6121900,151,Active,9,18,2013-11-19 19:50:06.811318,18743
6121901,152,Active,1,30,2013-11-19 19:50:06.816862,18743
6121902,153,Active,1,32,2013-11-19 19:50:06.822771,18743
6121903,154,Active,22,10,2013-11-19 19:50:06.828614,18743
6121904,155,Active,13,24,2013-11-19 19:50:06.834659,18743
6121905,156,Active,5,30,2013-11-19 19:50:06.840162,18743
6121906,157,Active,5,22,2013-11-19 19:50:06.846111,18743
6121907,158,Active,5,14,2013-11-19 19:50:06.851531,18743
6121908,159,Active,27,2,2013-11-19 19:50:06.856836,18743
6121909,160,Active,4,39,2013-11-19 19:50:06.862945,18743
6121910,161,Active,41,6,2013-11-19 19:50:06.868526,18743
6121911,162,Active,14,28,2013-11-19 19:50:06.873999,18743
6121912,163,Active,6,33,2013-11-19 19:50:06.879814,18743
6121913,164,Active,34,2,2013-11-19 19:50:06.885389,18743
6121914,165,Active,8,27,2013-11-19 19:50:06.8929,18743
6121915,166,Active,3,28,2013-11-19 19:50:06.898063,18743
6121916,167,Active,1,28,2013-11-19 19:50:06.904419,18743
6121917,168,Active,35,6,2013-11-19 19:50:06.931643,18743
6121918,169,Active,34,2,2013-11-19 19:50:06.937619,18743
6121919,170,Active,34,1,2013-11-19 19:50:06.943273,18743
6121920,171,Active,5,22,2013-11-19 19:50:06.949016,18743
6121921,172,Active,5,26,2013-11-19 19:50:06.954361,18743
6121922,173,Active,3,28,2013-11-19 19:50:06.959761,18743
6121923,174,Active,21,10,2013-11-19 19:50:06.965008,18743
6121924,175,Active,3,28,2013-11-19 19:50:06.970401,18743
6121925,176,Active,5,27,2013-11-19 19:50:06.976031,18743
6121926,177,Active,2,28,2013-11-19 19:50:06.981111,18743
6121927,178,Active,4,21,2013-11-19 19:50:06.986908,18743
6121928,179,Active,5,22,2013-11-19 19:50:06.99219,18743
6121929,180,Active,4,27,2013-11-19 19:50:06.997651,18743
6121930,181,Active,2,25,2013-11-19 19:50:07.003366,18743
6121931,182,Active,2,13,2013-11-19 19:50:07.008705,18743
6121932,183,Active,9,33,2013-11-19 19:50:07.013934,18743
6121933,184,Active,38,4,2013-11-19 19:50:07.01946,18743
6121934,185,Active,11,19,2013-11-19 19:50:07.024809,18743
6121935,186,Active,31,7,2013-11-19 19:50:07.030678,18743
6121936,187,Active,3,32,2013-11-19 19:50:07.038081,18743
6121937,188,Active,8,26,2013-11-19 19:50:07.043661,18743
6121938,189,Active,0,43,2013-11-19 19:50:07.048797,18743
6121939,190,Active,1,21,2013-11-19 19:50:07.054356,18743
6121940,191,Active,10,9,2013-11-19 19:50:07.059722,18743
6121941,192,Active,13,21,2013-11-19 19:50:07.064833,18743
6121942,193,Active,1,21,2013-11-19 19:50:07.070212,18743
6121943,194,Active,1,27,2013-11-19 19:50:07.076193,18743
6121944,195,Active,18,6,2013-11-19 19:50:07.081727,18743
6121945,196,Active,30,10,2013-11-19 19:50:07.087255,18743
6121946,197,Active,0,31,2013-11-19 19:50:07.093988,18743
6121947,198,Active,1,45,2013-11-19 19:50:07.099865,18743
6121948,199,Active,9,14,2013-11-19 19:50:07.105114,18743
6121949,200,Active,1,22,2013-11-19 19:50:07.110555,18743
6121950,201,Active,0,23,2013-11-19 19:50:07.115535,18743
6121951,202,Active,0,19,2013-11-19 19:50:07.120835,18743
6121952,203,Active,9,44,2013-11-19 19:50:07.125953,18743
6121953,204,Active,5,33,2013-11-19 19:50:07.131985,18743
6121954,205,Active,19,9,2013-11-19 19:50:07.137715,18743
6121955,206,Active,30,29,2013-11-19 19:50:07.143067,18743
6121956,207,Active,5,26,2013-11-19 19:50:07.14865,18743
6121957,208,Active,24,3,2013-11-19 19:50:07.154308,18743
6121958,209,Inactive,0,3,2013-11-19 19:50:07.159586,18743
6121959,210,Active,0,31,2013-11-19 19:50:07.165222,18743
6121960,211,Active,0,39,2013-11-19 19:50:07.17112,18743
6121961,212,Active,21,5,2013-11-19 19:50:07.176351,18743
6121962,213,Active,41,4,2013-11-19 19:50:07.181856,18743
6121963,214,Active,3,24,2013-11-19 19:50:07.187203,18743
6121964,215,Active,11,16,2013-11-19 19:50:07.192663,18743
6121965,216,Active,4,23,2013-11-19 19:50:07.198308,18743
6121966,217,Active,11,27,2013-11-19 19:50:07.205999,18743
6121967,218,Active,17,13,2013-11-19 19:50:07.214048,18743
6121968,219,Active,0,33,2013-11-19 19:50:07.219504,18743
6121969,220,Active,23,27,2013-11-19 19:50:07.224733,18743
6121970,221,Active,22,1,2013-11-19 19:50:07.230211,18743
6121971,222,Active,52,0,2013-11-19 19:50:07.235605,18743
6121972,223,Active,7,35,2013-11-19 19:50:07.241783,18743
6121973,224,Active,2,34,2013-11-19 19:50:07.269451,18743
6121974,225,Active,11,18,2013-11-19 19:50:07.275417,18743
6121975,226,Active,4,26,2013-11-19 19:50:07.280692,18743
6121976,227,Active,1,28,2013-11-19 19:50:07.285889,18743
6121977,228,Active,18,39,2013-11-19 19:50:07.291097,18743
6121978,229,Active,5,33,2013-11-19 19:50:07.29629,18743
6121979,230,Active,2,33,2013-11-19 19:50:07.302129,18743
6121980,231,Active,32,6,2013-11-19 19:50:07.307748,18743
6121981,232,Active,27,8,2013-11-19 19:50:07.313148,18743
6121982,233,Active,7,52,2013-11-19 19:50:07.318849,18743
6121983,234,Active,20,9,2013-11-19 19:50:07.324086,18743
6121984,235,Active,14,7,2013-11-19 19:50:07.329844,18743
6121985,236,Active,0,20,2013-11-19 19:50:07.335032,18743
6121986,237,Active,3,35,2013-11-19 19:50:07.340475,18743
6121987,238,Active,33,9,2013-11-19 19:50:07.346275,18743
6121988,239,Active,20,5,2013-11-19 19:50:07.351909,18743
6121989,240,Active,46,12,2013-11-19 19:50:07.357518,18743
6121990,241,Active,7,29,2013-11-19 19:50:07.363321,18743
6121991,242,Active,29,6,2013-11-19 19:50:07.368769,18743
6121992,243,Active,5,29,2013-11-19 19:50:07.374415,18743
6121993,244,Active,4,55,2013-11-19 19:50:07.379981,18743
6121994,245,Active,0,57,2013-11-19 19:50:07.38584,18743
6121995,246,Active,13,24,2013-11-19 19:50:07.391264,18743
6121996,247,Active,18,8,2013-11-19 19:50:07.396434,18743
6121997,248,Active,8,31,2013-11-19 19:50:07.402149,18743
6121998,249,Active,27,15,2013-11-19 19:50:07.407505,18743
6121999,250,Active,30,15,2013-11-19 19:50:07.413058,18743
6122000,251,Active,21,16,2013-11-19 19:50:07.418312,18743
6122001,252,Active,5,41,2013-11-19 19:50:07.423825,18743
6122002,253,Active,16,43,2013-11-19 19:50:07.429113,18743
6122003,254,Active,7,24,2013-11-19 19:50:07.434389,18743
6122004,255,Active,1,29,2013-11-19 19:50:07.440091,18743
6122005,256,Active,8,19,2013-11-19 19:50:07.44549,18743
6122006,257,Active,17,8,2013-11-19 19:50:07.451087,18743
6122007,258,Active,4,34,2013-11-19 19:50:07.456712,18743
6122008,259,Active,13,20,2013-11-19 19:50:07.462109,18743
6122009,260,Active,39,3,2013-11-19 19:50:07.467256,18743
6122010,261,Active,5,30,2013-11-19 19:50:07.472499,18743
6122011,262,Active,7,32,2013-11-19 19:50:07.478175,18743
6122012,263,Active,5,29,2013-11-19 19:50:07.486596,18743
6122013,264,Active,1,38,2013-11-19 19:50:07.4921,18743
6122014,265,Active,33,3,2013-11-19 19:50:07.497805,18743
6122015,266,Active,8,50,2013-11-19 19:50:07.503373,18743
6122016,267,Active,51,2,2013-11-19 19:50:07.508668,18743
6122017,268,Active,22,26,2013-11-19 19:50:07.51409,18743
6122018,269,Active,31,3,2013-11-19 19:50:07.51942,18743
6122019,270,Active,1,33,2013-11-19 19:50:07.52454,18743
6122020,271,Active,1,24,2013-11-19 19:50:07.529842,18743
6122021,272,Active,39,4,2013-11-19 19:50:07.535138,18743
6122022,273,Active,40,16,2013-11-19 19:50:07.540354,18743
6122023,274,Active,5,24,2013-11-19 19:50:07.545479,18743
6122024,275,Active,6,28,2013-11-19 19:50:07.551039,18743
6122025,276,Active,39,11,2013-11-19 19:50:07.556333,18743
6122026,277,Active,1,40,2013-11-19 19:50:07.56149,18743
6122027,330,Active,0,29,2013-11-19 19:50:07.566825,18743
6122028,278,Active,28,1,2013-11-19 19:50:07.572203,18743
6122029,279,Active,5,40,2013-11-19 19:50:07.599848,18743
6122030,280,Active,6,26,2013-11-19 19:50:07.605198,18743
6122031,281,Active,1,44,2013-11-19 19:50:07.610745,18743
6122032,282,Active,5,19,2013-11-19 19:50:07.615897,18743
6122033,283,Active,7,25,2013-11-19 19:50:07.621053,18743
6122034,284,Active,45,5,2013-11-19 19:50:07.630026,18743
6122035,285,Active,4,29,2013-11-19 19:50:07.63593,18743
6122036,286,Active,0,26,2013-11-19 19:50:07.641353,18743
6122037,287,Active,8,18,2013-11-19 19:50:07.646729,18743
6122038,288,Active,3,50,2013-11-19 19:50:07.652296,18743
6122039,289,Active,5,30,2013-11-19 19:50:07.657735,18743
6122040,290,Active,17,16,2013-11-19 19:50:07.662825,18743
6122041,291,Active,42,16,2013-11-19 19:50:07.668094,18743
6122042,292,Active,11,28,2013-11-19 19:50:07.673526,18743
6122043,293,Active,41,20,2013-11-19 19:50:07.678849,18743
6122044,294,Active,25,13,2013-11-19 19:50:07.684217,18743
6122045,295,Active,4,63,2013-11-19 19:50:07.689754,18743
6122046,296,Active,42,8,2013-11-19 19:50:07.695181,18743
6122047,297,Active,12,39,2013-11-19 19:50:07.700394,18743
6122048,298,Active,14,40,2013-11-19 19:50:07.705532,18743
6122049,299,Active,14,24,2013-11-19 19:50:07.714496,18743
6122050,300,Active,7,34,2013-11-19 19:50:07.720197,18743
6122051,301,Active,46,12,2013-11-19 19:50:07.725684,18743
6122052,302,Active,2,34,2013-11-19 19:50:07.730935,18743
6122053,303,Active,2,38,2013-11-19 19:50:07.736101,18743
6122054,305,Active,8,31,2013-11-19 19:50:07.741913,18743
6122055,306,Active,11,31,2013-11-19 19:50:07.747453,18743
6122056,307,Active,6,43,2013-11-19 19:50:07.752553,18743
6122057,308,Active,28,3,2013-11-19 19:50:07.757851,18743
6122058,309,Active,20,8,2013-11-19 19:50:07.766226,18743
6122059,310,Active,35,3,2013-11-19 19:50:07.771392,18743
6122060,311,Active,25,13,2013-11-19 19:50:07.776439,18743
6122061,312,Active,25,6,2013-11-19 19:50:07.78167,18743
6122062,313,Active,31,8,2013-11-19 19:50:07.786755,18743
6122063,314,Active,11,15,2013-11-19 19:50:07.791976,18743
6122064,315,Active,20,16,2013-11-19 19:50:07.797132,18743
6122065,316,Active,21,8,2013-11-19 19:50:07.802775,18743
6122066,317,Active,11,3,2013-11-19 19:50:07.807919,18743
6122067,318,Active,19,7,2013-11-19 19:50:07.813126,18743
6122068,319,Active,0,30,2013-11-19 19:50:07.81835,18743
6122069,320,Active,32,2,2013-11-19 19:50:07.823806,18743
6122070,321,Active,4,8,2013-11-19 19:50:07.829345,18743
6122071,322,Active,10,38,2013-11-19 19:50:07.83514,18743
6122072,332,Active,16,8,2013-11-19 19:50:07.84031,18743
6122073,327,Active,15,20,2013-11-19 19:50:07.84552,18743
6122074,328,Active,38,1,2013-11-19 19:50:07.850707,18743
6122075,331,Active,7,28,2013-11-19 19:50:07.856035,18743
6122076,323,Active,2,37,2013-11-19 19:50:07.861233,18743
6122077,324,Active,9,34,2013-11-19 19:50:07.866398,18743
6122078,329,Active,17,16,2013-11-19 19:50:07.871746,18743
6122079,325,Active,25,11,2013-11-19 19:50:07.877703,18743
6122080,326,Active,9,14,2013-11-19 19:50:07.883318,18743
6122081,1,Active,8,29,2013-11-19 20:00:06.075074,18744
6122082,2,Active,31,1,2013-11-19 20:00:06.092475,18744
6122083,3,Active,12,14,2013-11-19 20:00:06.097092,18744
6122084,4,Active,26,35,2013-11-19 20:00:06.101978,18744
6122085,5,Active,21,14,2013-11-19 20:00:06.106567,18744
6122086,6,Active,0,18,2013-11-19 20:00:06.110994,18744
6122087,7,Active,8,11,2013-11-19 20:00:06.116284,18744
6122088,8,Active,2,26,2013-11-19 20:00:06.120888,18744
6122089,9,Active,27,2,2013-11-19 20:00:06.125589,18744
6122090,10,Active,42,4,2013-11-19 20:00:06.129918,18744
6122091,11,Active,0,23,2013-11-19 20:00:06.134669,18744
6122092,12,Active,8,11,2013-11-19 20:00:06.139398,18744
6122093,13,Active,4,33,2013-11-19 20:00:06.144008,18744
6122094,14,Active,30,1,2013-11-19 20:00:06.148557,18744
6122095,15,Active,1,30,2013-11-19 20:00:06.152987,18744
6122096,16,Active,29,2,2013-11-19 20:00:06.157276,18744
6122097,17,Active,19,10,2013-11-19 20:00:06.161961,18744
6122098,18,Active,24,30,2013-11-19 20:00:06.194253,18744
6122099,19,Active,5,17,2013-11-19 20:00:06.199174,18744
6122100,20,Active,4,21,2013-11-19 20:00:06.203681,18744
6122101,21,Active,32,2,2013-11-19 20:00:06.208145,18744
6122102,22,Active,31,16,2013-11-19 20:00:06.21272,18744
6122103,23,Active,6,38,2013-11-19 20:00:06.217088,18744
6122104,24,Active,40,6,2013-11-19 20:00:06.222127,18744
6122105,25,Active,46,2,2013-11-19 20:00:06.226837,18744
6122106,26,Active,8,22,2013-11-19 20:00:06.231464,18744
6122107,27,Active,36,7,2013-11-19 20:00:06.236408,18744
6122108,28,Active,27,0,2013-11-19 20:00:06.240988,18744
6122109,29,Active,1,22,2013-11-19 20:00:06.245441,18744
6122110,30,Active,19,20,2013-11-19 20:00:06.250113,18744
6122111,31,Active,3,34,2013-11-19 20:00:06.255064,18744
6122112,32,Active,2,31,2013-11-19 20:00:06.259529,18744
6122113,33,Active,2,25,2013-11-19 20:00:06.264343,18744
6122114,34,Active,31,4,2013-11-19 20:00:06.269115,18744
6122115,35,Active,50,4,2013-11-19 20:00:06.273971,18744
6122116,36,Active,21,3,2013-11-19 20:00:06.278668,18744
6122117,37,Active,1,20,2013-11-19 20:00:06.283185,18744
6122118,38,Active,23,15,2013-11-19 20:00:06.287496,18744
6122119,39,Active,10,27,2013-11-19 20:00:06.292233,18744
6122120,40,Active,6,33,2013-11-19 20:00:06.321709,18744
6122121,41,Active,0,29,2013-11-19 20:00:06.330563,18744
6122122,42,Active,27,4,2013-11-19 20:00:06.334937,18744
6122123,43,Active,2,21,2013-11-19 20:00:06.339526,18744
6122124,44,Active,0,23,2013-11-19 20:00:06.344069,18744
6122125,45,Active,18,21,2013-11-19 20:00:06.34877,18744
6122126,46,Active,8,22,2013-11-19 20:00:06.3532,18744
6122127,47,Active,0,23,2013-11-19 20:00:06.35766,18744
6122128,48,Active,2,15,2013-11-19 20:00:06.362643,18744
6122129,49,Active,17,6,2013-11-19 20:00:06.367123,18744
6122130,50,Active,19,7,2013-11-19 20:00:06.372899,18744
6122131,51,Active,37,3,2013-11-19 20:00:06.377437,18744
6122132,52,Active,26,1,2013-11-19 20:00:06.382582,18744
6122133,53,Active,5,27,2013-11-19 20:00:06.388092,18744
6122134,54,Active,21,26,2013-11-19 20:00:06.392707,18744
6122135,55,Active,2,24,2013-11-19 20:00:06.425444,18744
6122136,56,Active,36,0,2013-11-19 20:00:06.45329,18744
6122137,57,Active,1,22,2013-11-19 20:00:06.45866,18744
6122138,58,Active,30,8,2013-11-19 20:00:06.464493,18744
6122139,59,Active,32,3,2013-11-19 20:00:06.47013,18744
6122140,60,Active,5,21,2013-11-19 20:00:06.476541,18744
6122141,61,Active,14,10,2013-11-19 20:00:06.483041,18744
6122142,62,Active,7,23,2013-11-19 20:00:06.488901,18744
6122143,63,Active,19,8,2013-11-19 20:00:06.495179,18744
6122144,64,Active,17,18,2013-11-19 20:00:06.50221,18744
6122145,65,Active,2,22,2013-11-19 20:00:06.508341,18744
6122146,66,Active,0,52,2013-11-19 20:00:06.514434,18744
6122147,67,Active,25,2,2013-11-19 20:00:06.520102,18744
6122148,68,Active,1,22,2013-11-19 20:00:06.525781,18744
6122149,69,Active,2,35,2013-11-19 20:00:06.558651,18744
6122150,70,Active,1,30,2013-11-19 20:00:06.564516,18744
6122151,71,Active,1,14,2013-11-19 20:00:06.570321,18744
6122152,72,Active,10,15,2013-11-19 20:00:06.576823,18744
6122153,73,Active,3,16,2013-11-19 20:00:06.582556,18744
6122154,74,Active,6,12,2013-11-19 20:00:06.58891,18744
6122155,75,Active,9,19,2013-11-19 20:00:06.595184,18744
6122156,76,Active,34,24,2013-11-19 20:00:06.60055,18744
6122157,77,Active,19,8,2013-11-19 20:00:06.607438,18744
6122158,78,Active,24,16,2013-11-19 20:00:06.613005,18744
6122159,79,Active,35,11,2013-11-19 20:00:06.618817,18744
6122160,80,Active,2,17,2013-11-19 20:00:06.62498,18744
6122161,81,Active,5,24,2013-11-19 20:00:06.631331,18744
6122162,82,Active,1,19,2013-11-19 20:00:06.637083,18744
6122163,83,Active,50,2,2013-11-19 20:00:06.670357,18744
6122164,84,Active,26,3,2013-11-19 20:00:06.67689,18744
6122165,85,Active,1,22,2013-11-19 20:00:06.68255,18744
6122166,86,Active,27,6,2013-11-19 20:00:06.688417,18744
6122167,87,Active,3,23,2013-11-19 20:00:06.694784,18744
6122168,88,Active,3,32,2013-11-19 20:00:06.70071,18744
6122169,89,Active,34,18,2013-11-19 20:00:06.707645,18744
6122170,90,Active,3,32,2013-11-19 20:00:06.713282,18744
6122171,91,Active,1,19,2013-11-19 20:00:06.71901,18744
6122172,92,Active,25,5,2013-11-19 20:00:06.724921,18744
6122173,93,Active,31,4,2013-11-19 20:00:06.730135,18744
6122174,94,Active,13,18,2013-11-19 20:00:06.735446,18744
6122175,95,Active,3,34,2013-11-19 20:00:06.743373,18744
6122176,96,Active,3,27,2013-11-19 20:00:06.749514,18744
6122177,97,Active,18,7,2013-11-19 20:00:06.755203,18744
6122178,98,Active,36,1,2013-11-19 20:00:06.760722,18744
6122179,99,Active,0,34,2013-11-19 20:00:06.766001,18744
6122180,100,Active,7,23,2013-11-19 20:00:06.798561,18744
6122181,101,Active,3,28,2013-11-19 20:00:06.805321,18744
6122182,102,Active,11,10,2013-11-19 20:00:06.811554,18744
6122183,103,Active,6,33,2013-11-19 20:00:06.817452,18744
6122184,104,Active,18,10,2013-11-19 20:00:06.824293,18744
6122185,105,Active,5,38,2013-11-19 20:00:06.831593,18744
6122186,106,Active,8,19,2013-11-19 20:00:06.838142,18744
6122187,107,Active,1,28,2013-11-19 20:00:06.844898,18744
6122188,108,Active,14,18,2013-11-19 20:00:06.851251,18744
6122189,109,Active,26,13,2013-11-19 20:00:06.856835,18744
6122190,110,Inactive,0,3,2013-11-19 20:00:06.862709,18744
6122191,111,Active,3,28,2013-11-19 20:00:06.870949,18744
6122192,112,Active,21,16,2013-11-19 20:00:06.89912,18744
6122193,113,Active,49,1,2013-11-19 20:00:06.909294,18744
6122194,114,Active,18,16,2013-11-19 20:00:06.914735,18744
6122195,115,Active,3,21,2013-11-19 20:00:06.920217,18744
6122196,116,Active,5,33,2013-11-19 20:00:06.929484,18744
6122197,117,Active,18,1,2013-11-19 20:00:06.935013,18744
6122198,118,Active,20,11,2013-11-19 20:00:06.942829,18744
6122199,119,Active,17,19,2013-11-19 20:00:06.950576,18744
6122200,120,Active,4,21,2013-11-19 20:00:06.956493,18744
6122201,121,Active,0,23,2013-11-19 20:00:06.963239,18744
6122202,122,Active,5,25,2013-11-19 20:00:06.968724,18744
6122203,123,Active,24,1,2013-11-19 20:00:06.975001,18744
6122204,124,Active,26,9,2013-11-19 20:00:06.980455,18744
6122205,125,Active,34,3,2013-11-19 20:00:07.012135,18744
6122206,126,Active,11,13,2013-11-19 20:00:07.017093,18744
6122207,127,Active,0,26,2013-11-19 20:00:07.02232,18744
6122208,128,Active,14,3,2013-11-19 20:00:07.027358,18744
6122209,129,Active,8,21,2013-11-19 20:00:07.032604,18744
6122210,130,Active,2,20,2013-11-19 20:00:07.037907,18744
6122211,131,Active,8,15,2013-11-19 20:00:07.043208,18744
6122212,132,Active,3,32,2013-11-19 20:00:07.059377,18744
6122213,133,Active,0,25,2013-11-19 20:00:07.065019,18744
6122214,134,Active,26,6,2013-11-19 20:00:07.070451,18744
6122215,135,Active,40,1,2013-11-19 20:00:07.076916,18744
6122216,136,Active,9,14,2013-11-19 20:00:07.083451,18744
6122217,137,Active,3,25,2013-11-19 20:00:07.088919,18744
6122218,138,Active,39,0,2013-11-19 20:00:07.12112,18744
6122219,139,Active,26,8,2013-11-19 20:00:07.126302,18744
6122220,140,Active,7,20,2013-11-19 20:00:07.131585,18744
6122221,141,Active,8,23,2013-11-19 20:00:07.1369,18744
6122222,142,Active,25,17,2013-11-19 20:00:07.141961,18744
6122223,143,Active,6,17,2013-11-19 20:00:07.147497,18744
6122224,144,Active,13,12,2013-11-19 20:00:07.153321,18744
6122225,145,Active,11,23,2013-11-19 20:00:07.1585,18744
6122226,146,Active,41,14,2013-11-19 20:00:07.164161,18744
6122227,147,Active,12,26,2013-11-19 20:00:07.169438,18744
6122228,148,Active,1,42,2013-11-19 20:00:07.174774,18744
6122229,149,Active,12,45,2013-11-19 20:00:07.180381,18744
6122230,150,Active,14,35,2013-11-19 20:00:07.185815,18744
6122231,151,Active,9,18,2013-11-19 20:00:07.190945,18744
6122232,152,Active,1,30,2013-11-19 20:00:07.196306,18744
6122233,153,Active,1,32,2013-11-19 20:00:07.201717,18744
6122234,154,Active,20,12,2013-11-19 20:00:07.209943,18744
6122235,155,Active,11,26,2013-11-19 20:00:07.21599,18744
6122236,156,Active,4,31,2013-11-19 20:00:07.221411,18744
6122237,157,Active,5,22,2013-11-19 20:00:07.227276,18744
6122238,158,Active,5,14,2013-11-19 20:00:07.232437,18744
6122239,159,Active,28,1,2013-11-19 20:00:07.237916,18744
6122240,160,Active,5,38,2013-11-19 20:00:07.243815,18744
6122241,161,Active,43,4,2013-11-19 20:00:07.249408,18744
6122242,162,Active,14,28,2013-11-19 20:00:07.254732,18744
6122243,163,Active,5,34,2013-11-19 20:00:07.260822,18744
6122244,164,Active,34,2,2013-11-19 20:00:07.266087,18744
6122245,165,Active,7,28,2013-11-19 20:00:07.271472,18744
6122246,166,Active,3,28,2013-11-19 20:00:07.276819,18744
6122247,167,Active,1,28,2013-11-19 20:00:07.282627,18744
6122248,168,Active,35,6,2013-11-19 20:00:07.311358,18744
6122249,169,Active,34,2,2013-11-19 20:00:07.317713,18744
6122250,170,Active,35,0,2013-11-19 20:00:07.323148,18744
6122251,171,Active,5,22,2013-11-19 20:00:07.32868,18744
6122252,172,Active,5,26,2013-11-19 20:00:07.334067,18744
6122253,173,Active,2,29,2013-11-19 20:00:07.33994,18744
6122254,174,Active,22,9,2013-11-19 20:00:07.34597,18744
6122255,175,Active,3,28,2013-11-19 20:00:07.351254,18744
6122256,176,Active,4,28,2013-11-19 20:00:07.387854,18744
6122257,177,Active,2,28,2013-11-19 20:00:07.393311,18744
6122258,178,Active,4,21,2013-11-19 20:00:07.398773,18744
6122259,179,Active,5,22,2013-11-19 20:00:07.403918,18744
6122260,180,Active,4,27,2013-11-19 20:00:07.409647,18744
6122261,181,Active,2,25,2013-11-19 20:00:07.415082,18744
6122262,182,Active,3,12,2013-11-19 20:00:07.420504,18744
6122263,183,Active,9,33,2013-11-19 20:00:07.426482,18744
6122264,184,Active,39,3,2013-11-19 20:00:07.433373,18744
6122265,185,Active,10,20,2013-11-19 20:00:07.439316,18744
6122266,186,Active,31,7,2013-11-19 20:00:07.44488,18744
6122267,187,Active,3,32,2013-11-19 20:00:07.450034,18744
6122268,188,Active,8,26,2013-11-19 20:00:07.455609,18744
6122269,189,Active,0,43,2013-11-19 20:00:07.460903,18744
6122270,190,Active,1,21,2013-11-19 20:00:07.466169,18744
6122271,191,Active,10,9,2013-11-19 20:00:07.500108,18744
6122272,192,Active,13,21,2013-11-19 20:00:07.506627,18744
6122273,193,Active,2,20,2013-11-19 20:00:07.512492,18744
6122274,194,Active,0,28,2013-11-19 20:00:07.518157,18744
6122275,195,Active,18,6,2013-11-19 20:00:07.52558,18744
6122276,196,Active,29,11,2013-11-19 20:00:07.531594,18744
6122277,197,Active,0,31,2013-11-19 20:00:07.537712,18744
6122278,198,Active,2,44,2013-11-19 20:00:07.544247,18744
6122279,199,Active,9,14,2013-11-19 20:00:07.550879,18744
6122280,200,Active,1,22,2013-11-19 20:00:07.55648,18744
6122281,201,Active,0,23,2013-11-19 20:00:07.56205,18744
6122282,202,Active,0,19,2013-11-19 20:00:07.567485,18744
6122283,203,Active,9,44,2013-11-19 20:00:07.572919,18744
6122284,204,Active,3,35,2013-11-19 20:00:07.607422,18744
6122285,205,Active,21,7,2013-11-19 20:00:07.614936,18744
6122286,206,Active,30,29,2013-11-19 20:00:07.621225,18744
6122287,207,Active,5,26,2013-11-19 20:00:07.627247,18744
6122288,208,Active,23,4,2013-11-19 20:00:07.632773,18744
6122289,209,Inactive,0,3,2013-11-19 20:00:07.638167,18744
6122290,210,Active,2,29,2013-11-19 20:00:07.643339,18744
6122291,211,Active,0,39,2013-11-19 20:00:07.649079,18744
6122292,212,Active,21,5,2013-11-19 20:00:07.654588,18744
6122293,213,Active,42,3,2013-11-19 20:00:07.659917,18744
6122294,214,Active,3,24,2013-11-19 20:00:07.665899,18744
6122295,215,Active,12,15,2013-11-19 20:00:07.671316,18744
6122296,216,Active,4,23,2013-11-19 20:00:07.676893,18744
6122297,217,Active,10,28,2013-11-19 20:00:07.682348,18744
6122298,218,Active,17,13,2013-11-19 20:00:07.687807,18744
6122299,219,Active,2,31,2013-11-19 20:00:07.721584,18744
6122300,220,Active,21,29,2013-11-19 20:00:07.727537,18744
6122301,221,Active,21,2,2013-11-19 20:00:07.735678,18744
6122302,222,Active,51,1,2013-11-19 20:00:07.740908,18744
6122303,223,Active,6,36,2013-11-19 20:00:07.746282,18744
6122304,224,Active,1,35,2013-11-19 20:00:07.776436,18744
6122305,225,Active,12,17,2013-11-19 20:00:07.783805,18744
6122306,226,Active,3,27,2013-11-19 20:00:07.789725,18744
6122307,227,Active,0,29,2013-11-19 20:00:07.795155,18744
6122308,228,Active,18,39,2013-11-19 20:00:07.802007,18744
6122309,229,Active,4,34,2013-11-19 20:00:07.807865,18744
6122310,230,Active,2,33,2013-11-19 20:00:07.813476,18744
6122311,231,Active,33,5,2013-11-19 20:00:07.819842,18744
6122312,232,Active,26,9,2013-11-19 20:00:07.854112,18744
6122313,233,Active,3,56,2013-11-19 20:00:07.862419,18744
6122314,234,Active,21,8,2013-11-19 20:00:07.869304,18744
6122315,235,Active,15,6,2013-11-19 20:00:07.875477,18744
6122316,236,Active,1,19,2013-11-19 20:00:07.88121,18744
6122317,237,Active,2,36,2013-11-19 20:00:07.886458,18744
6122318,238,Active,30,17,2013-11-19 20:00:07.891518,18744
6122319,239,Active,19,6,2013-11-19 20:00:07.898478,18744
6122320,240,Active,45,13,2013-11-19 20:00:07.904667,18744
6122321,241,Active,10,26,2013-11-19 20:00:07.910675,18744
6122322,242,Active,26,9,2013-11-19 20:00:07.916368,18744
6122323,243,Active,5,29,2013-11-19 20:00:07.924591,18744
6122324,244,Active,5,54,2013-11-19 20:00:07.930594,18744
6122325,245,Active,0,57,2013-11-19 20:00:07.963797,18744
6122326,246,Active,13,24,2013-11-19 20:00:07.97084,18744
6122327,247,Active,18,8,2013-11-19 20:00:07.977312,18744
6122328,248,Active,3,36,2013-11-19 20:00:07.983751,18744
6122329,249,Active,28,14,2013-11-19 20:00:07.989844,18744
6122330,250,Active,29,16,2013-11-19 20:00:07.99539,18744
6122331,251,Active,22,15,2013-11-19 20:00:08.001209,18744
6122332,252,Active,5,41,2013-11-19 20:00:08.006977,18744
6122333,253,Active,12,47,2013-11-19 20:00:08.012446,18744
6122334,254,Active,6,25,2013-11-19 20:00:08.019021,18744
6122335,255,Active,0,30,2013-11-19 20:00:08.024755,18744
6122336,256,Active,8,19,2013-11-19 20:00:08.030086,18744
6122337,257,Active,17,8,2013-11-19 20:00:08.035598,18744
6122338,258,Active,3,35,2013-11-19 20:00:08.041047,18744
6122339,259,Active,17,16,2013-11-19 20:00:08.07413,18744
6122340,260,Active,37,5,2013-11-19 20:00:08.081111,18744
6122341,261,Active,6,29,2013-11-19 20:00:08.08634,18744
6122342,262,Active,6,33,2013-11-19 20:00:08.091741,18744
6122343,263,Active,4,30,2013-11-19 20:00:08.097131,18744
6122344,264,Active,4,35,2013-11-19 20:00:08.10263,18744
6122345,265,Active,33,3,2013-11-19 20:00:08.108064,18744
6122346,266,Active,6,52,2013-11-19 20:00:08.113954,18744
6122347,267,Active,53,0,2013-11-19 20:00:08.120093,18744
6122348,268,Active,23,25,2013-11-19 20:00:08.126578,18744
6122349,269,Active,28,6,2013-11-19 20:00:08.132378,18744
6122350,270,Active,2,32,2013-11-19 20:00:08.137901,18744
6122351,271,Active,1,24,2013-11-19 20:00:08.143571,18744
6122352,272,Active,39,4,2013-11-19 20:00:08.150073,18744
6122353,273,Active,38,18,2013-11-19 20:00:08.156326,18744
6122354,274,Active,4,25,2013-11-19 20:00:08.190732,18744
6122355,275,Active,4,30,2013-11-19 20:00:08.198614,18744
6122356,276,Active,38,12,2013-11-19 20:00:08.205545,18744
6122357,277,Active,1,40,2013-11-19 20:00:08.212311,18744
6122358,330,Active,0,29,2013-11-19 20:00:08.219534,18744
6122359,278,Active,28,1,2013-11-19 20:00:08.226079,18744
6122360,279,Active,4,41,2013-11-19 20:00:08.258451,18744
6122361,280,Active,5,27,2013-11-19 20:00:08.264373,18744
6122362,281,Active,2,43,2013-11-19 20:00:08.270268,18744
6122363,282,Active,5,19,2013-11-19 20:00:08.276899,18744
6122364,283,Active,7,25,2013-11-19 20:00:08.282711,18744
6122365,284,Active,43,7,2013-11-19 20:00:08.288088,18744
6122366,285,Active,3,30,2013-11-19 20:00:08.29453,18744
6122367,286,Active,1,25,2013-11-19 20:00:08.301855,18744
6122368,287,Active,8,18,2013-11-19 20:00:08.310628,18744
6122369,288,Active,4,49,2013-11-19 20:00:08.318328,18744
6122370,289,Active,5,30,2013-11-19 20:00:08.325796,18744
6122371,290,Active,17,16,2013-11-19 20:00:08.332113,18744
6122372,291,Active,39,19,2013-11-19 20:00:08.339234,18744
6122373,292,Active,11,28,2013-11-19 20:00:08.345275,18744
6122374,293,Active,41,20,2013-11-19 20:00:08.350865,18744
6122375,294,Active,29,9,2013-11-19 20:00:08.357774,18744
6122376,295,Active,5,62,2013-11-19 20:00:08.363977,18744
6122377,296,Active,41,9,2013-11-19 20:00:08.369841,18744
6122378,297,Active,11,40,2013-11-19 20:00:08.375766,18744
6122379,298,Active,14,40,2013-11-19 20:00:08.382659,18744
6122380,299,Active,11,27,2013-11-19 20:00:08.388778,18744
6122381,300,Active,6,35,2013-11-19 20:00:08.394385,18744
6122382,301,Active,47,11,2013-11-19 20:00:08.401509,18744
6122383,302,Active,2,34,2013-11-19 20:00:08.407925,18744
6122384,303,Active,2,38,2013-11-19 20:00:08.414364,18744
6122385,305,Active,8,31,2013-11-19 20:00:08.449141,18744
6122386,306,Active,10,32,2013-11-19 20:00:08.454894,18744
6122387,307,Active,6,43,2013-11-19 20:00:08.460285,18744
6122388,308,Active,28,3,2013-11-19 20:00:08.465893,18744
6122389,309,Active,18,10,2013-11-19 20:00:08.471178,18744
6122390,310,Active,34,4,2013-11-19 20:00:08.480089,18744
6122391,311,Active,24,14,2013-11-19 20:00:08.48679,18744
6122392,312,Active,24,7,2013-11-19 20:00:08.49344,18744
6122393,313,Active,32,7,2013-11-19 20:00:08.499511,18744
6122394,314,Active,11,15,2013-11-19 20:00:08.506081,18744
6122395,315,Active,18,18,2013-11-19 20:00:08.514128,18744
6122396,316,Active,21,8,2013-11-19 20:00:08.520868,18744
6122397,317,Active,11,3,2013-11-19 20:00:08.528143,18744
6122398,318,Active,19,7,2013-11-19 20:00:08.534105,18744
6122399,319,Active,2,28,2013-11-19 20:00:08.540031,18744
6122400,320,Active,32,2,2013-11-19 20:00:08.545885,18744
6122401,321,Active,4,8,2013-11-19 20:00:08.551548,18744
6122402,322,Active,10,38,2013-11-19 20:00:08.557045,18744
6122403,332,Active,16,8,2013-11-19 20:00:08.563923,18744
6122404,327,Active,14,21,2013-11-19 20:00:08.570282,18744
6122405,328,Active,38,1,2013-11-19 20:00:08.576154,18744
6122406,331,Active,8,27,2013-11-19 20:00:08.581899,18744
6122407,323,Active,3,36,2013-11-19 20:00:08.588074,18744
6122408,324,Active,9,34,2013-11-19 20:00:08.593755,18744
6122409,329,Active,16,17,2013-11-19 20:00:08.600003,18744
6122410,325,Active,24,12,2013-11-19 20:00:08.605658,18744
6122411,326,Active,8,15,2013-11-19 20:00:08.611307,18744
6122412,1,Active,10,27,2013-11-19 20:10:05.757548,18745
6122413,2,Active,32,0,2013-11-19 20:10:05.771286,18745
6122414,3,Active,12,14,2013-11-19 20:10:05.776337,18745
6122415,4,Active,27,34,2013-11-19 20:10:05.780743,18745
6122416,5,Active,19,16,2013-11-19 20:10:05.785166,18745
6122417,6,Active,0,18,2013-11-19 20:10:05.789481,18745
6122418,7,Active,8,11,2013-11-19 20:10:05.794104,18745
6122419,8,Active,3,25,2013-11-19 20:10:05.798466,18745
6122420,9,Active,24,5,2013-11-19 20:10:05.802975,18745
6122421,10,Active,44,2,2013-11-19 20:10:05.80777,18745
6122422,11,Active,0,23,2013-11-19 20:10:05.812549,18745
6122423,12,Active,8,11,2013-11-19 20:10:05.817951,18745
6122424,13,Active,4,33,2013-11-19 20:10:05.823798,18745
6122425,14,Active,30,1,2013-11-19 20:10:05.829331,18745
6122426,15,Active,1,30,2013-11-19 20:10:05.834022,18745
6122427,16,Active,29,2,2013-11-19 20:10:05.839042,18745
6122428,17,Active,19,10,2013-11-19 20:10:05.84387,18745
6122429,18,Active,24,30,2013-11-19 20:10:05.849646,18745
6122430,19,Active,2,20,2013-11-19 20:10:05.854283,18745
6122431,20,Active,4,21,2013-11-19 20:10:05.859274,18745
6122432,21,Active,32,2,2013-11-19 20:10:05.864501,18745
6122433,22,Active,33,14,2013-11-19 20:10:05.869315,18745
6122434,23,Active,7,37,2013-11-19 20:10:05.873764,18745
6122435,24,Active,39,7,2013-11-19 20:10:05.878535,18745
6122436,25,Active,45,3,2013-11-19 20:10:05.883087,18745
6122437,26,Active,8,22,2013-11-19 20:10:05.887809,18745
6122438,27,Active,35,8,2013-11-19 20:10:05.892141,18745
6122439,28,Active,27,0,2013-11-19 20:10:05.896858,18745
6122440,29,Active,1,22,2013-11-19 20:10:05.901484,18745
6122441,30,Active,19,20,2013-11-19 20:10:05.905901,18745
6122442,31,Active,3,34,2013-11-19 20:10:05.910324,18745
6122443,32,Active,4,29,2013-11-19 20:10:05.914824,18745
6122444,33,Active,1,26,2013-11-19 20:10:05.919151,18745
6122445,34,Active,32,3,2013-11-19 20:10:05.923375,18745
6122446,35,Active,51,3,2013-11-19 20:10:05.931998,18745
6122447,36,Active,19,5,2013-11-19 20:10:05.936777,18745
6122448,37,Active,1,20,2013-11-19 20:10:05.943848,18745
6122449,38,Active,23,15,2013-11-19 20:10:05.948802,18745
6122450,39,Active,8,29,2013-11-19 20:10:05.953701,18745
6122451,40,Active,8,31,2013-11-19 20:10:05.958303,18745
6122452,41,Active,0,29,2013-11-19 20:10:05.962925,18745
6122453,42,Active,27,4,2013-11-19 20:10:05.967604,18745
6122454,43,Active,1,22,2013-11-19 20:10:05.972283,18745
6122455,44,Active,0,23,2013-11-19 20:10:05.978325,18745
6122456,45,Active,18,21,2013-11-19 20:10:05.984481,18745
6122457,46,Active,8,22,2013-11-19 20:10:05.989285,18745
6122458,47,Active,0,23,2013-11-19 20:10:05.993875,18745
6122459,48,Active,2,15,2013-11-19 20:10:05.998052,18745
6122460,49,Active,16,7,2013-11-19 20:10:06.002997,18745
6122461,50,Active,19,7,2013-11-19 20:10:06.007611,18745
6122462,51,Active,37,3,2013-11-19 20:10:06.014799,18745
6122463,52,Active,26,1,2013-11-19 20:10:06.021539,18745
6122464,53,Active,5,27,2013-11-19 20:10:06.030066,18745
6122465,54,Active,18,29,2013-11-19 20:10:06.034502,18745
6122466,55,Active,2,24,2013-11-19 20:10:06.039295,18745
6122467,56,Active,35,1,2013-11-19 20:10:06.066919,18745
6122468,57,Active,2,21,2013-11-19 20:10:06.072306,18745
6122469,58,Active,30,8,2013-11-19 20:10:06.078503,18745
6122470,59,Active,31,4,2013-11-19 20:10:06.083929,18745
6122471,60,Active,4,22,2013-11-19 20:10:06.092561,18745
6122472,61,Active,14,10,2013-11-19 20:10:06.098309,18745
6122473,62,Active,7,23,2013-11-19 20:10:06.10335,18745
6122474,63,Active,19,8,2013-11-19 20:10:06.109015,18745
6122475,64,Active,16,19,2013-11-19 20:10:06.11447,18745
6122476,65,Active,2,22,2013-11-19 20:10:06.119812,18745
6122477,66,Active,1,51,2013-11-19 20:10:06.125175,18745
6122478,67,Active,25,2,2013-11-19 20:10:06.130472,18745
6122479,68,Active,0,23,2013-11-19 20:10:06.135859,18745
6122480,69,Active,3,34,2013-11-19 20:10:06.141477,18745
6122481,70,Active,1,30,2013-11-19 20:10:06.147109,18745
6122482,71,Active,1,14,2013-11-19 20:10:06.153129,18745
6122483,72,Active,11,14,2013-11-19 20:10:06.158646,18745
6122484,73,Active,3,16,2013-11-19 20:10:06.164053,18745
6122485,74,Active,6,12,2013-11-19 20:10:06.16956,18745
6122486,75,Active,11,17,2013-11-19 20:10:06.174905,18745
6122487,76,Active,35,23,2013-11-19 20:10:06.180201,18745
6122488,77,Active,19,8,2013-11-19 20:10:06.18538,18745
6122489,78,Active,25,15,2013-11-19 20:10:06.190565,18745
6122490,79,Active,37,9,2013-11-19 20:10:06.195654,18745
6122491,80,Active,3,16,2013-11-19 20:10:06.204754,18745
6122492,81,Active,3,26,2013-11-19 20:10:06.210165,18745
6122493,82,Active,1,19,2013-11-19 20:10:06.215326,18745
6122494,83,Active,52,0,2013-11-19 20:10:06.220593,18745
6122495,84,Active,23,6,2013-11-19 20:10:06.226427,18745
6122496,85,Active,1,22,2013-11-19 20:10:06.23163,18745
6122497,86,Active,26,7,2013-11-19 20:10:06.236768,18745
6122498,87,Active,3,23,2013-11-19 20:10:06.242725,18745
6122499,88,Active,3,32,2013-11-19 20:10:06.247828,18745
6122500,89,Active,34,18,2013-11-19 20:10:06.253435,18745
6122501,90,Active,4,31,2013-11-19 20:10:06.258998,18745
6122502,91,Active,1,19,2013-11-19 20:10:06.265621,18745
6122503,92,Active,26,4,2013-11-19 20:10:06.270968,18745
6122504,93,Active,32,3,2013-11-19 20:10:06.275987,18745
6122505,94,Active,13,18,2013-11-19 20:10:06.281167,18745
6122506,95,Active,2,35,2013-11-19 20:10:06.286233,18745
6122507,96,Active,4,26,2013-11-19 20:10:06.291404,18745
6122508,97,Active,20,5,2013-11-19 20:10:06.29652,18745
6122509,98,Active,36,1,2013-11-19 20:10:06.301722,18745
6122510,99,Active,0,34,2013-11-19 20:10:06.306958,18745
6122511,100,Active,7,23,2013-11-19 20:10:06.312475,18745
6122512,101,Active,4,27,2013-11-19 20:10:06.317679,18745
6122513,102,Active,11,10,2013-11-19 20:10:06.323233,18745
6122514,103,Active,4,35,2013-11-19 20:10:06.328742,18745
6122515,104,Active,18,10,2013-11-19 20:10:06.334541,18745
6122516,105,Active,6,37,2013-11-19 20:10:06.339625,18745
6122517,106,Active,8,19,2013-11-19 20:10:06.344954,18745
6122518,107,Active,4,25,2013-11-19 20:10:06.350806,18745
6122519,108,Active,14,18,2013-11-19 20:10:06.35762,18745
6122520,109,Active,27,12,2013-11-19 20:10:06.36315,18745
6122521,110,Inactive,0,3,2013-11-19 20:10:06.368689,18745
6122522,111,Active,3,28,2013-11-19 20:10:06.376192,18745
6122523,112,Active,19,18,2013-11-19 20:10:06.403526,18745
6122524,113,Active,49,1,2013-11-19 20:10:06.4101,18745
6122525,114,Active,17,17,2013-11-19 20:10:06.415799,18745
6122526,115,Active,2,22,2013-11-19 20:10:06.421311,18745
6122527,116,Active,6,32,2013-11-19 20:10:06.426677,18745
6122528,117,Active,18,1,2013-11-19 20:10:06.431917,18745
6122529,118,Active,19,12,2013-11-19 20:10:06.437375,18745
6122530,119,Active,18,18,2013-11-19 20:10:06.444244,18745
6122531,120,Active,3,22,2013-11-19 20:10:06.449974,18745
6122532,121,Active,0,23,2013-11-19 20:10:06.455543,18745
6122533,122,Active,6,24,2013-11-19 20:10:06.461026,18745
6122534,123,Active,23,2,2013-11-19 20:10:06.466627,18745
6122535,124,Active,26,9,2013-11-19 20:10:06.473187,18745
6122536,125,Active,33,4,2013-11-19 20:10:06.478732,18745
6122537,126,Active,10,14,2013-11-19 20:10:06.484682,18745
6122538,127,Active,0,26,2013-11-19 20:10:06.490452,18745
6122539,128,Active,14,3,2013-11-19 20:10:06.495978,18745
6122540,129,Active,8,21,2013-11-19 20:10:06.501271,18745
6122541,130,Active,2,20,2013-11-19 20:10:06.506641,18745
6122542,131,Active,8,15,2013-11-19 20:10:06.515108,18745
6122543,132,Active,1,34,2013-11-19 20:10:06.520809,18745
6122544,133,Active,0,25,2013-11-19 20:10:06.52607,18745
6122545,134,Active,27,5,2013-11-19 20:10:06.53189,18745
6122546,135,Active,38,3,2013-11-19 20:10:06.537491,18745
6122547,136,Active,9,13,2013-11-19 20:10:06.542837,18745
6122548,137,Active,3,25,2013-11-19 20:10:06.54866,18745
6122549,138,Active,38,1,2013-11-19 20:10:06.554245,18745
6122550,139,Active,29,5,2013-11-19 20:10:06.559575,18745
6122551,140,Active,7,20,2013-11-19 20:10:06.564928,18745
6122552,141,Active,8,23,2013-11-19 20:10:06.570482,18745
6122553,142,Active,25,17,2013-11-19 20:10:06.575716,18745
6122554,143,Active,7,16,2013-11-19 20:10:06.581402,18745
6122555,144,Active,13,12,2013-11-19 20:10:06.586831,18745
6122556,145,Active,7,27,2013-11-19 20:10:06.592308,18745
6122557,146,Active,42,13,2013-11-19 20:10:06.597938,18745
6122558,147,Active,11,27,2013-11-19 20:10:06.603733,18745
6122559,148,Active,2,41,2013-11-19 20:10:06.609179,18745
6122560,149,Active,11,46,2013-11-19 20:10:06.614614,18745
6122561,150,Active,15,34,2013-11-19 20:10:06.620248,18745
6122562,151,Active,8,19,2013-11-19 20:10:06.626244,18745
6122563,152,Active,1,30,2013-11-19 20:10:06.631721,18745
6122564,153,Active,2,31,2013-11-19 20:10:06.637165,18745
6122565,154,Active,21,11,2013-11-19 20:10:06.642484,18745
6122566,155,Active,9,28,2013-11-19 20:10:06.647637,18745
6122567,156,Active,3,32,2013-11-19 20:10:06.653017,18745
6122568,157,Active,5,22,2013-11-19 20:10:06.658478,18745
6122569,158,Active,5,14,2013-11-19 20:10:06.664704,18745
6122570,159,Active,26,3,2013-11-19 20:10:06.670544,18745
6122571,160,Active,5,38,2013-11-19 20:10:06.676251,18745
6122572,161,Active,43,4,2013-11-19 20:10:06.681644,18745
6122573,162,Active,21,21,2013-11-19 20:10:06.687134,18745
6122574,163,Active,6,33,2013-11-19 20:10:06.692457,18745
6122575,164,Active,32,4,2013-11-19 20:10:06.697844,18745
6122576,165,Active,8,27,2013-11-19 20:10:06.703084,18745
6122577,166,Active,3,28,2013-11-19 20:10:06.708708,18745
6122578,167,Active,2,27,2013-11-19 20:10:06.714246,18745
6122579,168,Active,34,7,2013-11-19 20:10:06.742365,18745
6122580,169,Active,34,2,2013-11-19 20:10:06.748338,18745
6122581,170,Active,35,0,2013-11-19 20:10:06.753798,18745
6122582,171,Active,5,22,2013-11-19 20:10:06.759072,18745
6122583,172,Active,5,26,2013-11-19 20:10:06.765032,18745
6122584,173,Active,1,30,2013-11-19 20:10:06.770204,18745
6122585,174,Active,22,9,2013-11-19 20:10:06.775424,18745
6122586,175,Active,5,26,2013-11-19 20:10:06.780736,18745
6122587,176,Active,4,28,2013-11-19 20:10:06.786268,18745
6122588,177,Active,2,28,2013-11-19 20:10:06.791699,18745
6122589,178,Active,4,21,2013-11-19 20:10:06.796956,18745
6122590,179,Active,5,22,2013-11-19 20:10:06.802262,18745
6122591,180,Active,7,24,2013-11-19 20:10:06.807618,18745
6122592,181,Active,2,25,2013-11-19 20:10:06.812875,18745
6122593,182,Active,3,12,2013-11-19 20:10:06.817982,18745
6122594,183,Active,9,33,2013-11-19 20:10:06.823812,18745
6122595,184,Active,36,6,2013-11-19 20:10:06.829621,18745
6122596,185,Active,12,18,2013-11-19 20:10:06.835285,18745
6122597,186,Active,29,9,2013-11-19 20:10:06.841235,18745
6122598,187,Active,3,32,2013-11-19 20:10:06.846793,18745
6122599,188,Active,8,26,2013-11-19 20:10:06.852832,18745
6122600,189,Active,0,43,2013-11-19 20:10:06.858516,18745
6122601,190,Active,2,20,2013-11-19 20:10:06.866858,18745
6122602,191,Active,10,9,2013-11-19 20:10:06.872516,18745
6122603,192,Active,13,21,2013-11-19 20:10:06.878563,18745
6122604,193,Active,1,21,2013-11-19 20:10:06.884462,18745
6122605,194,Active,1,27,2013-11-19 20:10:06.890024,18745
6122606,195,Active,18,6,2013-11-19 20:10:06.89583,18745
6122607,196,Active,30,10,2013-11-19 20:10:06.905694,18745
6122608,197,Active,0,31,2013-11-19 20:10:06.912723,18745
6122609,198,Active,1,45,2013-11-19 20:10:06.918571,18745
6122610,199,Active,9,14,2013-11-19 20:10:06.924408,18745
6122611,200,Active,2,21,2013-11-19 20:10:06.930454,18745
6122612,201,Active,0,23,2013-11-19 20:10:06.936503,18745
6122613,202,Active,0,19,2013-11-19 20:10:06.941954,18745
6122614,203,Active,8,45,2013-11-19 20:10:06.947896,18745
6122615,204,Active,3,35,2013-11-19 20:10:06.954425,18745
6122616,205,Active,20,8,2013-11-19 20:10:06.960292,18745
6122617,206,Active,29,30,2013-11-19 20:10:06.965834,18745
6122618,207,Active,4,27,2013-11-19 20:10:06.971759,18745
6122619,208,Active,23,4,2013-11-19 20:10:06.977828,18745
6122620,209,Inactive,0,3,2013-11-19 20:10:06.983625,18745
6122621,210,Active,2,29,2013-11-19 20:10:06.989043,18745
6122622,211,Active,0,39,2013-11-19 20:10:06.9949,18745
6122623,212,Active,22,4,2013-11-19 20:10:07.001537,18745
6122624,213,Active,37,8,2013-11-19 20:10:07.007245,18745
6122625,214,Active,2,25,2013-11-19 20:10:07.012982,18745
6122626,215,Active,12,15,2013-11-19 20:10:07.018747,18745
6122627,216,Active,5,22,2013-11-19 20:10:07.025319,18745
6122628,217,Active,8,30,2013-11-19 20:10:07.031159,18745
6122629,218,Active,19,11,2013-11-19 20:10:07.040755,18745
6122630,219,Active,2,31,2013-11-19 20:10:07.04688,18745
6122631,220,Active,22,28,2013-11-19 20:10:07.052658,18745
6122632,221,Active,21,2,2013-11-19 20:10:07.058734,18745
6122633,222,Active,47,5,2013-11-19 20:10:07.064588,18745
6122634,223,Active,6,36,2013-11-19 20:10:07.070506,18745
6122635,224,Active,2,34,2013-11-19 20:10:07.097895,18745
6122636,225,Active,12,17,2013-11-19 20:10:07.103792,18745
6122637,226,Active,3,27,2013-11-19 20:10:07.10976,18745
6122638,227,Active,1,28,2013-11-19 20:10:07.115353,18745
6122639,228,Active,17,40,2013-11-19 20:10:07.121156,18745
6122640,229,Active,5,33,2013-11-19 20:10:07.126853,18745
6122641,230,Active,2,33,2013-11-19 20:10:07.132404,18745
6122642,231,Active,31,7,2013-11-19 20:10:07.138583,18745
6122643,232,Active,27,8,2013-11-19 20:10:07.144434,18745
6122644,233,Active,1,58,2013-11-19 20:10:07.150543,18745
6122645,234,Active,21,8,2013-11-19 20:10:07.156412,18745
6122646,235,Active,16,5,2013-11-19 20:10:07.161901,18745
6122647,236,Active,1,19,2013-11-19 20:10:07.168076,18745
6122648,237,Active,2,36,2013-11-19 20:10:07.17351,18745
6122649,238,Active,18,29,2013-11-19 20:10:07.178957,18745
6122650,239,Active,20,5,2013-11-19 20:10:07.18447,18745
6122651,240,Active,46,12,2013-11-19 20:10:07.192381,18745
6122652,241,Active,11,25,2013-11-19 20:10:07.197905,18745
6122653,242,Active,27,8,2013-11-19 20:10:07.204255,18745
6122654,243,Active,5,29,2013-11-19 20:10:07.210584,18745
6122655,244,Active,5,54,2013-11-19 20:10:07.216519,18745
6122656,245,Active,0,57,2013-11-19 20:10:07.222422,18745
6122657,246,Active,14,23,2013-11-19 20:10:07.228246,18745
6122658,247,Active,18,8,2013-11-19 20:10:07.234027,18745
6122659,248,Active,4,35,2013-11-19 20:10:07.239771,18745
6122660,249,Active,27,15,2013-11-19 20:10:07.246481,18745
6122661,250,Active,29,16,2013-11-19 20:10:07.252235,18745
6122662,251,Active,22,15,2013-11-19 20:10:07.258425,18745
6122663,252,Active,4,42,2013-11-19 20:10:07.263855,18745
6122664,253,Active,9,50,2013-11-19 20:10:07.269271,18745
6122665,254,Active,5,26,2013-11-19 20:10:07.274932,18745
6122666,255,Active,0,30,2013-11-19 20:10:07.280079,18745
6122667,256,Active,8,19,2013-11-19 20:10:07.285367,18745
6122668,257,Active,17,8,2013-11-19 20:10:07.29066,18745
6122669,258,Active,0,38,2013-11-19 20:10:07.296413,18745
6122670,259,Active,16,17,2013-11-19 20:10:07.302025,18745
6122671,260,Active,32,10,2013-11-19 20:10:07.307359,18745
6122672,261,Active,5,30,2013-11-19 20:10:07.312791,18745
6122673,262,Active,5,34,2013-11-19 20:10:07.318426,18745
6122674,263,Active,4,30,2013-11-19 20:10:07.324347,18745
6122675,264,Active,4,35,2013-11-19 20:10:07.329675,18745
6122676,265,Active,33,3,2013-11-19 20:10:07.335198,18745
6122677,266,Active,5,53,2013-11-19 20:10:07.340719,18745
6122678,267,Active,53,0,2013-11-19 20:10:07.346583,18745
6122679,268,Active,18,30,2013-11-19 20:10:07.351776,18745
6122680,269,Active,30,4,2013-11-19 20:10:07.357153,18745
6122681,270,Active,4,30,2013-11-19 20:10:07.362712,18745
6122682,271,Active,2,23,2013-11-19 20:10:07.367939,18745
6122683,272,Active,39,4,2013-11-19 20:10:07.373464,18745
6122684,273,Active,39,17,2013-11-19 20:10:07.378985,18745
6122685,274,Active,4,25,2013-11-19 20:10:07.384189,18745
6122686,275,Active,2,32,2013-11-19 20:10:07.389357,18745
6122687,276,Active,38,12,2013-11-19 20:10:07.39473,18745
6122688,277,Active,1,40,2013-11-19 20:10:07.400167,18745
6122689,330,Active,0,29,2013-11-19 20:10:07.405882,18745
6122690,278,Active,29,0,2013-11-19 20:10:07.411569,18745
6122691,279,Active,3,42,2013-11-19 20:10:07.438741,18745
6122692,280,Active,3,29,2013-11-19 20:10:07.444603,18745
6122693,281,Active,2,43,2013-11-19 20:10:07.450372,18745
6122694,282,Active,4,20,2013-11-19 20:10:07.45598,18745
6122695,283,Active,7,25,2013-11-19 20:10:07.461243,18745
6122696,284,Active,43,7,2013-11-19 20:10:07.468799,18745
6122697,285,Active,3,30,2013-11-19 20:10:07.474297,18745
6122698,286,Active,0,26,2013-11-19 20:10:07.479735,18745
6122699,287,Active,7,19,2013-11-19 20:10:07.485336,18745
6122700,288,Active,5,48,2013-11-19 20:10:07.491291,18745
6122701,289,Active,1,34,2013-11-19 20:10:07.496693,18745
6122702,290,Active,18,15,2013-11-19 20:10:07.502348,18745
6122703,291,Active,38,20,2013-11-19 20:10:07.507829,18745
6122704,292,Active,10,29,2013-11-19 20:10:07.51345,18745
6122705,293,Active,38,23,2013-11-19 20:10:07.518904,18745
6122706,294,Active,29,9,2013-11-19 20:10:07.524096,18745
6122707,295,Active,2,65,2013-11-19 20:10:07.52934,18745
6122708,296,Active,42,8,2013-11-19 20:10:07.534887,18745
6122709,297,Active,15,36,2013-11-19 20:10:07.540273,18745
6122710,298,Active,12,42,2013-11-19 20:10:07.545751,18745
6122711,299,Active,11,27,2013-11-19 20:10:07.552197,18745
6122712,300,Active,4,37,2013-11-19 20:10:07.557653,18745
6122713,301,Active,46,12,2013-11-19 20:10:07.56332,18745
6122714,302,Active,3,33,2013-11-19 20:10:07.568677,18745
6122715,303,Active,5,35,2013-11-19 20:10:07.573967,18745
6122716,305,Active,9,30,2013-11-19 20:10:07.579659,18745
6122717,306,Active,9,33,2013-11-19 20:10:07.584712,18745
6122718,307,Active,5,44,2013-11-19 20:10:07.59038,18745
6122719,308,Active,29,2,2013-11-19 20:10:07.595883,18745
6122720,309,Active,17,11,2013-11-19 20:10:07.601454,18745
6122721,310,Active,36,2,2013-11-19 20:10:07.606901,18745
6122722,311,Active,24,14,2013-11-19 20:10:07.613167,18745
6122723,312,Active,24,7,2013-11-19 20:10:07.618529,18745
6122724,313,Active,35,4,2013-11-19 20:10:07.623946,18745
6122725,314,Active,11,15,2013-11-19 20:10:07.629425,18745
6122726,315,Active,17,19,2013-11-19 20:10:07.635204,18745
6122727,316,Active,21,8,2013-11-19 20:10:07.640765,18745
6122728,317,Active,11,3,2013-11-19 20:10:07.64595,18745
6122729,318,Active,19,7,2013-11-19 20:10:07.651242,18745
6122730,319,Active,1,29,2013-11-19 20:10:07.65668,18745
6122731,320,Active,32,2,2013-11-19 20:10:07.661938,18745
6122732,321,Active,4,8,2013-11-19 20:10:07.667152,18745
6122733,322,Active,12,36,2013-11-19 20:10:07.672448,18745
6122734,332,Active,17,7,2013-11-19 20:10:07.67765,18745
6122735,327,Active,14,21,2013-11-19 20:10:07.683067,18745
6122736,328,Active,39,0,2013-11-19 20:10:07.688283,18745
6122737,331,Active,11,24,2013-11-19 20:10:07.69358,18745
6122738,323,Active,3,36,2013-11-19 20:10:07.698857,18745
6122739,324,Active,7,36,2013-11-19 20:10:07.704112,18745
6122740,329,Active,16,17,2013-11-19 20:10:07.709409,18745
6122741,325,Active,24,12,2013-11-19 20:10:07.716248,18745
6122742,326,Active,8,15,2013-11-19 20:10:07.721702,18745
6122743,1,Active,10,27,2013-11-19 20:20:05.905808,18746
6122744,2,Active,32,0,2013-11-19 20:20:05.919152,18746
6122745,3,Active,10,16,2013-11-19 20:20:05.924291,18746
6122746,4,Active,27,34,2013-11-19 20:20:05.929121,18746
6122747,5,Active,17,18,2013-11-19 20:20:05.934,18746
6122748,6,Active,0,18,2013-11-19 20:20:05.938387,18746
6122749,7,Active,8,11,2013-11-19 20:20:05.942839,18746
6122750,8,Active,6,22,2013-11-19 20:20:05.947266,18746
6122751,9,Active,26,3,2013-11-19 20:20:05.951701,18746
6122752,10,Active,45,1,2013-11-19 20:20:05.98605,18746
6122753,11,Active,0,23,2013-11-19 20:20:05.991402,18746
6122754,12,Active,8,11,2013-11-19 20:20:05.996304,18746
6122755,13,Active,7,30,2013-11-19 20:20:06.002089,18746
6122756,14,Active,29,2,2013-11-19 20:20:06.012523,18746
6122757,15,Active,1,30,2013-11-19 20:20:06.022919,18746
6122758,16,Active,31,0,2013-11-19 20:20:06.027977,18746
6122759,17,Active,22,7,2013-11-19 20:20:06.063605,18746
6122760,18,Active,20,34,2013-11-19 20:20:06.070388,18746
6122761,19,Active,2,20,2013-11-19 20:20:06.076307,18746
6122762,20,Active,3,22,2013-11-19 20:20:06.081914,18746
6122763,21,Active,33,1,2013-11-19 20:20:06.086747,18746
6122764,22,Active,32,15,2013-11-19 20:20:06.091745,18746
6122765,23,Active,6,38,2013-11-19 20:20:06.096655,18746
6122766,24,Active,38,8,2013-11-19 20:20:06.101408,18746
6122767,25,Active,47,1,2013-11-19 20:20:06.106012,18746
6122768,26,Active,8,22,2013-11-19 20:20:06.110895,18746
6122769,27,Active,35,8,2013-11-19 20:20:06.143018,18746
6122770,28,Active,27,0,2013-11-19 20:20:06.148204,18746
6122771,29,Active,0,23,2013-11-19 20:20:06.153175,18746
6122772,30,Active,19,20,2013-11-19 20:20:06.158093,18746
6122773,31,Active,3,34,2013-11-19 20:20:06.163845,18746
6122774,32,Active,6,27,2013-11-19 20:20:06.169251,18746
6122775,33,Active,1,26,2013-11-19 20:20:06.173895,18746
6122776,34,Active,32,3,2013-11-19 20:20:06.178226,18746
6122777,35,Active,51,3,2013-11-19 20:20:06.182842,18746
6122778,36,Active,19,5,2013-11-19 20:20:06.187353,18746
6122779,37,Active,1,20,2013-11-19 20:20:06.221174,18746
6122780,38,Active,23,14,2013-11-19 20:20:06.225774,18746
6122781,39,Active,9,28,2013-11-19 20:20:06.23011,18746
6122782,40,Active,10,29,2013-11-19 20:20:06.234581,18746
6122783,41,Active,0,29,2013-11-19 20:20:06.239401,18746
6122784,42,Active,27,4,2013-11-19 20:20:06.244446,18746
6122785,43,Active,1,22,2013-11-19 20:20:06.253341,18746
6122786,44,Active,0,23,2013-11-19 20:20:06.257887,18746
6122787,45,Active,17,22,2013-11-19 20:20:06.262392,18746
6122788,46,Active,8,22,2013-11-19 20:20:06.267344,18746
6122789,47,Active,0,23,2013-11-19 20:20:06.300196,18746
6122790,48,Active,3,14,2013-11-19 20:20:06.305434,18746
6122791,49,Active,15,8,2013-11-19 20:20:06.310308,18746
6122792,50,Active,19,7,2013-11-19 20:20:06.314875,18746
6122793,51,Active,36,4,2013-11-19 20:20:06.319509,18746
6122794,52,Active,27,0,2013-11-19 20:20:06.324417,18746
6122795,53,Active,5,27,2013-11-19 20:20:06.329027,18746
6122796,54,Active,17,30,2013-11-19 20:20:06.333638,18746
6122797,55,Active,0,26,2013-11-19 20:20:06.338225,18746
6122798,56,Active,34,2,2013-11-19 20:20:06.368446,18746
6122799,57,Active,2,21,2013-11-19 20:20:06.378724,18746
6122800,58,Active,31,7,2013-11-19 20:20:06.385566,18746
6122801,59,Active,31,4,2013-11-19 20:20:06.391513,18746
6122802,60,Active,5,21,2013-11-19 20:20:06.397124,18746
6122803,61,Active,14,10,2013-11-19 20:20:06.403263,18746
6122804,62,Active,8,22,2013-11-19 20:20:06.409378,18746
6122805,63,Active,17,10,2013-11-19 20:20:06.41504,18746
6122806,64,Active,15,20,2013-11-19 20:20:06.420212,18746
6122807,65,Active,3,21,2013-11-19 20:20:06.456532,18746
6122808,66,Active,0,52,2013-11-19 20:20:06.46307,18746
6122809,67,Active,25,2,2013-11-19 20:20:06.469185,18746
6122810,68,Active,0,23,2013-11-19 20:20:06.475668,18746
6122811,69,Active,3,34,2013-11-19 20:20:06.482471,18746
6122812,70,Active,2,29,2013-11-19 20:20:06.489116,18746
6122813,71,Active,1,14,2013-11-19 20:20:06.499159,18746
6122814,72,Active,11,14,2013-11-19 20:20:06.505071,18746
6122815,73,Active,3,16,2013-11-19 20:20:06.539765,18746
6122816,74,Active,5,13,2013-11-19 20:20:06.546714,18746
6122817,75,Active,11,17,2013-11-19 20:20:06.552423,18746
6122818,76,Active,36,22,2013-11-19 20:20:06.558035,18746
6122819,77,Active,20,7,2013-11-19 20:20:06.563686,18746
6122820,78,Active,29,11,2013-11-19 20:20:06.569785,18746
6122821,79,Active,38,8,2013-11-19 20:20:06.575041,18746
6122822,80,Active,3,16,2013-11-19 20:20:06.580239,18746
6122823,81,Active,4,25,2013-11-19 20:20:06.615163,18746
6122824,82,Active,1,19,2013-11-19 20:20:06.621605,18746
6122825,83,Active,49,3,2013-11-19 20:20:06.627306,18746
6122826,84,Active,23,6,2013-11-19 20:20:06.632764,18746
6122827,85,Active,1,22,2013-11-19 20:20:06.638575,18746
6122828,86,Active,25,8,2013-11-19 20:20:06.644234,18746
6122829,87,Active,4,22,2013-11-19 20:20:06.649546,18746
6122830,88,Active,4,31,2013-11-19 20:20:06.654763,18746
6122831,89,Active,33,19,2013-11-19 20:20:06.662181,18746
6122832,90,Active,4,31,2013-11-19 20:20:06.695594,18746
6122833,91,Active,1,19,2013-11-19 20:20:06.702652,18746
6122834,92,Active,26,4,2013-11-19 20:20:06.708145,18746
6122835,93,Active,30,4,2013-11-19 20:20:06.713896,18746
6122836,94,Active,14,17,2013-11-19 20:20:06.719603,18746
6122837,95,Active,2,35,2013-11-19 20:20:06.724808,18746
6122838,96,Active,3,27,2013-11-19 20:20:06.730221,18746
6122839,97,Active,20,5,2013-11-19 20:20:06.735925,18746
6122840,98,Active,35,2,2013-11-19 20:20:06.770816,18746
6122841,99,Active,0,34,2013-11-19 20:20:06.777151,18746
6122842,100,Active,7,23,2013-11-19 20:20:06.782978,18746
6122843,101,Active,4,27,2013-11-19 20:20:06.788827,18746
6122844,102,Active,10,11,2013-11-19 20:20:06.794525,18746
6122845,103,Active,4,35,2013-11-19 20:20:06.799892,18746
6122846,104,Active,18,10,2013-11-19 20:20:06.805284,18746
6122847,105,Active,6,37,2013-11-19 20:20:06.810507,18746
6122848,106,Active,10,17,2013-11-19 20:20:06.81591,18746
6122849,107,Active,5,24,2013-11-19 20:20:06.849729,18746
6122850,108,Active,13,19,2013-11-19 20:20:06.856596,18746
6122851,109,Active,26,13,2013-11-19 20:20:06.862422,18746
6122852,110,Inactive,0,3,2013-11-19 20:20:06.867967,18746
6122853,111,Active,3,28,2013-11-19 20:20:06.877874,18746
6122854,112,Active,19,18,2013-11-19 20:20:06.905016,18746
6122855,113,Active,49,1,2013-11-19 20:20:06.926001,18746
6122856,114,Active,18,16,2013-11-19 20:20:06.931707,18746
6122857,115,Active,1,23,2013-11-19 20:20:06.941838,18746
6122858,116,Active,6,32,2013-11-19 20:20:06.948229,18746
6122859,117,Active,15,4,2013-11-19 20:20:06.953502,18746
6122860,118,Active,20,11,2013-11-19 20:20:06.958775,18746
6122861,119,Active,18,18,2013-11-19 20:20:06.96435,18746
6122862,120,Active,3,22,2013-11-19 20:20:06.969794,18746
6122863,121,Active,0,23,2013-11-19 20:20:07.004271,18746
6122864,122,Active,5,25,2013-11-19 20:20:07.011173,18746
6122865,123,Active,21,4,2013-11-19 20:20:07.016396,18746
6122866,124,Active,28,7,2013-11-19 20:20:07.022756,18746
6122867,125,Active,33,4,2013-11-19 20:20:07.02956,18746
6122868,126,Active,10,14,2013-11-19 20:20:07.035554,18746
6122869,127,Active,0,26,2013-11-19 20:20:07.041695,18746
6122870,128,Active,14,3,2013-11-19 20:20:07.046899,18746
6122871,129,Active,8,21,2013-11-19 20:20:07.053616,18746
6122872,130,Active,2,20,2013-11-19 20:20:07.083825,18746
6122873,131,Active,8,15,2013-11-19 20:20:07.090722,18746
6122874,132,Active,5,30,2013-11-19 20:20:07.097061,18746
6122875,133,Active,1,24,2013-11-19 20:20:07.102491,18746
6122876,134,Active,30,2,2013-11-19 20:20:07.108593,18746
6122877,135,Active,36,5,2013-11-19 20:20:07.114545,18746
6122878,136,Active,8,14,2013-11-19 20:20:07.119869,18746
6122879,137,Active,3,25,2013-11-19 20:20:07.125106,18746
6122880,138,Active,38,1,2013-11-19 20:20:07.131035,18746
6122881,139,Active,29,5,2013-11-19 20:20:07.16337,18746
6122882,140,Active,7,20,2013-11-19 20:20:07.169559,18746
6122883,141,Active,8,23,2013-11-19 20:20:07.17532,18746
6122884,142,Active,26,16,2013-11-19 20:20:07.180666,18746
6122885,143,Active,7,16,2013-11-19 20:20:07.186262,18746
6122886,144,Active,14,11,2013-11-19 20:20:07.191731,18746
6122887,145,Active,8,26,2013-11-19 20:20:07.19724,18746
6122888,146,Active,42,13,2013-11-19 20:20:07.202972,18746
6122889,147,Active,12,26,2013-11-19 20:20:07.208349,18746
6122890,148,Active,2,41,2013-11-19 20:20:07.242497,18746
6122891,149,Active,11,46,2013-11-19 20:20:07.248902,18746
6122892,150,Active,15,34,2013-11-19 20:20:07.254836,18746
6122893,151,Active,8,19,2013-11-19 20:20:07.260731,18746
6122894,152,Active,1,30,2013-11-19 20:20:07.266586,18746
6122895,153,Active,3,30,2013-11-19 20:20:07.271924,18746
6122896,154,Active,18,14,2013-11-19 20:20:07.277381,18746
6122897,155,Active,9,28,2013-11-19 20:20:07.283037,18746
6122898,156,Active,4,31,2013-11-19 20:20:07.318254,18746
6122899,157,Active,5,22,2013-11-19 20:20:07.325072,18746
6122900,158,Active,4,15,2013-11-19 20:20:07.331276,18746
6122901,159,Active,27,2,2013-11-19 20:20:07.336853,18746
6122902,160,Active,5,38,2013-11-19 20:20:07.34259,18746
6122903,161,Active,43,4,2013-11-19 20:20:07.348313,18746
6122904,162,Active,26,16,2013-11-19 20:20:07.353726,18746
6122905,163,Active,5,34,2013-11-19 20:20:07.358976,18746
6122906,164,Active,34,2,2013-11-19 20:20:07.395056,18746
6122907,165,Active,9,26,2013-11-19 20:20:07.401385,18746
6122908,166,Active,3,28,2013-11-19 20:20:07.407128,18746
6122909,167,Active,2,27,2013-11-19 20:20:07.412775,18746
6122910,168,Active,33,8,2013-11-19 20:20:07.44229,18746
6122911,169,Active,36,0,2013-11-19 20:20:07.474344,18746
6122912,170,Active,35,0,2013-11-19 20:20:07.481251,18746
6122913,171,Active,5,22,2013-11-19 20:20:07.487884,18746
6122914,172,Active,5,26,2013-11-19 20:20:07.494866,18746
6122915,173,Active,1,30,2013-11-19 20:20:07.500778,18746
6122916,174,Active,22,9,2013-11-19 20:20:07.507043,18746
6122917,175,Active,5,26,2013-11-19 20:20:07.512745,18746
6122918,176,Active,5,27,2013-11-19 20:20:07.518338,18746
6122919,177,Active,1,29,2013-11-19 20:20:07.552548,18746
6122920,178,Active,4,21,2013-11-19 20:20:07.558774,18746
6122921,179,Active,5,22,2013-11-19 20:20:07.564239,18746
6122922,180,Active,7,24,2013-11-19 20:20:07.569632,18746
6122923,181,Active,2,25,2013-11-19 20:20:07.575156,18746
6122924,182,Active,5,10,2013-11-19 20:20:07.58051,18746
6122925,183,Active,7,35,2013-11-19 20:20:07.585769,18746
6122926,184,Active,37,5,2013-11-19 20:20:07.590909,18746
6122927,185,Active,12,18,2013-11-19 20:20:07.597913,18746
6122928,186,Active,27,11,2013-11-19 20:20:07.629333,18746
6122929,187,Active,3,32,2013-11-19 20:20:07.635907,18746
6122930,188,Active,8,26,2013-11-19 20:20:07.64143,18746
6122931,189,Active,0,43,2013-11-19 20:20:07.647031,18746
6122932,190,Active,3,19,2013-11-19 20:20:07.652456,18746
6122933,191,Active,10,9,2013-11-19 20:20:07.65818,18746
6122934,192,Active,14,20,2013-11-19 20:20:07.66347,18746
6122935,193,Active,1,21,2013-11-19 20:20:07.669605,18746
6122936,194,Active,0,28,2013-11-19 20:20:07.704973,18746
6122937,195,Active,18,6,2013-11-19 20:20:07.711795,18746
6122938,196,Active,30,10,2013-11-19 20:20:07.717425,18746
6122939,197,Active,0,31,2013-11-19 20:20:07.72292,18746
6122940,198,Active,2,44,2013-11-19 20:20:07.728734,18746
6122941,199,Active,9,14,2013-11-19 20:20:07.73437,18746
6122942,200,Active,1,22,2013-11-19 20:20:07.74006,18746
6122943,201,Active,0,23,2013-11-19 20:20:07.745569,18746
6122944,202,Active,0,19,2013-11-19 20:20:07.750958,18746
6122945,203,Active,9,44,2013-11-19 20:20:07.784669,18746
6122946,204,Active,2,36,2013-11-19 20:20:07.790736,18746
6122947,205,Active,23,5,2013-11-19 20:20:07.796377,18746
6122948,206,Active,29,30,2013-11-19 20:20:07.801741,18746
6122949,207,Active,5,26,2013-11-19 20:20:07.807116,18746
6122950,208,Active,24,3,2013-11-19 20:20:07.814002,18746
6122951,209,Inactive,0,3,2013-11-19 20:20:07.820037,18746
6122952,210,Active,3,28,2013-11-19 20:20:07.825279,18746
6122953,211,Active,0,39,2013-11-19 20:20:07.860427,18746
6122954,212,Active,22,4,2013-11-19 20:20:07.867487,18746
6122955,213,Active,39,6,2013-11-19 20:20:07.873344,18746
6122956,214,Active,2,25,2013-11-19 20:20:07.879197,18746
6122957,215,Active,12,15,2013-11-19 20:20:07.885117,18746
6122958,216,Active,4,23,2013-11-19 20:20:07.890634,18746
6122959,217,Active,8,30,2013-11-19 20:20:07.896061,18746
6122960,218,Active,19,11,2013-11-19 20:20:07.905868,18746
6122961,219,Active,3,30,2013-11-19 20:20:07.938072,18746
6122962,220,Active,24,26,2013-11-19 20:20:07.943597,18746
6122963,221,Active,22,1,2013-11-19 20:20:07.948886,18746
6122964,222,Active,50,2,2013-11-19 20:20:07.954294,18746
6122965,223,Active,7,35,2013-11-19 20:20:07.959715,18746
6122966,224,Active,1,35,2013-11-19 20:20:07.988847,18746
6122967,225,Active,12,17,2013-11-19 20:20:08.018933,18746
6122968,226,Active,4,26,2013-11-19 20:20:08.025257,18746
6122969,227,Active,2,27,2013-11-19 20:20:08.031049,18746
6122970,228,Active,16,41,2013-11-19 20:20:08.036724,18746
6122971,229,Active,5,33,2013-11-19 20:20:08.042173,18746
6122972,230,Active,2,33,2013-11-19 20:20:08.047726,18746
6122973,231,Active,31,7,2013-11-19 20:20:08.053087,18746
6122974,232,Active,25,10,2013-11-19 20:20:08.058514,18746
6122975,233,Active,2,57,2013-11-19 20:20:08.063656,18746
6122976,234,Active,21,8,2013-11-19 20:20:08.09809,18746
6122977,235,Active,15,6,2013-11-19 20:20:08.103516,18746
6122978,236,Active,1,19,2013-11-19 20:20:08.110134,18746
6122979,237,Active,3,35,2013-11-19 20:20:08.115477,18746
6122980,238,Active,19,28,2013-11-19 20:20:08.121044,18746
6122981,239,Active,18,7,2013-11-19 20:20:08.126295,18746
6122982,240,Active,45,13,2013-11-19 20:20:08.133475,18746
6122983,241,Active,13,23,2013-11-19 20:20:08.13884,18746
6122984,242,Active,29,6,2013-11-19 20:20:08.173746,18746
6122985,243,Active,7,27,2013-11-19 20:20:08.180122,18746
6122986,244,Active,5,54,2013-11-19 20:20:08.186547,18746
6122987,245,Active,0,57,2013-11-19 20:20:08.193291,18746
6122988,246,Active,14,23,2013-11-19 20:20:08.199808,18746
6122989,247,Active,18,8,2013-11-19 20:20:08.211086,18746
6122990,248,Active,5,34,2013-11-19 20:20:08.217624,18746
6122991,249,Active,26,16,2013-11-19 20:20:08.222909,18746
6122992,250,Active,27,18,2013-11-19 20:20:08.256641,18746
6122993,251,Active,21,16,2013-11-19 20:20:08.263339,18746
6122994,252,Active,4,42,2013-11-19 20:20:08.269236,18746
6122995,253,Active,9,50,2013-11-19 20:20:08.275347,18746
6122996,254,Active,6,25,2013-11-19 20:20:08.281394,18746
6122997,255,Active,1,29,2013-11-19 20:20:08.287337,18746
6122998,256,Active,11,16,2013-11-19 20:20:08.294057,18746
6122999,257,Active,17,8,2013-11-19 20:20:08.29927,18746
6123000,258,Active,1,37,2013-11-19 20:20:08.304507,18746
6123001,259,Active,17,16,2013-11-19 20:20:08.337732,18746
6123002,260,Active,32,10,2013-11-19 20:20:08.343851,18746
6123003,261,Active,6,29,2013-11-19 20:20:08.351607,18746
6123004,262,Active,8,31,2013-11-19 20:20:08.357199,18746
6123005,263,Active,4,30,2013-11-19 20:20:08.362792,18746
6123006,264,Active,3,36,2013-11-19 20:20:08.368123,18746
6123007,265,Active,33,3,2013-11-19 20:20:08.373539,18746
6123008,266,Active,6,53,2013-11-19 20:20:08.378877,18746
6123009,267,Active,52,1,2013-11-19 20:20:08.384198,18746
6123010,268,Active,19,29,2013-11-19 20:20:08.389636,18746
6123011,269,Active,29,5,2013-11-19 20:20:08.422688,18746
6123012,270,Active,5,29,2013-11-19 20:20:08.430772,18746
6123013,271,Active,4,21,2013-11-19 20:20:08.43669,18746
6123014,272,Active,39,4,2013-11-19 20:20:08.442376,18746
6123015,273,Active,37,19,2013-11-19 20:20:08.448518,18746
6123016,274,Active,5,24,2013-11-19 20:20:08.454303,18746
6123017,275,Active,3,31,2013-11-19 20:20:08.45972,18746
6123018,276,Active,38,12,2013-11-19 20:20:08.465539,18746
6123019,277,Active,1,40,2013-11-19 20:20:08.470914,18746
6123020,330,Active,2,27,2013-11-19 20:20:08.477178,18746
6123021,278,Active,23,6,2013-11-19 20:20:08.509593,18746
6123022,279,Active,2,43,2013-11-19 20:20:08.539936,18746
6123023,280,Active,1,31,2013-11-19 20:20:08.546384,18746
6123024,281,Active,2,43,2013-11-19 20:20:08.551583,18746
6123025,282,Active,4,20,2013-11-19 20:20:08.587983,18746
6123026,283,Active,11,21,2013-11-19 20:20:08.598595,18746
6123027,284,Active,42,8,2013-11-19 20:20:08.604189,18746
6123028,285,Active,1,32,2013-11-19 20:20:08.609765,18746
6123029,286,Active,0,26,2013-11-19 20:20:08.615073,18746
6123030,287,Active,9,17,2013-11-19 20:20:08.620514,18746
6123031,288,Active,6,47,2013-11-19 20:20:08.626073,18746
6123032,289,Active,1,34,2013-11-19 20:20:08.631396,18746
6123033,290,Active,18,15,2013-11-19 20:20:08.636637,18746
6123034,291,Active,35,23,2013-11-19 20:20:08.668903,18746
6123035,292,Active,9,30,2013-11-19 20:20:08.675541,18746
6123036,293,Active,38,23,2013-11-19 20:20:08.681143,18746
6123037,294,Active,30,8,2013-11-19 20:20:08.686687,18746
6123038,295,Active,6,61,2013-11-19 20:20:08.692411,18746
6123039,296,Active,42,8,2013-11-19 20:20:08.698097,18746
6123040,297,Active,15,36,2013-11-19 20:20:08.703526,18746
6123041,298,Active,11,43,2013-11-19 20:20:08.709307,18746
6123042,299,Active,10,28,2013-11-19 20:20:08.714687,18746
6123043,300,Active,4,37,2013-11-19 20:20:08.748267,18746
6123044,301,Active,43,15,2013-11-19 20:20:08.75447,18746
6123045,302,Active,3,33,2013-11-19 20:20:08.759845,18746
6123046,303,Active,6,34,2013-11-19 20:20:08.765007,18746
6123047,305,Active,10,29,2013-11-19 20:20:08.770562,18746
6123048,306,Active,10,32,2013-11-19 20:20:08.775991,18746
6123049,307,Active,5,44,2013-11-19 20:20:08.781354,18746
6123050,308,Active,28,3,2013-11-19 20:20:08.786799,18746
6123051,309,Active,11,17,2013-11-19 20:20:08.822419,18746
6123052,310,Active,34,4,2013-11-19 20:20:08.828889,18746
6123053,311,Active,24,14,2013-11-19 20:20:08.835156,18746
6123054,312,Active,24,7,2013-11-19 20:20:08.840863,18746
6123055,313,Active,37,2,2013-11-19 20:20:08.846606,18746
6123056,314,Active,8,18,2013-11-19 20:20:08.852584,18746
6123057,315,Active,19,19,2013-11-19 20:20:08.858528,18746
6123058,316,Active,24,5,2013-11-19 20:20:08.865544,18746
6123059,317,Active,10,4,2013-11-19 20:20:08.871672,18746
6123060,318,Active,19,7,2013-11-19 20:20:08.906169,18746
6123061,319,Active,1,29,2013-11-19 20:20:08.913979,18746
6123062,320,Active,30,4,2013-11-19 20:20:08.919514,18746
6123063,321,Active,4,8,2013-11-19 20:20:08.924613,18746
6123064,322,Active,14,34,2013-11-19 20:20:08.930348,18746
6123065,332,Active,17,7,2013-11-19 20:20:08.935755,18746
6123066,327,Active,13,22,2013-11-19 20:20:08.941229,18746
6123067,328,Active,38,1,2013-11-19 20:20:08.947475,18746
6123068,331,Active,6,28,2013-11-19 20:20:08.982518,18746
6123069,323,Active,2,37,2013-11-19 20:20:08.988003,18746
6123070,324,Active,7,36,2013-11-19 20:20:08.99327,18746
6123071,329,Active,16,17,2013-11-19 20:20:08.998704,18746
6123072,325,Active,23,13,2013-11-19 20:20:09.003993,18746
6123073,326,Active,8,15,2013-11-19 20:20:09.009729,18746
6123074,1,Active,10,27,2013-11-19 20:30:04.909936,18747
6123075,2,Active,31,1,2013-11-19 20:30:04.921447,18747
6123076,3,Active,11,15,2013-11-19 20:30:04.926399,18747
6123077,4,Active,27,34,2013-11-19 20:30:04.931004,18747
6123078,5,Active,15,20,2013-11-19 20:30:04.93591,18747
6123079,6,Active,1,17,2013-11-19 20:30:04.940817,18747
6123080,7,Active,8,11,2013-11-19 20:30:04.945341,18747
6123081,8,Active,8,20,2013-11-19 20:30:04.9498,18747
6123082,9,Active,25,4,2013-11-19 20:30:04.954645,18747
6123083,10,Active,43,3,2013-11-19 20:30:04.959347,18747
6123084,11,Active,0,23,2013-11-19 20:30:04.963746,18747
6123085,12,Active,7,12,2013-11-19 20:30:04.968055,18747
6123086,13,Active,7,30,2013-11-19 20:30:04.972988,18747
6123087,14,Active,29,2,2013-11-19 20:30:04.977428,18747
6123088,15,Active,0,31,2013-11-19 20:30:04.981765,18747
6123089,16,Active,31,0,2013-11-19 20:30:04.986946,18747
6123090,17,Active,21,8,2013-11-19 20:30:04.991277,18747
6123091,18,Active,19,35,2013-11-19 20:30:04.995601,18747
6123092,19,Active,2,20,2013-11-19 20:30:05.002559,18747
6123093,20,Active,3,22,2013-11-19 20:30:05.006924,18747
6123094,21,Active,32,2,2013-11-19 20:30:05.011242,18747
6123095,22,Active,34,13,2013-11-19 20:30:05.015921,18747
6123096,23,Active,7,37,2013-11-19 20:30:05.020303,18747
6123097,24,Active,36,10,2013-11-19 20:30:05.024883,18747
6123098,25,Active,47,1,2013-11-19 20:30:05.02924,18747
6123099,26,Active,8,22,2013-11-19 20:30:05.033588,18747
6123100,27,Active,35,8,2013-11-19 20:30:05.037962,18747
6123101,28,Active,26,1,2013-11-19 20:30:05.043568,18747
6123102,29,Active,0,23,2013-11-19 20:30:05.048466,18747
6123103,30,Active,18,21,2013-11-19 20:30:05.054295,18747
6123104,31,Active,3,34,2013-11-19 20:30:05.059092,18747
6123105,32,Active,4,29,2013-11-19 20:30:05.063859,18747
6123106,33,Active,1,26,2013-11-19 20:30:05.069327,18747
6123107,34,Active,32,3,2013-11-19 20:30:05.074394,18747
6123108,35,Active,52,2,2013-11-19 20:30:05.079092,18747
6123109,36,Active,20,4,2013-11-19 20:30:05.084069,18747
6123110,37,Active,1,20,2013-11-19 20:30:05.089649,18747
6123111,38,Active,24,14,2013-11-19 20:30:05.094821,18747
6123112,39,Active,11,26,2013-11-19 20:30:05.099815,18747
6123113,40,Active,10,29,2013-11-19 20:30:05.105089,18747
6123114,41,Active,0,29,2013-11-19 20:30:05.110655,18747
6123115,42,Active,28,3,2013-11-19 20:30:05.115984,18747
6123116,43,Active,1,22,2013-11-19 20:30:05.120535,18747
6123117,44,Active,0,23,2013-11-19 20:30:05.124961,18747
6123118,45,Active,17,22,2013-11-19 20:30:05.129453,18747
6123119,46,Active,9,21,2013-11-19 20:30:05.135025,18747
6123120,47,Active,0,23,2013-11-19 20:30:05.140205,18747
6123121,48,Active,3,14,2013-11-19 20:30:05.144992,18747
6123122,49,Active,13,10,2013-11-19 20:30:05.150328,18747
6123123,50,Active,19,7,2013-11-19 20:30:05.155326,18747
6123124,51,Active,39,0,2013-11-19 20:30:05.160187,18747
6123125,52,Active,27,0,2013-11-19 20:30:05.164799,18747
6123126,53,Active,3,29,2013-11-19 20:30:05.169781,18747
6123127,54,Active,19,28,2013-11-19 20:30:05.175633,18747
6123128,55,Active,0,26,2013-11-19 20:30:05.180853,18747
6123129,56,Active,33,3,2013-11-19 20:30:05.210485,18747
6123130,57,Active,2,21,2013-11-19 20:30:05.215892,18747
6123131,58,Active,31,7,2013-11-19 20:30:05.222107,18747
6123132,59,Active,31,4,2013-11-19 20:30:05.227978,18747
6123133,60,Active,4,22,2013-11-19 20:30:05.237684,18747
6123134,61,Active,14,10,2013-11-19 20:30:05.243565,18747
6123135,62,Active,7,23,2013-11-19 20:30:05.249333,18747
6123136,63,Active,17,10,2013-11-19 20:30:05.259721,18747
6123137,64,Active,16,19,2013-11-19 20:30:05.265314,18747
6123138,65,Active,2,22,2013-11-19 20:30:05.270869,18747
6123139,66,Active,4,48,2013-11-19 20:30:05.276477,18747
6123140,67,Active,24,3,2013-11-19 20:30:05.28185,18747
6123141,68,Active,0,23,2013-11-19 20:30:05.287255,18747
6123142,69,Active,3,34,2013-11-19 20:30:05.292865,18747
6123143,70,Active,2,29,2013-11-19 20:30:05.298088,18747
6123144,71,Active,1,14,2013-11-19 20:30:05.303529,18747
6123145,72,Active,11,14,2013-11-19 20:30:05.308868,18747
6123146,73,Active,3,16,2013-11-19 20:30:05.314081,18747
6123147,74,Active,5,13,2013-11-19 20:30:05.320092,18747
6123148,75,Active,11,17,2013-11-19 20:30:05.325484,18747
6123149,76,Active,35,23,2013-11-19 20:30:05.330713,18747
6123150,77,Active,20,7,2013-11-19 20:30:05.336516,18747
6123151,78,Active,28,12,2013-11-19 20:30:05.341947,18747
6123152,79,Active,40,6,2013-11-19 20:30:05.347815,18747
6123153,80,Active,2,17,2013-11-19 20:30:05.353617,18747
6123154,81,Active,4,25,2013-11-19 20:30:05.359547,18747
6123155,82,Active,0,20,2013-11-19 20:30:05.365106,18747
6123156,83,Active,51,1,2013-11-19 20:30:05.370441,18747
6123157,84,Active,21,8,2013-11-19 20:30:05.375947,18747
6123158,85,Active,1,22,2013-11-19 20:30:05.381309,18747
6123159,86,Active,25,8,2013-11-19 20:30:05.391337,18747
6123160,87,Active,4,22,2013-11-19 20:30:05.397297,18747
6123161,88,Active,4,31,2013-11-19 20:30:05.402305,18747
6123162,89,Active,33,19,2013-11-19 20:30:05.407662,18747
6123163,90,Active,7,29,2013-11-19 20:30:05.413001,18747
6123164,91,Active,1,19,2013-11-19 20:30:05.418349,18747
6123165,92,Active,27,3,2013-11-19 20:30:05.423689,18747
6123166,93,Active,28,6,2013-11-19 20:30:05.428727,18747
6123167,94,Active,14,17,2013-11-19 20:30:05.434184,18747
6123168,95,Active,2,35,2013-11-19 20:30:05.439505,18747
6123169,96,Active,4,26,2013-11-19 20:30:05.444639,18747
6123170,97,Active,21,4,2013-11-19 20:30:05.449747,18747
6123171,98,Active,34,3,2013-11-19 20:30:05.454917,18747
6123172,99,Active,1,33,2013-11-19 20:30:05.460167,18747
6123173,100,Active,8,22,2013-11-19 20:30:05.465272,18747
6123174,101,Active,4,27,2013-11-19 20:30:05.47145,18747
6123175,102,Active,10,11,2013-11-19 20:30:05.47712,18747
6123176,103,Active,3,36,2013-11-19 20:30:05.482458,18747
6123177,104,Active,18,10,2013-11-19 20:30:05.488784,18747
6123178,105,Active,5,38,2013-11-19 20:30:05.494097,18747
6123179,106,Active,9,18,2013-11-19 20:30:05.499454,18747
6123180,107,Active,6,23,2013-11-19 20:30:05.504689,18747
6123181,108,Active,12,20,2013-11-19 20:30:05.511041,18747
6123182,109,Active,27,12,2013-11-19 20:30:05.51614,18747
6123183,110,Inactive,0,3,2013-11-19 20:30:05.521704,18747
6123184,111,Active,2,29,2013-11-19 20:30:05.526711,18747
6123185,112,Active,19,18,2013-11-19 20:30:05.555546,18747
6123186,113,Active,49,1,2013-11-19 20:30:05.562975,18747
6123187,114,Active,17,17,2013-11-19 20:30:05.568139,18747
6123188,115,Active,3,21,2013-11-19 20:30:05.573369,18747
6123189,116,Active,8,30,2013-11-19 20:30:05.578552,18747
6123190,117,Active,14,5,2013-11-19 20:30:05.584474,18747
6123191,118,Active,21,10,2013-11-19 20:30:05.589809,18747
6123192,119,Active,17,19,2013-11-19 20:30:05.595263,18747
6123193,120,Active,3,22,2013-11-19 20:30:05.601094,18747
6123194,121,Active,1,22,2013-11-19 20:30:05.606744,18747
6123195,122,Active,5,25,2013-11-19 20:30:05.612176,18747
6123196,123,Active,15,10,2013-11-19 20:30:05.61734,18747
6123197,124,Active,28,7,2013-11-19 20:30:05.622405,18747
6123198,125,Active,33,4,2013-11-19 20:30:05.627823,18747
6123199,126,Active,10,14,2013-11-19 20:30:05.63325,18747
6123200,127,Active,0,26,2013-11-19 20:30:05.638571,18747
6123201,128,Active,14,3,2013-11-19 20:30:05.643608,18747
6123202,129,Active,8,21,2013-11-19 20:30:05.64933,18747
6123203,130,Active,2,20,2013-11-19 20:30:05.654842,18747
6123204,131,Active,7,16,2013-11-19 20:30:05.660355,18747
6123205,132,Active,3,32,2013-11-19 20:30:05.665802,18747
6123206,133,Active,3,22,2013-11-19 20:30:05.677381,18747
6123207,134,Active,30,2,2013-11-19 20:30:05.682823,18747
6123208,135,Active,38,3,2013-11-19 20:30:05.687949,18747
6123209,136,Active,8,14,2013-11-19 20:30:05.693125,18747
6123210,137,Active,3,25,2013-11-19 20:30:05.699589,18747
6123211,138,Active,37,2,2013-11-19 20:30:05.705437,18747
6123212,139,Active,30,4,2013-11-19 20:30:05.711618,18747
6123213,140,Active,7,20,2013-11-19 20:30:05.717242,18747
6123214,141,Active,8,23,2013-11-19 20:30:05.723408,18747
6123215,142,Active,25,17,2013-11-19 20:30:05.729466,18747
6123216,143,Active,6,17,2013-11-19 20:30:05.735761,18747
6123217,144,Active,15,10,2013-11-19 20:30:05.740894,18747
6123218,145,Active,9,25,2013-11-19 20:30:05.747022,18747
6123219,146,Active,42,13,2013-11-19 20:30:05.752571,18747
6123220,147,Active,12,26,2013-11-19 20:30:05.758317,18747
6123221,148,Active,2,41,2013-11-19 20:30:05.765151,18747
6123222,149,Active,11,46,2013-11-19 20:30:05.771434,18747
6123223,150,Active,16,33,2013-11-19 20:30:05.777255,18747
6123224,151,Active,8,19,2013-11-19 20:30:05.782649,18747
6123225,152,Active,1,30,2013-11-19 20:30:05.788118,18747
6123226,153,Active,3,30,2013-11-19 20:30:05.793386,18747
6123227,154,Active,16,16,2013-11-19 20:30:05.798574,18747
6123228,155,Active,9,28,2013-11-19 20:30:05.807087,18747
6123229,156,Active,5,30,2013-11-19 20:30:05.812457,18747
6123230,157,Active,5,22,2013-11-19 20:30:05.817636,18747
6123231,158,Active,4,15,2013-11-19 20:30:05.824359,18747
6123232,159,Active,23,6,2013-11-19 20:30:05.829506,18747
6123233,160,Active,28,15,2013-11-19 20:30:05.834695,18747
6123234,161,Active,45,2,2013-11-19 20:30:05.840152,18747
6123235,162,Active,30,12,2013-11-19 20:30:05.84537,18747
6123236,163,Active,7,32,2013-11-19 20:30:05.851158,18747
6123237,164,Active,31,5,2013-11-19 20:30:05.85669,18747
6123238,165,Active,9,26,2013-11-19 20:30:05.862572,18747
6123239,166,Active,3,28,2013-11-19 20:30:05.86834,18747
6123240,167,Active,1,28,2013-11-19 20:30:05.8745,18747
6123241,168,Active,33,8,2013-11-19 20:30:05.904557,18747
6123242,169,Active,36,0,2013-11-19 20:30:05.910514,18747
6123243,170,Active,34,1,2013-11-19 20:30:05.915706,18747
6123244,171,Active,5,22,2013-11-19 20:30:05.921257,18747
6123245,172,Active,5,26,2013-11-19 20:30:05.926502,18747
6123246,173,Active,1,30,2013-11-19 20:30:05.931708,18747
6123247,174,Active,22,9,2013-11-19 20:30:05.937175,18747
6123248,175,Active,5,26,2013-11-19 20:30:05.942379,18747
6123249,176,Active,5,27,2013-11-19 20:30:05.947596,18747
6123250,177,Active,1,29,2013-11-19 20:30:05.955094,18747
6123251,178,Active,5,20,2013-11-19 20:30:05.960601,18747
6123252,179,Active,5,22,2013-11-19 20:30:05.966254,18747
6123253,180,Active,7,24,2013-11-19 20:30:05.972047,18747
6123254,181,Active,2,25,2013-11-19 20:30:05.978027,18747
6123255,182,Active,4,11,2013-11-19 20:30:05.98374,18747
6123256,183,Active,5,37,2013-11-19 20:30:05.989052,18747
6123257,184,Active,33,9,2013-11-19 20:30:05.995322,18747
6123258,185,Active,12,17,2013-11-19 20:30:06.001903,18747
6123259,186,Active,26,12,2013-11-19 20:30:06.007241,18747
6123260,187,Active,5,30,2013-11-19 20:30:06.016016,18747
6123261,188,Active,8,26,2013-11-19 20:30:06.032456,18747
6123262,189,Active,0,43,2013-11-19 20:30:06.038763,18747
6123263,190,Active,3,19,2013-11-19 20:30:06.043773,18747
6123264,191,Active,10,9,2013-11-19 20:30:06.04912,18747
6123265,192,Active,14,20,2013-11-19 20:30:06.054365,18747
6123266,193,Active,0,22,2013-11-19 20:30:06.062875,18747
6123267,194,Active,0,28,2013-11-19 20:30:06.068416,18747
6123268,195,Active,18,6,2013-11-19 20:30:06.073987,18747
6123269,196,Active,34,6,2013-11-19 20:30:06.081505,18747
6123270,197,Active,0,31,2013-11-19 20:30:06.086931,18747
6123271,198,Active,2,44,2013-11-19 20:30:06.092146,18747
6123272,199,Active,10,13,2013-11-19 20:30:06.097284,18747
6123273,200,Active,1,22,2013-11-19 20:30:06.106909,18747
6123274,201,Active,0,23,2013-11-19 20:30:06.112377,18747
6123275,202,Active,0,19,2013-11-19 20:30:06.117768,18747
6123276,203,Active,10,43,2013-11-19 20:30:06.123423,18747
6123277,204,Active,2,36,2013-11-19 20:30:06.129037,18747
6123278,205,Active,21,7,2013-11-19 20:30:06.134874,18747
6123279,206,Active,29,30,2013-11-19 20:30:06.140733,18747
6123280,207,Active,6,25,2013-11-19 20:30:06.146273,18747
6123281,208,Active,24,3,2013-11-19 20:30:06.151975,18747
6123282,209,Inactive,0,3,2013-11-19 20:30:06.157693,18747
6123283,210,Active,3,28,2013-11-19 20:30:06.163608,18747
6123284,211,Active,0,39,2013-11-19 20:30:06.169819,18747
6123285,212,Active,22,4,2013-11-19 20:30:06.17545,18747
6123286,213,Active,41,4,2013-11-19 20:30:06.182053,18747
6123287,214,Active,2,25,2013-11-19 20:30:06.188371,18747
6123288,215,Active,13,14,2013-11-19 20:30:06.194807,18747
6123289,216,Active,6,21,2013-11-19 20:30:06.201279,18747
6123290,217,Active,8,30,2013-11-19 20:30:06.206579,18747
6123291,218,Active,17,13,2013-11-19 20:30:06.211909,18747
6123292,219,Active,3,30,2013-11-19 20:30:06.21721,18747
6123293,220,Active,24,26,2013-11-19 20:30:06.222396,18747
6123294,221,Active,22,1,2013-11-19 20:30:06.228371,18747
6123295,222,Active,50,2,2013-11-19 20:30:06.233685,18747
6123296,223,Active,10,32,2013-11-19 20:30:06.242739,18747
6123297,224,Active,3,33,2013-11-19 20:30:06.271702,18747
6123298,225,Active,14,15,2013-11-19 20:30:06.277315,18747
6123299,226,Active,4,26,2013-11-19 20:30:06.282404,18747
6123300,227,Active,3,26,2013-11-19 20:30:06.287624,18747
6123301,228,Active,15,42,2013-11-19 20:30:06.292936,18747
6123302,229,Active,7,31,2013-11-19 20:30:06.298435,18747
6123303,230,Active,2,33,2013-11-19 20:30:06.304373,18747
6123304,231,Active,30,8,2013-11-19 20:30:06.309846,18747
6123305,232,Active,25,10,2013-11-19 20:30:06.316008,18747
6123306,233,Active,2,57,2013-11-19 20:30:06.321819,18747
6123307,234,Active,17,12,2013-11-19 20:30:06.327327,18747
6123308,235,Active,15,6,2013-11-19 20:30:06.334147,18747
6123309,236,Active,1,19,2013-11-19 20:30:06.34019,18747
6123310,237,Active,1,37,2013-11-19 20:30:06.346126,18747
6123311,238,Active,19,28,2013-11-19 20:30:06.351694,18747
6123312,239,Active,18,7,2013-11-19 20:30:06.356967,18747
6123313,240,Active,46,12,2013-11-19 20:30:06.362839,18747
6123314,241,Active,16,20,2013-11-19 20:30:06.368151,18747
6123315,242,Active,33,2,2013-11-19 20:30:06.37363,18747
6123316,243,Active,8,26,2013-11-19 20:30:06.37879,18747
6123317,244,Active,4,55,2013-11-19 20:30:06.384092,18747
6123318,245,Active,0,57,2013-11-19 20:30:06.390834,18747
6123319,246,Active,15,22,2013-11-19 20:30:06.396176,18747
6123320,247,Active,18,8,2013-11-19 20:30:06.401773,18747
6123321,248,Active,5,34,2013-11-19 20:30:06.407092,18747
6123322,249,Active,25,17,2013-11-19 20:30:06.412505,18747
6123323,250,Active,27,18,2013-11-19 20:30:06.417897,18747
6123324,251,Active,19,18,2013-11-19 20:30:06.423379,18747
6123325,252,Active,3,43,2013-11-19 20:30:06.428647,18747
6123326,253,Active,3,56,2013-11-19 20:30:06.434138,18747
6123327,254,Active,3,28,2013-11-19 20:30:06.439259,18747
6123328,255,Active,1,29,2013-11-19 20:30:06.44486,18747
6123329,256,Active,11,16,2013-11-19 20:30:06.450395,18747
6123330,257,Active,17,8,2013-11-19 20:30:06.455687,18747
6123331,258,Active,0,38,2013-11-19 20:30:06.461347,18747
6123332,259,Active,15,18,2013-11-19 20:30:06.466806,18747
6123333,260,Active,31,11,2013-11-19 20:30:06.472322,18747
6123334,261,Active,8,27,2013-11-19 20:30:06.478041,18747
6123335,262,Active,9,30,2013-11-19 20:30:06.483737,18747
6123336,263,Active,6,28,2013-11-19 20:30:06.4895,18747
6123337,264,Active,5,34,2013-11-19 20:30:06.495321,18747
6123338,265,Active,31,5,2013-11-19 20:30:06.500659,18747
6123339,266,Active,4,55,2013-11-19 20:30:06.511424,18747
6123340,267,Active,51,2,2013-11-19 20:30:06.517391,18747
6123341,268,Active,18,31,2013-11-19 20:30:06.522859,18747
6123342,269,Active,30,4,2013-11-19 20:30:06.528202,18747
6123343,270,Active,6,28,2013-11-19 20:30:06.53482,18747
6123344,271,Active,6,19,2013-11-19 20:30:06.540494,18747
6123345,272,Active,39,4,2013-11-19 20:30:06.54651,18747
6123346,273,Active,39,17,2013-11-19 20:30:06.552287,18747
6123347,274,Active,6,23,2013-11-19 20:30:06.557805,18747
6123348,275,Active,3,31,2013-11-19 20:30:06.563376,18747
6123349,276,Active,37,13,2013-11-19 20:30:06.569852,18747
6123350,277,Active,1,40,2013-11-19 20:30:06.575829,18747
6123351,330,Active,1,28,2013-11-19 20:30:06.581508,18747
6123352,278,Active,24,5,2013-11-19 20:30:06.58704,18747
6123353,279,Active,6,39,2013-11-19 20:30:06.618396,18747
6123354,280,Active,1,31,2013-11-19 20:30:06.625126,18747
6123355,281,Active,3,42,2013-11-19 20:30:06.631119,18747
6123356,282,Active,3,21,2013-11-19 20:30:06.637047,18747
6123357,283,Active,9,23,2013-11-19 20:30:06.642764,18747
6123358,284,Active,40,10,2013-11-19 20:30:06.648401,18747
6123359,285,Active,2,31,2013-11-19 20:30:06.653815,18747
6123360,286,Active,2,24,2013-11-19 20:30:06.659286,18747
6123361,287,Active,8,18,2013-11-19 20:30:06.664513,18747
6123362,288,Active,6,47,2013-11-19 20:30:06.670712,18747
6123363,289,Active,3,32,2013-11-19 20:30:06.676257,18747
6123364,290,Active,18,15,2013-11-19 20:30:06.682379,18747
6123365,291,Active,37,21,2013-11-19 20:30:06.688062,18747
6123366,292,Active,8,31,2013-11-19 20:30:06.693274,18747
6123367,293,Active,40,21,2013-11-19 20:30:06.699646,18747
6123368,294,Active,30,8,2013-11-19 20:30:06.704828,18747
6123369,295,Active,3,64,2013-11-19 20:30:06.710155,18747
6123370,296,Active,42,8,2013-11-19 20:30:06.715379,18747
6123371,297,Active,16,35,2013-11-19 20:30:06.720605,18747
6123372,298,Active,10,44,2013-11-19 20:30:06.726874,18747
6123373,299,Active,10,28,2013-11-19 20:30:06.732703,18747
6123374,300,Active,3,38,2013-11-19 20:30:06.738246,18747
6123375,301,Active,42,16,2013-11-19 20:30:06.744251,18747
6123376,302,Active,3,33,2013-11-19 20:30:06.749512,18747
6123377,303,Active,6,34,2013-11-19 20:30:06.754833,18747
6123378,305,Active,8,31,2013-11-19 20:30:06.761816,18747
6123379,306,Active,10,32,2013-11-19 20:30:06.767373,18747
6123380,307,Active,2,47,2013-11-19 20:30:06.77275,18747
6123381,308,Active,29,2,2013-11-19 20:30:06.778319,18747
6123382,309,Active,7,21,2013-11-19 20:30:06.783702,18747
6123383,310,Active,32,6,2013-11-19 20:30:06.789308,18747
6123384,311,Active,25,13,2013-11-19 20:30:06.79553,18747
6123385,312,Active,24,7,2013-11-19 20:30:06.800873,18747
6123386,313,Active,38,1,2013-11-19 20:30:06.806523,18747
6123387,314,Active,8,18,2013-11-19 20:30:06.812457,18747
6123388,315,Active,17,19,2013-11-19 20:30:06.81785,18747
6123389,316,Active,24,5,2013-11-19 20:30:06.823236,18747
6123390,317,Active,10,4,2013-11-19 20:30:06.828772,18747
6123391,318,Active,19,7,2013-11-19 20:30:06.834464,18747
6123392,319,Active,0,30,2013-11-19 20:30:06.840157,18747
6123393,320,Active,30,4,2013-11-19 20:30:06.845868,18747
6123394,321,Active,4,8,2013-11-19 20:30:06.851695,18747
6123395,322,Active,14,34,2013-11-19 20:30:06.858265,18747
6123396,332,Active,17,7,2013-11-19 20:30:06.863599,18747
6123397,327,Active,13,22,2013-11-19 20:30:06.869539,18747
6123398,328,Active,36,3,2013-11-19 20:30:06.875582,18747
6123399,331,Active,5,29,2013-11-19 20:30:06.881133,18747
6123400,323,Active,1,38,2013-11-19 20:30:06.886467,18747
6123401,324,Active,5,38,2013-11-19 20:30:06.891715,18747
6123402,329,Active,15,18,2013-11-19 20:30:06.897362,18747
6123403,325,Active,23,13,2013-11-19 20:30:06.902936,18747
6123404,326,Active,6,17,2013-11-19 20:30:06.908427,18747
6123405,1,Active,11,26,2013-11-19 20:40:05.601934,18748
6123406,2,Active,31,1,2013-11-19 20:40:05.613233,18748
6123407,3,Active,11,15,2013-11-19 20:40:05.618116,18748
6123408,4,Active,27,34,2013-11-19 20:40:05.622747,18748
6123409,5,Active,14,21,2013-11-19 20:40:05.627415,18748
6123410,6,Active,1,17,2013-11-19 20:40:05.632405,18748
6123411,7,Active,8,11,2013-11-19 20:40:05.637237,18748
6123412,8,Active,9,19,2013-11-19 20:40:05.641774,18748
6123413,9,Active,26,3,2013-11-19 20:40:05.646556,18748
6123414,10,Active,41,5,2013-11-19 20:40:05.650902,18748
6123415,11,Active,0,23,2013-11-19 20:40:05.65571,18748
6123416,12,Active,7,12,2013-11-19 20:40:05.660121,18748
6123417,13,Active,7,30,2013-11-19 20:40:05.664574,18748
6123418,14,Active,31,0,2013-11-19 20:40:05.669178,18748
6123419,15,Active,1,30,2013-11-19 20:40:05.675121,18748
6123420,16,Active,31,0,2013-11-19 20:40:05.67967,18748
6123421,17,Active,21,8,2013-11-19 20:40:05.68451,18748
6123422,18,Active,24,30,2013-11-19 20:40:05.689558,18748
6123423,19,Active,2,20,2013-11-19 20:40:05.694312,18748
6123424,20,Active,3,22,2013-11-19 20:40:05.698807,18748
6123425,21,Active,30,4,2013-11-19 20:40:05.703259,18748
6123426,22,Active,34,13,2013-11-19 20:40:05.707543,18748
6123427,23,Active,7,37,2013-11-19 20:40:05.711895,18748
6123428,24,Active,35,11,2013-11-19 20:40:05.717635,18748
6123429,25,Active,48,0,2013-11-19 20:40:05.722482,18748
6123430,26,Active,8,22,2013-11-19 20:40:05.727131,18748
6123431,27,Active,34,9,2013-11-19 20:40:05.732513,18748
6123432,28,Active,26,1,2013-11-19 20:40:05.737225,18748
6123433,29,Active,0,23,2013-11-19 20:40:05.74172,18748
6123434,30,Active,19,20,2013-11-19 20:40:05.746518,18748
6123435,31,Active,3,34,2013-11-19 20:40:05.751079,18748
6123436,32,Active,4,29,2013-11-19 20:40:05.755668,18748
6123437,33,Active,1,26,2013-11-19 20:40:05.760135,18748
6123438,34,Active,31,4,2013-11-19 20:40:05.764967,18748
6123439,35,Active,50,4,2013-11-19 20:40:05.76959,18748
6123440,36,Active,19,5,2013-11-19 20:40:05.774238,18748
6123441,37,Active,0,21,2013-11-19 20:40:05.779568,18748
6123442,38,Active,24,13,2013-11-19 20:40:05.784393,18748
6123443,39,Active,10,27,2013-11-19 20:40:05.788973,18748
6123444,40,Active,11,28,2013-11-19 20:40:05.794055,18748
6123445,41,Active,0,29,2013-11-19 20:40:05.798469,18748
6123446,42,Active,28,3,2013-11-19 20:40:05.802891,18748
6123447,43,Active,1,22,2013-11-19 20:40:05.807839,18748
6123448,44,Active,0,23,2013-11-19 20:40:05.812585,18748
6123449,45,Active,16,23,2013-11-19 20:40:05.817791,18748
6123450,46,Active,9,21,2013-11-19 20:40:05.822235,18748
6123451,47,Active,0,23,2013-11-19 20:40:05.826832,18748
6123452,48,Active,3,14,2013-11-19 20:40:05.831403,18748
6123453,49,Active,14,9,2013-11-19 20:40:05.83587,18748
6123454,50,Active,19,7,2013-11-19 20:40:05.840634,18748
6123455,51,Active,38,1,2013-11-19 20:40:05.845555,18748
6123456,52,Active,27,0,2013-11-19 20:40:05.850199,18748
6123457,53,Active,2,30,2013-11-19 20:40:05.855381,18748
6123458,54,Active,18,29,2013-11-19 20:40:05.859928,18748
6123459,55,Active,1,25,2013-11-19 20:40:05.864695,18748
6123460,56,Active,33,3,2013-11-19 20:40:05.892429,18748
6123461,57,Active,1,22,2013-11-19 20:40:05.898297,18748
6123462,58,Active,29,9,2013-11-19 20:40:05.903649,18748
6123463,59,Active,31,4,2013-11-19 20:40:05.908813,18748
6123464,60,Active,4,22,2013-11-19 20:40:05.916352,18748
6123465,61,Active,14,10,2013-11-19 20:40:05.921845,18748
6123466,62,Active,8,22,2013-11-19 20:40:05.927118,18748
6123467,63,Active,18,9,2013-11-19 20:40:05.932156,18748
6123468,64,Active,15,20,2013-11-19 20:40:05.937444,18748
6123469,65,Active,2,22,2013-11-19 20:40:05.942765,18748
6123470,66,Active,7,45,2013-11-19 20:40:05.949238,18748
6123471,67,Active,25,2,2013-11-19 20:40:05.954695,18748
6123472,68,Active,0,23,2013-11-19 20:40:05.960382,18748
6123473,69,Active,3,34,2013-11-19 20:40:05.966091,18748
6123474,70,Active,2,29,2013-11-19 20:40:05.971429,18748
6123475,71,Active,1,14,2013-11-19 20:40:05.976778,18748
6123476,72,Active,11,14,2013-11-19 20:40:05.982301,18748
6123477,73,Active,3,16,2013-11-19 20:40:05.987604,18748
6123478,74,Active,5,13,2013-11-19 20:40:05.993826,18748
6123479,75,Active,12,16,2013-11-19 20:40:05.998975,18748
6123480,76,Active,36,22,2013-11-19 20:40:06.00571,18748
6123481,77,Active,20,7,2013-11-19 20:40:06.015295,18748
6123482,78,Active,29,11,2013-11-19 20:40:06.021138,18748
6123483,79,Active,39,7,2013-11-19 20:40:06.031386,18748
6123484,80,Active,2,17,2013-11-19 20:40:06.036569,18748
6123485,81,Active,4,25,2013-11-19 20:40:06.042147,18748
6123486,82,Active,1,19,2013-11-19 20:40:06.048529,18748
6123487,83,Active,52,0,2013-11-19 20:40:06.054825,18748
6123488,84,Active,26,3,2013-11-19 20:40:06.060459,18748
6123489,85,Active,0,23,2013-11-19 20:40:06.065845,18748
6123490,86,Active,24,9,2013-11-19 20:40:06.071507,18748
6123491,87,Active,4,22,2013-11-19 20:40:06.077148,18748
6123492,88,Active,4,31,2013-11-19 20:40:06.082464,18748
6123493,89,Active,33,19,2013-11-19 20:40:06.087585,18748
6123494,90,Active,7,28,2013-11-19 20:40:06.09305,18748
6123495,91,Active,2,18,2013-11-19 20:40:06.098621,18748
6123496,92,Active,26,4,2013-11-19 20:40:06.103999,18748
6123497,93,Active,26,8,2013-11-19 20:40:06.109204,18748
6123498,94,Active,14,17,2013-11-19 20:40:06.114405,18748
6123499,95,Active,2,35,2013-11-19 20:40:06.119666,18748
6123500,96,Active,4,26,2013-11-19 20:40:06.125026,18748
6123501,97,Active,21,4,2013-11-19 20:40:06.130173,18748
6123502,98,Active,33,4,2013-11-19 20:40:06.135166,18748
6123503,99,Active,1,33,2013-11-19 20:40:06.140346,18748
6123504,100,Active,11,19,2013-11-19 20:40:06.145904,18748
6123505,101,Active,4,27,2013-11-19 20:40:06.1512,18748
6123506,102,Active,10,11,2013-11-19 20:40:06.156353,18748
6123507,103,Active,3,36,2013-11-19 20:40:06.161857,18748
6123508,104,Active,18,10,2013-11-19 20:40:06.176841,18748
6123509,105,Active,5,38,2013-11-19 20:40:06.182138,18748
6123510,106,Active,8,19,2013-11-19 20:40:06.187356,18748
6123511,107,Active,9,20,2013-11-19 20:40:06.192579,18748
6123512,108,Active,11,21,2013-11-19 20:40:06.197869,18748
6123513,109,Active,28,11,2013-11-19 20:40:06.203202,18748
6123514,110,Inactive,0,3,2013-11-19 20:40:06.20918,18748
6123515,111,Active,2,29,2013-11-19 20:40:06.216,18748
6123516,112,Active,19,18,2013-11-19 20:40:06.243142,18748
6123517,113,Active,49,1,2013-11-19 20:40:06.249074,18748
6123518,114,Active,19,15,2013-11-19 20:40:06.25449,18748
6123519,115,Active,3,21,2013-11-19 20:40:06.259951,18748
6123520,116,Active,9,29,2013-11-19 20:40:06.265585,18748
6123521,117,Active,14,5,2013-11-19 20:40:06.2705,18748
6123522,118,Active,21,10,2013-11-19 20:40:06.275674,18748
6123523,119,Active,18,18,2013-11-19 20:40:06.281221,18748
6123524,120,Active,3,22,2013-11-19 20:40:06.286359,18748
6123525,121,Active,1,22,2013-11-19 20:40:06.291784,18748
6123526,122,Active,6,24,2013-11-19 20:40:06.297125,18748
6123527,123,Active,15,10,2013-11-19 20:40:06.302323,18748
6123528,124,Active,27,8,2013-11-19 20:40:06.30758,18748
6123529,125,Active,32,5,2013-11-19 20:40:06.312987,18748
6123530,126,Active,10,14,2013-11-19 20:40:06.31829,18748
6123531,127,Active,1,25,2013-11-19 20:40:06.323369,18748
6123532,128,Active,14,3,2013-11-19 20:40:06.329342,18748
6123533,129,Active,8,21,2013-11-19 20:40:06.334866,18748
6123534,130,Active,2,20,2013-11-19 20:40:06.340233,18748
6123535,131,Active,7,16,2013-11-19 20:40:06.348169,18748
6123536,132,Active,6,29,2013-11-19 20:40:06.353493,18748
6123537,133,Active,2,23,2013-11-19 20:40:06.358603,18748
6123538,134,Active,30,2,2013-11-19 20:40:06.363805,18748
6123539,135,Active,39,2,2013-11-19 20:40:06.368823,18748
6123540,136,Active,8,14,2013-11-19 20:40:06.374056,18748
6123541,137,Active,2,26,2013-11-19 20:40:06.379214,18748
6123542,138,Active,37,2,2013-11-19 20:40:06.384379,18748
6123543,139,Active,28,6,2013-11-19 20:40:06.389863,18748
6123544,140,Active,7,20,2013-11-19 20:40:06.39532,18748
6123545,141,Active,8,23,2013-11-19 20:40:06.400609,18748
6123546,142,Active,25,17,2013-11-19 20:40:06.406275,18748
6123547,143,Active,5,18,2013-11-19 20:40:06.411514,18748
6123548,144,Active,13,12,2013-11-19 20:40:06.416751,18748
6123549,145,Active,10,24,2013-11-19 20:40:06.42192,18748
6123550,146,Active,44,11,2013-11-19 20:40:06.427083,18748
6123551,147,Active,13,25,2013-11-19 20:40:06.432199,18748
6123552,148,Active,1,42,2013-11-19 20:40:06.437529,18748
6123553,149,Active,10,47,2013-11-19 20:40:06.44284,18748
6123554,150,Active,15,34,2013-11-19 20:40:06.448041,18748
6123555,151,Active,8,19,2013-11-19 20:40:06.453223,18748
6123556,152,Active,2,29,2013-11-19 20:40:06.460232,18748
6123557,153,Active,4,29,2013-11-19 20:40:06.465661,18748
6123558,154,Active,17,15,2013-11-19 20:40:06.470872,18748
6123559,155,Active,8,29,2013-11-19 20:40:06.475998,18748
6123560,156,Active,5,30,2013-11-19 20:40:06.481383,18748
6123561,157,Active,6,21,2013-11-19 20:40:06.486623,18748
6123562,158,Active,5,14,2013-11-19 20:40:06.492238,18748
6123563,159,Active,25,4,2013-11-19 20:40:06.497625,18748
6123564,160,Active,34,9,2013-11-19 20:40:06.503025,18748
6123565,161,Active,46,1,2013-11-19 20:40:06.508007,18748
6123566,162,Active,34,8,2013-11-19 20:40:06.513486,18748
6123567,163,Active,8,31,2013-11-19 20:40:06.519048,18748
6123568,164,Active,32,4,2013-11-19 20:40:06.528317,18748
6123569,165,Active,10,25,2013-11-19 20:40:06.534633,18748
6123570,166,Active,3,28,2013-11-19 20:40:06.540011,18748
6123571,167,Active,3,26,2013-11-19 20:40:06.545536,18748
6123572,168,Active,34,7,2013-11-19 20:40:06.57269,18748
6123573,169,Active,35,1,2013-11-19 20:40:06.578957,18748
6123574,170,Active,33,2,2013-11-19 20:40:06.584197,18748
6123575,171,Active,5,22,2013-11-19 20:40:06.589461,18748
6123576,172,Active,5,26,2013-11-19 20:40:06.594762,18748
6123577,173,Active,1,30,2013-11-19 20:40:06.601158,18748
6123578,174,Active,22,9,2013-11-19 20:40:06.606446,18748
6123579,175,Active,5,26,2013-11-19 20:40:06.612058,18748
6123580,176,Active,5,27,2013-11-19 20:40:06.617934,18748
6123581,177,Active,1,29,2013-11-19 20:40:06.623269,18748
6123582,178,Active,5,20,2013-11-19 20:40:06.629895,18748
6123583,179,Active,5,22,2013-11-19 20:40:06.636258,18748
6123584,180,Active,6,25,2013-11-19 20:40:06.641659,18748
6123585,181,Active,1,26,2013-11-19 20:40:06.647051,18748
6123586,182,Active,3,12,2013-11-19 20:40:06.652432,18748
6123587,183,Active,6,36,2013-11-19 20:40:06.657754,18748
6123588,184,Active,31,11,2013-11-19 20:40:06.663106,18748
6123589,185,Active,12,17,2013-11-19 20:40:06.669638,18748
6123590,186,Active,26,12,2013-11-19 20:40:06.675353,18748
6123591,187,Active,2,33,2013-11-19 20:40:06.680797,18748
6123592,188,Active,8,26,2013-11-19 20:40:06.685973,18748
6123593,189,Active,0,43,2013-11-19 20:40:06.69148,18748
6123594,190,Active,3,19,2013-11-19 20:40:06.696576,18748
6123595,191,Active,10,9,2013-11-19 20:40:06.7021,18748
6123596,192,Active,13,21,2013-11-19 20:40:06.707544,18748
6123597,193,Active,0,22,2013-11-19 20:40:06.71277,18748
6123598,194,Active,1,27,2013-11-19 20:40:06.718195,18748
6123599,195,Active,18,6,2013-11-19 20:40:06.723547,18748
6123600,196,Active,34,6,2013-11-19 20:40:06.732602,18748
6123601,197,Active,1,30,2013-11-19 20:40:06.738061,18748
6123602,198,Active,3,43,2013-11-19 20:40:06.743369,18748
6123603,199,Active,10,13,2013-11-19 20:40:06.7484,18748
6123604,200,Active,1,22,2013-11-19 20:40:06.753908,18748
6123605,201,Active,0,23,2013-11-19 20:40:06.759291,18748
6123606,202,Active,0,19,2013-11-19 20:40:06.76541,18748
6123607,203,Active,9,44,2013-11-19 20:40:06.770912,18748
6123608,204,Active,1,37,2013-11-19 20:40:06.77622,18748
6123609,205,Active,22,6,2013-11-19 20:40:06.781809,18748
6123610,206,Active,29,30,2013-11-19 20:40:06.787272,18748
6123611,207,Active,9,22,2013-11-19 20:40:06.792626,18748
6123612,208,Active,24,3,2013-11-19 20:40:06.797898,18748
6123613,209,Inactive,0,3,2013-11-19 20:40:06.804068,18748
6123614,210,Active,2,29,2013-11-19 20:40:06.80927,18748
6123615,211,Active,4,35,2013-11-19 20:40:06.814715,18748
6123616,212,Active,10,17,2013-11-19 20:40:06.820275,18748
6123617,213,Active,39,6,2013-11-19 20:40:06.825908,18748
6123618,214,Active,2,25,2013-11-19 20:40:06.831639,18748
6123619,215,Active,13,14,2013-11-19 20:40:06.837162,18748
6123620,216,Active,6,21,2013-11-19 20:40:06.842605,18748
6123621,217,Active,5,33,2013-11-19 20:40:06.848177,18748
6123622,218,Active,16,14,2013-11-19 20:40:06.854617,18748
6123623,219,Active,3,30,2013-11-19 20:40:06.859841,18748
6123624,220,Active,24,26,2013-11-19 20:40:06.865518,18748
6123625,221,Active,22,1,2013-11-19 20:40:06.870813,18748
6123626,222,Active,50,2,2013-11-19 20:40:06.876181,18748
6123627,223,Active,9,33,2013-11-19 20:40:06.88222,18748
6123628,224,Active,4,32,2013-11-19 20:40:06.909971,18748
6123629,225,Active,13,16,2013-11-19 20:40:06.916822,18748
6123630,226,Active,4,26,2013-11-19 20:40:06.922335,18748
6123631,227,Active,3,26,2013-11-19 20:40:06.927361,18748
6123632,228,Active,14,43,2013-11-19 20:40:06.932878,18748
6123633,229,Active,6,32,2013-11-19 20:40:06.938608,18748
6123634,230,Active,1,34,2013-11-19 20:40:06.943863,18748
6123635,231,Active,28,10,2013-11-19 20:40:06.949611,18748
6123636,232,Active,25,10,2013-11-19 20:40:06.954852,18748
6123637,233,Active,2,57,2013-11-19 20:40:06.959955,18748
6123638,234,Active,16,13,2013-11-19 20:40:06.965353,18748
6123639,235,Active,16,5,2013-11-19 20:40:06.970539,18748
6123640,236,Active,1,19,2013-11-19 20:40:06.976068,18748
6123641,237,Active,0,38,2013-11-19 20:40:06.981379,18748
6123642,238,Active,21,26,2013-11-19 20:40:06.986536,18748
6123643,239,Active,19,6,2013-11-19 20:40:06.991977,18748
6123644,240,Active,44,14,2013-11-19 20:40:07.000433,18748
6123645,241,Active,15,21,2013-11-19 20:40:07.007904,18748
6123646,242,Active,31,4,2013-11-19 20:40:07.013468,18748
6123647,243,Active,9,25,2013-11-19 20:40:07.019355,18748
6123648,244,Active,4,55,2013-11-19 20:40:07.026018,18748
6123649,245,Active,0,57,2013-11-19 20:40:07.031705,18748
6123650,246,Active,16,21,2013-11-19 20:40:07.03749,18748
6123651,247,Active,18,8,2013-11-19 20:40:07.043026,18748
6123652,248,Active,6,33,2013-11-19 20:40:07.04882,18748
6123653,249,Active,25,17,2013-11-19 20:40:07.054539,18748
6123654,250,Active,26,19,2013-11-19 20:40:07.060674,18748
6123655,251,Active,19,18,2013-11-19 20:40:07.06641,18748
6123656,252,Active,5,41,2013-11-19 20:40:07.072242,18748
6123657,253,Active,2,57,2013-11-19 20:40:07.077818,18748
6123658,254,Active,2,29,2013-11-19 20:40:07.08298,18748
6123659,255,Active,1,29,2013-11-19 20:40:07.089027,18748
6123660,256,Active,12,15,2013-11-19 20:40:07.094913,18748
6123661,257,Active,17,8,2013-11-19 20:40:07.100167,18748
6123662,258,Active,0,38,2013-11-19 20:40:07.107209,18748
6123663,259,Active,14,19,2013-11-19 20:40:07.113142,18748
6123664,260,Active,31,11,2013-11-19 20:40:07.118831,18748
6123665,261,Active,6,29,2013-11-19 20:40:07.124834,18748
6123666,262,Active,9,30,2013-11-19 20:40:07.130369,18748
6123667,263,Active,6,28,2013-11-19 20:40:07.136857,18748
6123668,264,Active,2,37,2013-11-19 20:40:07.142196,18748
6123669,265,Active,31,5,2013-11-19 20:40:07.148718,18748
6123670,266,Active,5,54,2013-11-19 20:40:07.155053,18748
6123671,267,Active,52,1,2013-11-19 20:40:07.160768,18748
6123672,268,Active,11,38,2013-11-19 20:40:07.166401,18748
6123673,269,Active,28,6,2013-11-19 20:40:07.172061,18748
6123674,270,Active,9,25,2013-11-19 20:40:07.177785,18748
6123675,271,Active,6,19,2013-11-19 20:40:07.183702,18748
6123676,272,Active,39,4,2013-11-19 20:40:07.189371,18748
6123677,273,Active,40,17,2013-11-19 20:40:07.194975,18748
6123678,274,Active,4,25,2013-11-19 20:40:07.200626,18748
6123679,275,Active,1,33,2013-11-19 20:40:07.205999,18748
6123680,276,Active,37,13,2013-11-19 20:40:07.211624,18748
6123681,277,Active,1,40,2013-11-19 20:40:07.217114,18748
6123682,330,Active,2,27,2013-11-19 20:40:07.222757,18748
6123683,278,Active,24,5,2013-11-19 20:40:07.228552,18748
6123684,279,Active,2,43,2013-11-19 20:40:07.256828,18748
6123685,280,Active,2,30,2013-11-19 20:40:07.262634,18748
6123686,281,Active,4,41,2013-11-19 20:40:07.268281,18748
6123687,282,Active,2,22,2013-11-19 20:40:07.273931,18748
6123688,283,Active,11,21,2013-11-19 20:40:07.2796,18748
6123689,284,Active,39,11,2013-11-19 20:40:07.290535,18748
6123690,285,Active,2,31,2013-11-19 20:40:07.295765,18748
6123691,286,Active,5,21,2013-11-19 20:40:07.301356,18748
6123692,287,Active,8,18,2013-11-19 20:40:07.307461,18748
6123693,288,Active,6,47,2013-11-19 20:40:07.313391,18748
6123694,289,Active,4,31,2013-11-19 20:40:07.319954,18748
6123695,290,Active,18,15,2013-11-19 20:40:07.325929,18748
6123696,291,Active,37,21,2013-11-19 20:40:07.331746,18748
6123697,292,Active,8,31,2013-11-19 20:40:07.337404,18748
6123698,293,Active,40,21,2013-11-19 20:40:07.343061,18748
6123699,294,Active,31,7,2013-11-19 20:40:07.348807,18748
6123700,295,Active,6,61,2013-11-19 20:40:07.356189,18748
6123701,296,Active,42,8,2013-11-19 20:40:07.361872,18748
6123702,297,Active,16,35,2013-11-19 20:40:07.36737,18748
6123703,298,Active,8,46,2013-11-19 20:40:07.372744,18748
6123704,299,Active,10,28,2013-11-19 20:40:07.378569,18748
6123705,300,Active,2,38,2013-11-19 20:40:07.384563,18748
6123706,301,Active,43,15,2013-11-19 20:40:07.390503,18748
6123707,302,Active,2,34,2013-11-19 20:40:07.396207,18748
6123708,303,Active,3,37,2013-11-19 20:40:07.401982,18748
6123709,305,Active,9,30,2013-11-19 20:40:07.407582,18748
6123710,306,Active,10,32,2013-11-19 20:40:07.413459,18748
6123711,307,Active,2,47,2013-11-19 20:40:07.419136,18748
6123712,308,Active,29,2,2013-11-19 20:40:07.428556,18748
6123713,309,Active,8,20,2013-11-19 20:40:07.434773,18748
6123714,310,Active,32,6,2013-11-19 20:40:07.440717,18748
6123715,311,Active,24,14,2013-11-19 20:40:07.445997,18748
6123716,312,Active,24,7,2013-11-19 20:40:07.452525,18748
6123717,313,Active,36,3,2013-11-19 20:40:07.458491,18748
6123718,314,Active,7,19,2013-11-19 20:40:07.464179,18748
6123719,315,Active,16,20,2013-11-19 20:40:07.470255,18748
6123720,316,Active,23,6,2013-11-19 20:40:07.476268,18748
6123721,317,Active,9,5,2013-11-19 20:40:07.482,18748
6123722,318,Active,19,7,2013-11-19 20:40:07.487869,18748
6123723,319,Active,1,29,2013-11-19 20:40:07.494023,18748
6123724,320,Active,29,5,2013-11-19 20:40:07.499927,18748
6123725,321,Active,4,8,2013-11-19 20:40:07.50625,18748
6123726,322,Active,14,34,2013-11-19 20:40:07.512373,18748
6123727,332,Active,17,7,2013-11-19 20:40:07.518041,18748
6123728,327,Active,11,24,2013-11-19 20:40:07.523906,18748
6123729,328,Active,36,3,2013-11-19 20:40:07.529359,18748
6123730,331,Active,5,29,2013-11-19 20:40:07.536394,18748
6123731,323,Active,0,39,2013-11-19 20:40:07.542479,18748
6123732,324,Active,5,38,2013-11-19 20:40:07.547841,18748
6123733,329,Active,17,16,2013-11-19 20:40:07.553571,18748
6123734,325,Active,22,14,2013-11-19 20:40:07.559646,18748
6123735,326,Active,6,17,2013-11-19 20:40:07.568819,18748
6123736,1,Active,11,26,2013-11-19 20:50:05.517481,18749
6123737,2,Active,31,1,2013-11-19 20:50:05.536319,18749
6123738,3,Active,11,15,2013-11-19 20:50:05.582191,18749
6123739,4,Active,27,34,2013-11-19 20:50:05.587968,18749
6123740,5,Active,16,19,2013-11-19 20:50:05.59333,18749
6123741,6,Active,1,17,2013-11-19 20:50:05.598341,18749
6123742,7,Active,8,11,2013-11-19 20:50:05.603783,18749
6123743,8,Active,7,21,2013-11-19 20:50:05.609269,18749
6123744,9,Active,28,1,2013-11-19 20:50:05.613834,18749
6123745,10,Active,39,7,2013-11-19 20:50:05.618533,18749
6123746,11,Active,0,23,2013-11-19 20:50:05.651611,18749
6123747,12,Active,7,12,2013-11-19 20:50:05.658563,18749
6123748,13,Active,8,29,2013-11-19 20:50:05.663741,18749
6123749,14,Active,31,0,2013-11-19 20:50:05.66879,18749
6123750,15,Active,1,30,2013-11-19 20:50:05.674796,18749
6123751,16,Active,30,1,2013-11-19 20:50:05.679655,18749
6123752,17,Active,21,8,2013-11-19 20:50:05.685019,18749
6123753,18,Active,26,28,2013-11-19 20:50:05.690618,18749
6123754,19,Active,2,21,2013-11-19 20:50:05.724665,18749
6123755,20,Active,3,22,2013-11-19 20:50:05.730994,18749
6123756,21,Active,31,3,2013-11-19 20:50:05.737241,18749
6123757,22,Active,34,13,2013-11-19 20:50:05.74278,18749
6123758,23,Active,8,36,2013-11-19 20:50:05.749625,18749
6123759,24,Active,36,10,2013-11-19 20:50:05.755588,18749
6123760,25,Active,48,0,2013-11-19 20:50:05.760888,18749
6123761,26,Active,8,22,2013-11-19 20:50:05.793413,18749
6123762,27,Active,33,10,2013-11-19 20:50:05.798875,18749
6123763,28,Active,26,1,2013-11-19 20:50:05.804497,18749
6123764,29,Active,0,23,2013-11-19 20:50:05.813525,18749
6123765,30,Active,19,20,2013-11-19 20:50:05.820334,18749
6123766,31,Active,2,35,2013-11-19 20:50:05.825458,18749
6123767,32,Active,5,28,2013-11-19 20:50:05.830394,18749
6123768,33,Active,1,26,2013-11-19 20:50:05.863034,18749
6123769,34,Active,32,3,2013-11-19 20:50:05.86918,18749
6123770,35,Active,50,4,2013-11-19 20:50:05.874944,18749
6123771,36,Active,14,10,2013-11-19 20:50:05.880493,18749
6123772,37,Active,0,21,2013-11-19 20:50:05.88647,18749
6123773,38,Active,22,15,2013-11-19 20:50:05.89261,18749
6123774,39,Active,10,27,2013-11-19 20:50:05.897638,18749
6123775,40,Active,10,29,2013-11-19 20:50:05.90241,18749
6123776,41,Active,0,29,2013-11-19 20:50:05.933629,18749
6123777,42,Active,28,3,2013-11-19 20:50:05.938765,18749
6123778,43,Active,2,21,2013-11-19 20:50:05.943617,18749
6123779,44,Active,0,23,2013-11-19 20:50:05.948698,18749
6123780,45,Active,16,23,2013-11-19 20:50:05.955254,18749
6123781,46,Active,10,20,2013-11-19 20:50:05.960239,18749
6123782,47,Active,0,23,2013-11-19 20:50:05.965421,18749
6123783,48,Active,3,14,2013-11-19 20:50:05.970209,18749
6123784,49,Active,14,9,2013-11-19 20:50:05.975224,18749
6123785,50,Active,19,7,2013-11-19 20:50:06.011697,18749
6123786,51,Active,39,0,2013-11-19 20:50:06.023023,18749
6123787,52,Active,27,0,2013-11-19 20:50:06.028053,18749
6123788,53,Active,2,30,2013-11-19 20:50:06.032803,18749
6123789,54,Active,16,31,2013-11-19 20:50:06.038318,18749
6123790,55,Active,0,26,2013-11-19 20:50:06.043332,18749
6123791,56,Active,33,3,2013-11-19 20:50:06.101418,18749
6123792,57,Active,1,22,2013-11-19 20:50:06.107651,18749
6123793,58,Active,28,10,2013-11-19 20:50:06.114275,18749
6123794,59,Active,31,4,2013-11-19 20:50:06.120462,18749
6123795,60,Active,4,22,2013-11-19 20:50:06.125618,18749
6123796,61,Active,13,11,2013-11-19 20:50:06.132323,18749
6123797,62,Active,10,20,2013-11-19 20:50:06.138337,18749
6123798,63,Active,18,9,2013-11-19 20:50:06.146929,18749
6123799,64,Active,15,20,2013-11-19 20:50:06.154745,18749
6123800,65,Active,1,23,2013-11-19 20:50:06.162738,18749
6123801,66,Active,11,41,2013-11-19 20:50:06.170199,18749
6123802,67,Active,25,2,2013-11-19 20:50:06.177218,18749
6123803,68,Active,0,23,2013-11-19 20:50:06.183795,18749
6123804,69,Active,5,32,2013-11-19 20:50:06.190681,18749
6123805,70,Active,2,29,2013-11-19 20:50:06.197169,18749
6123806,71,Active,1,14,2013-11-19 20:50:06.204601,18749
6123807,72,Active,12,13,2013-11-19 20:50:06.210595,18749
6123808,73,Active,3,16,2013-11-19 20:50:06.216311,18749
6123809,74,Active,4,14,2013-11-19 20:50:06.222145,18749
6123810,75,Active,9,19,2013-11-19 20:50:06.227388,18749
6123811,76,Active,37,21,2013-11-19 20:50:06.233374,18749
6123812,77,Active,20,7,2013-11-19 20:50:06.239516,18749
6123813,78,Active,26,14,2013-11-19 20:50:06.245721,18749
6123814,79,Active,36,10,2013-11-19 20:50:06.251468,18749
6123815,80,Active,2,17,2013-11-19 20:50:06.257518,18749
6123816,81,Active,7,22,2013-11-19 20:50:06.291327,18749
6123817,82,Active,1,19,2013-11-19 20:50:06.297928,18749
6123818,83,Active,51,1,2013-11-19 20:50:06.30334,18749
6123819,84,Active,27,2,2013-11-19 20:50:06.309199,18749
6123820,85,Active,1,22,2013-11-19 20:50:06.315363,18749
6123821,86,Active,24,9,2013-11-19 20:50:06.321167,18749
6123822,87,Active,5,21,2013-11-19 20:50:06.326831,18749
6123823,88,Active,4,31,2013-11-19 20:50:06.359872,18749
6123824,89,Active,32,20,2013-11-19 20:50:06.367185,18749
6123825,90,Active,6,29,2013-11-19 20:50:06.374449,18749
6123826,91,Active,2,18,2013-11-19 20:50:06.38089,18749
6123827,92,Active,27,3,2013-11-19 20:50:06.3867,18749
6123828,93,Active,25,9,2013-11-19 20:50:06.393289,18749
6123829,94,Active,14,17,2013-11-19 20:50:06.429046,18749
6123830,95,Active,4,33,2013-11-19 20:50:06.437401,18749
6123831,96,Active,3,27,2013-11-19 20:50:06.444045,18749
6123832,97,Active,20,5,2013-11-19 20:50:06.449776,18749
6123833,98,Active,33,4,2013-11-19 20:50:06.456409,18749
6123834,99,Active,1,33,2013-11-19 20:50:06.462179,18749
6123835,100,Active,11,19,2013-11-19 20:50:06.468747,18749
6123836,101,Active,4,27,2013-11-19 20:50:06.501532,18749
6123837,102,Active,10,11,2013-11-19 20:50:06.50821,18749
6123838,103,Active,3,36,2013-11-19 20:50:06.514353,18749
6123839,104,Active,18,10,2013-11-19 20:50:06.520392,18749
6123840,105,Active,4,39,2013-11-19 20:50:06.52729,18749
6123841,106,Active,6,21,2013-11-19 20:50:06.53344,18749
6123842,107,Active,6,23,2013-11-19 20:50:06.539494,18749
6123843,108,Active,11,21,2013-11-19 20:50:06.571392,18749
6123844,109,Active,27,12,2013-11-19 20:50:06.57772,18749
6123845,110,Inactive,0,3,2013-11-19 20:50:06.583207,18749
6123846,111,Active,1,30,2013-11-19 20:50:06.589192,18749
6123847,112,Active,19,18,2013-11-19 20:50:06.61822,18749
6123848,113,Active,49,1,2013-11-19 20:50:06.640127,18749
6123849,114,Active,16,18,2013-11-19 20:50:06.646731,18749
6123850,115,Active,1,23,2013-11-19 20:50:06.652621,18749
6123851,116,Active,7,31,2013-11-19 20:50:06.659127,18749
6123852,117,Active,13,6,2013-11-19 20:50:06.665451,18749
6123853,118,Active,21,10,2013-11-19 20:50:06.671478,18749
6123854,119,Active,19,17,2013-11-19 20:50:06.677716,18749
6123855,120,Active,3,22,2013-11-19 20:50:06.709876,18749
6123856,121,Active,1,22,2013-11-19 20:50:06.718852,18749
6123857,122,Active,4,26,2013-11-19 20:50:06.725675,18749
6123858,123,Active,16,9,2013-11-19 20:50:06.732496,18749
6123859,124,Active,24,11,2013-11-19 20:50:06.738939,18749
6123860,125,Active,32,5,2013-11-19 20:50:06.745328,18749
6123861,126,Active,10,14,2013-11-19 20:50:06.780791,18749
6123862,127,Active,1,25,2013-11-19 20:50:06.787766,18749
6123863,128,Active,13,5,2013-11-19 20:50:06.793448,18749
6123864,129,Active,8,21,2013-11-19 20:50:06.800675,18749
6123865,130,Active,2,20,2013-11-19 20:50:06.807415,18749
6123866,131,Active,7,16,2013-11-19 20:50:06.813219,18749
6123867,132,Active,6,29,2013-11-19 20:50:06.819473,18749
6123868,133,Active,0,25,2013-11-19 20:50:06.85196,18749
6123869,134,Active,28,4,2013-11-19 20:50:06.860223,18749
6123870,135,Active,39,2,2013-11-19 20:50:06.867469,18749
6123871,136,Active,7,15,2013-11-19 20:50:06.873973,18749
6123872,137,Active,3,25,2013-11-19 20:50:06.88011,18749
6123873,138,Active,37,2,2013-11-19 20:50:06.885882,18749
6123874,139,Active,29,7,2013-11-19 20:50:06.918941,18749
6123875,140,Active,7,20,2013-11-19 20:50:06.925555,18749
6123876,141,Active,9,22,2013-11-19 20:50:06.93167,18749
6123877,142,Active,24,18,2013-11-19 20:50:06.937918,18749
6123878,143,Active,5,18,2013-11-19 20:50:06.94581,18749
6123879,144,Active,12,13,2013-11-19 20:50:06.952501,18749
6123880,145,Active,12,22,2013-11-19 20:50:06.959205,18749
6123881,146,Active,42,13,2013-11-19 20:50:06.992319,18749
6123882,147,Active,12,26,2013-11-19 20:50:06.999236,18749
6123883,148,Active,2,41,2013-11-19 20:50:07.005533,18749
6123884,149,Active,10,47,2013-11-19 20:50:07.012044,18749
6123885,150,Active,15,34,2013-11-19 20:50:07.017894,18749
6123886,151,Active,8,19,2013-11-19 20:50:07.023406,18749
6123887,152,Active,2,29,2013-11-19 20:50:07.030223,18749
6123888,153,Active,3,30,2013-11-19 20:50:07.061568,18749
6123889,154,Active,16,16,2013-11-19 20:50:07.068148,18749
6123890,155,Active,8,29,2013-11-19 20:50:07.074782,18749
6123891,156,Active,6,29,2013-11-19 20:50:07.081287,18749
6123892,157,Active,5,22,2013-11-19 20:50:07.08802,18749
6123893,158,Active,5,14,2013-11-19 20:50:07.094967,18749
6123894,159,Active,24,5,2013-11-19 20:50:07.105014,18749
6123895,160,Active,33,10,2013-11-19 20:50:07.111757,18749
6123896,161,Active,47,0,2013-11-19 20:50:07.118146,18749
6123897,162,Active,36,6,2013-11-19 20:50:07.124809,18749
6123898,163,Active,9,30,2013-11-19 20:50:07.131754,18749
6123899,164,Active,33,3,2013-11-19 20:50:07.139438,18749
6123900,165,Active,10,25,2013-11-19 20:50:07.148011,18749
6123901,166,Active,3,28,2013-11-19 20:50:07.158769,18749
6123902,167,Active,3,26,2013-11-19 20:50:07.16574,18749
6123903,168,Active,34,7,2013-11-19 20:50:07.19834,18749
6123904,169,Active,36,0,2013-11-19 20:50:07.204444,18749
6123905,170,Active,33,2,2013-11-19 20:50:07.210049,18749
6123906,171,Active,5,22,2013-11-19 20:50:07.215623,18749
6123907,172,Active,5,26,2013-11-19 20:50:07.221409,18749
6123908,173,Active,1,30,2013-11-19 20:50:07.227513,18749
6123909,174,Active,22,9,2013-11-19 20:50:07.232802,18749
6123910,175,Active,5,26,2013-11-19 20:50:07.238176,18749
6123911,176,Active,7,25,2013-11-19 20:50:07.24357,18749
6123912,177,Active,1,29,2013-11-19 20:50:07.249274,18749
6123913,178,Active,5,20,2013-11-19 20:50:07.283384,18749
6123914,179,Active,6,21,2013-11-19 20:50:07.291461,18749
6123915,180,Active,6,25,2013-11-19 20:50:07.298272,18749
6123916,181,Active,1,26,2013-11-19 20:50:07.305385,18749
6123917,182,Active,4,11,2013-11-19 20:50:07.311572,18749
6123918,183,Active,5,37,2013-11-19 20:50:07.317534,18749
6123919,184,Active,33,9,2013-11-19 20:50:07.32378,18749
6123920,185,Active,13,16,2013-11-19 20:50:07.329224,18749
6123921,186,Active,26,12,2013-11-19 20:50:07.336317,18749
6123922,187,Active,2,33,2013-11-19 20:50:07.342928,18749
6123923,188,Active,8,26,2013-11-19 20:50:07.351817,18749
6123924,189,Active,0,43,2013-11-19 20:50:07.360202,18749
6123925,190,Active,3,19,2013-11-19 20:50:07.368072,18749
6123926,191,Active,10,9,2013-11-19 20:50:07.375439,18749
6123927,192,Active,13,21,2013-11-19 20:50:07.383565,18749
6123928,193,Active,0,22,2013-11-19 20:50:07.391095,18749
6123929,194,Active,4,24,2013-11-19 20:50:07.398635,18749
6123930,195,Active,16,8,2013-11-19 20:50:07.406012,18749
6123931,196,Active,34,6,2013-11-19 20:50:07.413467,18749
6123932,197,Active,1,30,2013-11-19 20:50:07.419868,18749
6123933,198,Active,3,43,2013-11-19 20:50:07.426575,18749
6123934,199,Active,10,13,2013-11-19 20:50:07.432481,18749
6123935,200,Active,1,22,2013-11-19 20:50:07.441429,18749
6123936,201,Active,0,23,2013-11-19 20:50:07.448065,18749
6123937,202,Active,0,19,2013-11-19 20:50:07.454255,18749
6123938,203,Active,8,45,2013-11-19 20:50:07.460724,18749
6123939,204,Active,0,38,2013-11-19 20:50:07.49423,18749
6123940,205,Active,20,8,2013-11-19 20:50:07.501434,18749
6123941,206,Active,29,30,2013-11-19 20:50:07.508634,18749
6123942,207,Active,9,22,2013-11-19 20:50:07.515065,18749
6123943,208,Active,25,2,2013-11-19 20:50:07.521456,18749
6123944,209,Inactive,0,3,2013-11-19 20:50:07.528064,18749
6123945,210,Active,3,28,2013-11-19 20:50:07.538726,18749
6123946,211,Active,4,35,2013-11-19 20:50:07.545682,18749
6123947,212,Active,11,16,2013-11-19 20:50:07.552404,18749
6123948,213,Active,36,9,2013-11-19 20:50:07.558366,18749
6123949,214,Active,2,25,2013-11-19 20:50:07.565467,18749
6123950,215,Active,13,14,2013-11-19 20:50:07.572986,18749
6123951,216,Active,9,18,2013-11-19 20:50:07.580262,18749
6123952,217,Active,4,34,2013-11-19 20:50:07.587587,18749
6123953,218,Active,15,15,2013-11-19 20:50:07.594204,18749
6123954,219,Active,3,30,2013-11-19 20:50:07.600913,18749
6123955,220,Active,25,25,2013-11-19 20:50:07.610652,18749
6123956,221,Active,22,1,2013-11-19 20:50:07.617269,18749
6123957,222,Active,51,1,2013-11-19 20:50:07.623271,18749
6123958,223,Active,9,33,2013-11-19 20:50:07.629288,18749
6123959,224,Active,5,31,2013-11-19 20:50:07.661184,18749
6123960,225,Active,13,16,2013-11-19 20:50:07.668429,18749
6123961,226,Active,6,24,2013-11-19 20:50:07.673822,18749
6123962,227,Active,3,26,2013-11-19 20:50:07.679635,18749
6123963,228,Active,14,43,2013-11-19 20:50:07.685265,18749
6123964,229,Active,9,29,2013-11-19 20:50:07.691127,18749
6123965,230,Active,1,34,2013-11-19 20:50:07.696853,18749
6123966,231,Active,28,10,2013-11-19 20:50:07.703538,18749
6123967,232,Active,25,10,2013-11-19 20:50:07.709169,18749
6123968,233,Active,2,57,2013-11-19 20:50:07.716087,18749
6123969,234,Active,18,11,2013-11-19 20:50:07.723108,18749
6123970,235,Active,17,4,2013-11-19 20:50:07.728962,18749
6123971,236,Active,1,19,2013-11-19 20:50:07.734557,18749
6123972,237,Active,0,38,2013-11-19 20:50:07.73998,18749
6123973,238,Active,19,28,2013-11-19 20:50:07.745824,18749
6123974,239,Active,17,8,2013-11-19 20:50:07.782575,18749
6123975,240,Active,44,14,2013-11-19 20:50:07.791179,18749
6123976,241,Active,17,19,2013-11-19 20:50:07.803287,18749
6123977,242,Active,29,6,2013-11-19 20:50:07.809691,18749
6123978,243,Active,9,25,2013-11-19 20:50:07.816357,18749
6123979,244,Active,4,55,2013-11-19 20:50:07.822065,18749
6123980,245,Active,0,57,2013-11-19 20:50:07.8278,18749
6123981,246,Active,15,22,2013-11-19 20:50:07.861296,18749
6123982,247,Active,17,9,2013-11-19 20:50:07.868773,18749
6123983,248,Active,6,33,2013-11-19 20:50:07.874999,18749
6123984,249,Active,25,17,2013-11-19 20:50:07.881611,18749
6123985,250,Active,28,17,2013-11-19 20:50:07.888374,18749
6123986,251,Active,15,22,2013-11-19 20:50:07.895507,18749
6123987,252,Active,4,42,2013-11-19 20:50:07.90204,18749
6123988,253,Active,4,55,2013-11-19 20:50:07.907493,18749
6123989,254,Active,1,30,2013-11-19 20:50:07.913198,18749
6123990,255,Active,1,29,2013-11-19 20:50:07.919158,18749
6123991,256,Active,11,16,2013-11-19 20:50:07.924581,18749
6123992,257,Active,18,7,2013-11-19 20:50:07.93345,18749
6123993,258,Active,0,38,2013-11-19 20:50:07.93905,18749
6123994,259,Active,13,20,2013-11-19 20:50:07.944762,18749
6123995,260,Active,30,12,2013-11-19 20:50:07.950659,18749
6123996,261,Active,6,29,2013-11-19 20:50:07.956828,18749
6123997,262,Active,6,33,2013-11-19 20:50:07.962462,18749
6123998,263,Active,8,26,2013-11-19 20:50:07.968599,18749
6123999,264,Active,4,35,2013-11-19 20:50:07.974624,18749
6124000,265,Active,31,5,2013-11-19 20:50:07.980238,18749
6124001,266,Active,7,52,2013-11-19 20:50:07.989825,18749
6124002,267,Active,52,1,2013-11-19 20:50:07.996033,18749
6124003,268,Active,10,39,2013-11-19 20:50:08.001322,18749
6124004,269,Active,28,6,2013-11-19 20:50:08.006791,18749
6124005,270,Active,7,27,2013-11-19 20:50:08.012816,18749
6124006,271,Active,6,19,2013-11-19 20:50:08.018992,18749
6124007,272,Active,39,4,2013-11-19 20:50:08.024218,18749
6124008,273,Active,36,20,2013-11-19 20:50:08.030065,18749
6124009,274,Active,4,25,2013-11-19 20:50:08.035668,18749
6124010,275,Active,1,33,2013-11-19 20:50:08.041637,18749
6124011,276,Active,41,9,2013-11-19 20:50:08.047435,18749
6124012,277,Active,2,39,2013-11-19 20:50:08.053754,18749
6124013,330,Active,1,28,2013-11-19 20:50:08.059543,18749
6124014,278,Active,23,6,2013-11-19 20:50:08.065701,18749
6124015,279,Active,5,40,2013-11-19 20:50:08.095468,18749
6124016,280,Active,2,30,2013-11-19 20:50:08.102968,18749
6124017,281,Active,3,42,2013-11-19 20:50:08.1109,18749
6124018,282,Active,2,22,2013-11-19 20:50:08.117603,18749
6124019,283,Active,11,21,2013-11-19 20:50:08.124851,18749
6124020,284,Active,39,11,2013-11-19 20:50:08.130799,18749
6124021,285,Active,1,32,2013-11-19 20:50:08.136555,18749
6124022,286,Active,5,21,2013-11-19 20:50:08.14233,18749
6124023,287,Active,5,21,2013-11-19 20:50:08.149705,18749
6124024,288,Active,6,47,2013-11-19 20:50:08.155716,18749
6124025,289,Active,4,31,2013-11-19 20:50:08.161295,18749
6124026,290,Active,16,17,2013-11-19 20:50:08.16713,18749
6124027,291,Active,35,23,2013-11-19 20:50:08.172751,18749
6124028,292,Active,7,32,2013-11-19 20:50:08.178574,18749
6124029,293,Active,43,18,2013-11-19 20:50:08.18405,18749
6124030,294,Active,30,8,2013-11-19 20:50:08.189614,18749
6124031,295,Active,5,62,2013-11-19 20:50:08.19502,18749
6124032,296,Active,42,8,2013-11-19 20:50:08.200336,18749
6124033,297,Active,14,37,2013-11-19 20:50:08.20583,18749
6124034,298,Active,8,46,2013-11-19 20:50:08.211598,18749
6124035,299,Active,10,28,2013-11-19 20:50:08.217354,18749
6124036,300,Active,1,39,2013-11-19 20:50:08.222975,18749
6124037,301,Active,43,15,2013-11-19 20:50:08.228336,18749
6124038,302,Active,2,34,2013-11-19 20:50:08.233881,18749
6124039,303,Active,3,37,2013-11-19 20:50:08.239572,18749
6124040,305,Active,10,29,2013-11-19 20:50:08.244795,18749
6124041,306,Active,10,32,2013-11-19 20:50:08.249919,18749
6124042,307,Active,1,48,2013-11-19 20:50:08.255246,18749
6124043,308,Active,29,2,2013-11-19 20:50:08.260273,18749
6124044,309,Active,7,21,2013-11-19 20:50:08.265678,18749
6124045,310,Active,31,7,2013-11-19 20:50:08.273692,18749
6124046,311,Active,22,16,2013-11-19 20:50:08.280128,18749
6124047,312,Active,22,9,2013-11-19 20:50:08.286445,18749
6124048,313,Active,38,1,2013-11-19 20:50:08.292152,18749
6124049,314,Active,7,19,2013-11-19 20:50:08.297624,18749
6124050,315,Active,16,20,2013-11-19 20:50:08.30371,18749
6124051,316,Active,23,6,2013-11-19 20:50:08.309624,18749
6124052,317,Active,9,5,2013-11-19 20:50:08.31676,18749
6124053,318,Active,19,7,2013-11-19 20:50:08.32266,18749
6124054,319,Active,1,29,2013-11-19 20:50:08.330137,18749
6124055,320,Active,30,4,2013-11-19 20:50:08.33664,18749
6124056,321,Active,4,8,2013-11-19 20:50:08.342214,18749
6124057,322,Active,14,34,2013-11-19 20:50:08.348089,18749
6124058,332,Active,17,7,2013-11-19 20:50:08.353829,18749
6124059,327,Active,11,24,2013-11-19 20:50:08.359679,18749
6124060,328,Active,39,0,2013-11-19 20:50:08.365293,18749
6124061,331,Active,4,30,2013-11-19 20:50:08.370948,18749
6124062,323,Active,0,39,2013-11-19 20:50:08.377261,18749
6124063,324,Active,9,34,2013-11-19 20:50:08.383013,18749
6124064,329,Active,15,18,2013-11-19 20:50:08.388817,18749
6124065,325,Active,22,14,2013-11-19 20:50:08.395706,18749
6124066,326,Active,7,16,2013-11-19 20:50:08.401738,18749
6124067,1,Active,10,27,2013-11-19 21:00:05.145912,18750
6124068,2,Active,31,1,2013-11-19 21:00:05.159213,18750
6124069,3,Active,11,15,2013-11-19 21:00:05.164056,18750
6124070,4,Active,27,34,2013-11-19 21:00:05.168617,18750
6124071,5,Active,16,19,2013-11-19 21:00:05.173381,18750
6124072,6,Active,1,17,2013-11-19 21:00:05.178122,18750
6124073,7,Active,8,11,2013-11-19 21:00:05.182797,18750
6124074,8,Active,7,21,2013-11-19 21:00:05.187303,18750
6124075,9,Active,26,3,2013-11-19 21:00:05.191835,18750
6124076,10,Active,40,6,2013-11-19 21:00:05.196384,18750
6124077,11,Active,0,23,2013-11-19 21:00:05.201189,18750
6124078,12,Active,6,13,2013-11-19 21:00:05.205948,18750
6124079,13,Active,9,28,2013-11-19 21:00:05.210844,18750
6124080,14,Active,30,1,2013-11-19 21:00:05.215223,18750
6124081,15,Active,2,29,2013-11-19 21:00:05.219648,18750
6124082,16,Active,27,4,2013-11-19 21:00:05.224129,18750
6124083,17,Active,21,8,2013-11-19 21:00:05.228812,18750
6124084,18,Active,26,28,2013-11-19 21:00:05.233304,18750
6124085,19,Active,2,20,2013-11-19 21:00:05.237819,18750
6124086,20,Active,3,22,2013-11-19 21:00:05.242194,18750
6124087,21,Active,33,1,2013-11-19 21:00:05.246714,18750
6124088,22,Active,34,13,2013-11-19 21:00:05.251661,18750
6124089,23,Active,7,37,2013-11-19 21:00:05.256333,18750
6124090,24,Active,41,5,2013-11-19 21:00:05.266094,18750
6124091,25,Active,46,2,2013-11-19 21:00:05.271402,18750
6124092,26,Active,8,22,2013-11-19 21:00:05.277575,18750
6124093,27,Active,34,9,2013-11-19 21:00:05.282609,18750
6124094,28,Active,25,2,2013-11-19 21:00:05.287719,18750
6124095,29,Active,0,23,2013-11-19 21:00:05.29223,18750
6124096,30,Active,19,20,2013-11-19 21:00:05.296791,18750
6124097,31,Active,1,36,2013-11-19 21:00:05.301389,18750
6124098,32,Active,4,29,2013-11-19 21:00:05.305817,18750
6124099,33,Active,2,25,2013-11-19 21:00:05.310476,18750
6124100,34,Active,31,4,2013-11-19 21:00:05.314876,18750
6124101,35,Active,50,4,2013-11-19 21:00:05.319357,18750
6124102,36,Active,13,11,2013-11-19 21:00:05.325133,18750
6124103,37,Active,0,21,2013-11-19 21:00:05.329842,18750
6124104,38,Active,20,17,2013-11-19 21:00:05.335104,18750
6124105,39,Active,9,28,2013-11-19 21:00:05.339598,18750
6124106,40,Active,8,31,2013-11-19 21:00:05.344184,18750
6124107,41,Active,1,28,2013-11-19 21:00:05.349065,18750
6124108,42,Active,28,3,2013-11-19 21:00:05.353572,18750
6124109,43,Active,0,23,2013-11-19 21:00:05.358046,18750
6124110,44,Active,0,23,2013-11-19 21:00:05.362514,18750
6124111,45,Active,18,21,2013-11-19 21:00:05.367287,18750
6124112,46,Active,10,20,2013-11-19 21:00:05.371768,18750
6124113,47,Active,0,23,2013-11-19 21:00:05.378025,18750
6124114,48,Active,2,15,2013-11-19 21:00:05.382578,18750
6124115,49,Active,15,8,2013-11-19 21:00:05.387047,18750
6124116,50,Active,19,7,2013-11-19 21:00:05.391584,18750
6124117,51,Active,37,2,2013-11-19 21:00:05.396324,18750
6124118,52,Active,24,3,2013-11-19 21:00:05.401049,18750
6124119,53,Active,3,29,2013-11-19 21:00:05.405527,18750
6124120,54,Active,15,32,2013-11-19 21:00:05.410091,18750
6124121,55,Active,1,25,2013-11-19 21:00:05.414847,18750
6124122,56,Active,34,2,2013-11-19 21:00:05.44288,18750
6124123,57,Active,0,23,2013-11-19 21:00:05.44911,18750
6124124,58,Active,28,10,2013-11-19 21:00:05.454753,18750
6124125,59,Active,31,4,2013-11-19 21:00:05.460207,18750
6124126,60,Active,4,22,2013-11-19 21:00:05.466052,18750
6124127,61,Active,12,12,2013-11-19 21:00:05.47122,18750
6124128,62,Active,11,19,2013-11-19 21:00:05.476746,18750
6124129,63,Active,18,9,2013-11-19 21:00:05.482582,18750
6124130,64,Active,14,21,2013-11-19 21:00:05.488469,18750
6124131,65,Active,1,23,2013-11-19 21:00:05.495533,18750
6124132,66,Active,14,38,2013-11-19 21:00:05.501503,18750
6124133,67,Active,24,3,2013-11-19 21:00:05.506864,18750
6124134,68,Active,0,23,2013-11-19 21:00:05.51256,18750
6124135,69,Active,6,31,2013-11-19 21:00:05.518332,18750
6124136,70,Active,1,30,2013-11-19 21:00:05.523768,18750
6124137,71,Active,1,14,2013-11-19 21:00:05.529394,18750
6124138,72,Active,13,12,2013-11-19 21:00:05.534999,18750
6124139,73,Active,2,17,2013-11-19 21:00:05.540303,18750
6124140,74,Active,4,14,2013-11-19 21:00:05.546238,18750
6124141,75,Active,10,18,2013-11-19 21:00:05.551803,18750
6124142,76,Active,35,23,2013-11-19 21:00:05.557067,18750
6124143,77,Active,20,7,2013-11-19 21:00:05.562875,18750
6124144,78,Active,26,14,2013-11-19 21:00:05.568294,18750
6124145,79,Active,39,7,2013-11-19 21:00:05.574054,18750
6124146,80,Active,2,17,2013-11-19 21:00:05.579873,18750
6124147,81,Active,8,21,2013-11-19 21:00:05.586101,18750
6124148,82,Active,1,19,2013-11-19 21:00:05.591409,18750
6124149,83,Active,50,2,2013-11-19 21:00:05.597076,18750
6124150,84,Active,27,2,2013-11-19 21:00:05.602423,18750
6124151,85,Active,1,22,2013-11-19 21:00:05.607634,18750
6124152,86,Active,24,9,2013-11-19 21:00:05.613127,18750
6124153,87,Active,6,20,2013-11-19 21:00:05.618615,18750
6124154,88,Active,4,31,2013-11-19 21:00:05.623964,18750
6124155,89,Active,33,19,2013-11-19 21:00:05.629178,18750
6124156,90,Active,4,31,2013-11-19 21:00:05.634905,18750
6124157,91,Active,2,18,2013-11-19 21:00:05.640068,18750
6124158,92,Active,29,1,2013-11-19 21:00:05.646316,18750
6124159,93,Active,26,8,2013-11-19 21:00:05.651481,18750
6124160,94,Active,13,18,2013-11-19 21:00:05.656622,18750
6124161,95,Active,5,32,2013-11-19 21:00:05.661968,18750
6124162,96,Active,3,27,2013-11-19 21:00:05.667237,18750
6124163,97,Active,19,6,2013-11-19 21:00:05.672475,18750
6124164,98,Active,33,4,2013-11-19 21:00:05.677909,18750
6124165,99,Active,1,33,2013-11-19 21:00:05.683109,18750
6124166,100,Active,12,18,2013-11-19 21:00:05.688499,18750
6124167,101,Active,7,24,2013-11-19 21:00:05.693674,18750
6124168,102,Active,10,11,2013-11-19 21:00:05.698777,18750
6124169,103,Active,3,36,2013-11-19 21:00:05.703899,18750
6124170,104,Active,18,10,2013-11-19 21:00:05.709831,18750
6124171,105,Active,3,40,2013-11-19 21:00:05.715554,18750
6124172,106,Active,8,19,2013-11-19 21:00:05.721458,18750
6124173,107,Active,8,21,2013-11-19 21:00:05.728414,18750
6124174,108,Active,12,20,2013-11-19 21:00:05.73426,18750
6124175,109,Active,28,11,2013-11-19 21:00:05.739833,18750
6124176,110,Inactive,0,3,2013-11-19 21:00:05.745082,18750
6124177,111,Active,1,30,2013-11-19 21:00:05.751533,18750
6124178,112,Active,18,19,2013-11-19 21:00:05.780055,18750
6124179,113,Active,49,1,2013-11-19 21:00:05.786379,18750
6124180,114,Active,17,17,2013-11-19 21:00:05.791611,18750
6124181,115,Active,1,23,2013-11-19 21:00:05.796904,18750
6124182,116,Active,7,31,2013-11-19 21:00:05.802428,18750
6124183,117,Active,14,5,2013-11-19 21:00:05.807962,18750
6124184,118,Active,22,9,2013-11-19 21:00:05.813431,18750
6124185,119,Active,19,17,2013-11-19 21:00:05.81874,18750
6124186,120,Active,3,22,2013-11-19 21:00:05.823908,18750
6124187,121,Active,1,22,2013-11-19 21:00:05.829092,18750
6124188,122,Active,3,27,2013-11-19 21:00:05.834795,18750
6124189,123,Active,18,7,2013-11-19 21:00:05.840658,18750
6124190,124,Active,23,12,2013-11-19 21:00:05.84624,18750
6124191,125,Active,32,5,2013-11-19 21:00:05.851621,18750
6124192,126,Active,10,14,2013-11-19 21:00:05.856969,18750
6124193,127,Active,0,26,2013-11-19 21:00:05.862645,18750
6124194,128,Active,7,11,2013-11-19 21:00:05.868167,18750
6124195,129,Active,7,22,2013-11-19 21:00:05.873601,18750
6124196,130,Active,2,20,2013-11-19 21:00:05.878828,18750
6124197,131,Active,7,16,2013-11-19 21:00:05.884229,18750
6124198,132,Active,6,29,2013-11-19 21:00:05.889479,18750
6124199,133,Active,2,23,2013-11-19 21:00:05.894751,18750
6124200,134,Active,28,4,2013-11-19 21:00:05.900007,18750
6124201,135,Active,40,1,2013-11-19 21:00:05.905136,18750
6124202,136,Active,7,15,2013-11-19 21:00:05.910276,18750
6124203,137,Active,3,25,2013-11-19 21:00:05.915511,18750
6124204,138,Active,37,2,2013-11-19 21:00:05.92085,18750
6124205,139,Active,28,6,2013-11-19 21:00:05.926202,18750
6124206,140,Active,7,20,2013-11-19 21:00:05.931193,18750
6124207,141,Active,11,20,2013-11-19 21:00:05.938537,18750
6124208,142,Active,25,17,2013-11-19 21:00:05.943678,18750
6124209,143,Active,4,19,2013-11-19 21:00:05.949173,18750
6124210,144,Active,11,14,2013-11-19 21:00:05.954736,18750
6124211,145,Active,15,19,2013-11-19 21:00:05.960328,18750
6124212,146,Active,41,14,2013-11-19 21:00:05.965619,18750
6124213,147,Active,12,26,2013-11-19 21:00:05.97103,18750
6124214,148,Active,2,41,2013-11-19 21:00:05.976231,18750
6124215,149,Active,9,48,2013-11-19 21:00:05.98133,18750
6124216,150,Active,15,34,2013-11-19 21:00:05.986922,18750
6124217,151,Active,8,19,2013-11-19 21:00:05.993783,18750
6124218,152,Active,2,29,2013-11-19 21:00:05.998977,18750
6124219,153,Active,3,30,2013-11-19 21:00:06.009842,18750
6124220,154,Active,15,17,2013-11-19 21:00:06.018498,18750
6124221,155,Active,8,29,2013-11-19 21:00:06.023861,18750
6124222,156,Active,6,29,2013-11-19 21:00:06.038994,18750
6124223,157,Active,5,22,2013-11-19 21:00:06.044598,18750
6124224,158,Active,5,14,2013-11-19 21:00:06.051009,18750
6124225,159,Active,23,6,2013-11-19 21:00:06.056533,18750
6124226,160,Active,33,10,2013-11-19 21:00:06.061928,18750
6124227,161,Active,46,1,2013-11-19 21:00:06.068715,18750
6124228,162,Active,39,3,2013-11-19 21:00:06.074607,18750
6124229,163,Active,11,28,2013-11-19 21:00:06.080867,18750
6124230,164,Active,33,3,2013-11-19 21:00:06.086617,18750
6124231,165,Active,10,25,2013-11-19 21:00:06.092813,18750
6124232,166,Active,3,28,2013-11-19 21:00:06.098538,18750
6124233,167,Active,2,27,2013-11-19 21:00:06.104263,18750
6124234,168,Active,35,6,2013-11-19 21:00:06.133373,18750
6124235,169,Active,36,0,2013-11-19 21:00:06.139862,18750
6124236,170,Active,30,5,2013-11-19 21:00:06.14518,18750
6124237,171,Active,5,22,2013-11-19 21:00:06.150536,18750
6124238,172,Active,5,26,2013-11-19 21:00:06.157152,18750
6124239,173,Active,0,31,2013-11-19 21:00:06.16256,18750
6124240,174,Active,21,10,2013-11-19 21:00:06.167746,18750
6124241,175,Active,6,25,2013-11-19 21:00:06.173423,18750
6124242,176,Active,7,25,2013-11-19 21:00:06.17873,18750
6124243,177,Active,1,29,2013-11-19 21:00:06.184793,18750
6124244,178,Active,5,20,2013-11-19 21:00:06.190187,18750
6124245,179,Active,6,21,2013-11-19 21:00:06.196498,18750
6124246,180,Active,6,25,2013-11-19 21:00:06.202172,18750
6124247,181,Active,1,26,2013-11-19 21:00:06.20791,18750
6124248,182,Active,3,12,2013-11-19 21:00:06.214039,18750
6124249,183,Active,4,38,2013-11-19 21:00:06.219639,18750
6124250,184,Active,34,8,2013-11-19 21:00:06.225064,18750
6124251,185,Active,12,17,2013-11-19 21:00:06.230534,18750
6124252,186,Active,24,14,2013-11-19 21:00:06.236101,18750
6124253,187,Active,2,33,2013-11-19 21:00:06.241399,18750
6124254,188,Active,7,27,2013-11-19 21:00:06.246685,18750
6124255,189,Active,0,43,2013-11-19 21:00:06.251834,18750
6124256,190,Active,3,19,2013-11-19 21:00:06.25702,18750
6124257,191,Active,10,9,2013-11-19 21:00:06.262377,18750
6124258,192,Active,13,21,2013-11-19 21:00:06.267821,18750
6124259,193,Active,0,22,2013-11-19 21:00:06.273463,18750
6124260,194,Active,4,24,2013-11-19 21:00:06.279581,18750
6124261,195,Active,16,8,2013-11-19 21:00:06.285397,18750
6124262,196,Active,34,6,2013-11-19 21:00:06.291256,18750
6124263,197,Active,1,30,2013-11-19 21:00:06.297013,18750
6124264,198,Active,3,43,2013-11-19 21:00:06.303597,18750
6124265,199,Active,10,13,2013-11-19 21:00:06.310574,18750
6124266,200,Active,1,22,2013-11-19 21:00:06.316048,18750
6124267,201,Active,0,23,2013-11-19 21:00:06.321615,18750
6124268,202,Active,0,19,2013-11-19 21:00:06.326805,18750
6124269,203,Active,9,44,2013-11-19 21:00:06.332234,18750
6124270,204,Active,0,38,2013-11-19 21:00:06.337902,18750
6124271,205,Active,20,8,2013-11-19 21:00:06.343276,18750
6124272,206,Active,29,30,2013-11-19 21:00:06.348514,18750
6124273,207,Active,9,22,2013-11-19 21:00:06.354344,18750
6124274,208,Active,24,3,2013-11-19 21:00:06.360238,18750
6124275,209,Inactive,0,3,2013-11-19 21:00:06.365693,18750
6124276,210,Active,6,25,2013-11-19 21:00:06.371318,18750
6124277,211,Active,6,33,2013-11-19 21:00:06.376917,18750
6124278,212,Active,12,15,2013-11-19 21:00:06.382454,18750
6124279,213,Active,38,7,2013-11-19 21:00:06.387746,18750
6124280,214,Active,2,25,2013-11-19 21:00:06.393415,18750
6124281,215,Active,13,14,2013-11-19 21:00:06.398723,18750
6124282,216,Active,9,18,2013-11-19 21:00:06.40646,18750
6124283,217,Active,3,35,2013-11-19 21:00:06.411874,18750
6124284,218,Active,13,17,2013-11-19 21:00:06.417134,18750
6124285,219,Active,3,30,2013-11-19 21:00:06.42336,18750
6124286,220,Active,26,24,2013-11-19 21:00:06.428916,18750
6124287,221,Active,22,1,2013-11-19 21:00:06.43439,18750
6124288,222,Active,50,2,2013-11-19 21:00:06.439571,18750
6124289,223,Active,11,31,2013-11-19 21:00:06.444792,18750
6124290,224,Active,9,27,2013-11-19 21:00:06.472393,18750
6124291,225,Active,11,18,2013-11-19 21:00:06.478421,18750
6124292,226,Active,5,25,2013-11-19 21:00:06.483576,18750
6124293,227,Active,4,25,2013-11-19 21:00:06.488897,18750
6124294,228,Active,12,45,2013-11-19 21:00:06.49408,18750
6124295,229,Active,9,29,2013-11-19 21:00:06.499627,18750
6124296,230,Active,1,34,2013-11-19 21:00:06.504976,18750
6124297,231,Active,27,11,2013-11-19 21:00:06.510552,18750
6124298,232,Active,23,12,2013-11-19 21:00:06.515932,18750
6124299,233,Active,1,58,2013-11-19 21:00:06.521777,18750
6124300,234,Active,18,11,2013-11-19 21:00:06.52706,18750
6124301,235,Active,17,4,2013-11-19 21:00:06.533092,18750
6124302,236,Active,1,19,2013-11-19 21:00:06.538497,18750
6124303,237,Active,0,38,2013-11-19 21:00:06.543913,18750
6124304,238,Active,18,29,2013-11-19 21:00:06.551266,18750
6124305,239,Active,18,7,2013-11-19 21:00:06.557152,18750
6124306,240,Active,43,15,2013-11-19 21:00:06.562578,18750
6124307,241,Active,19,17,2013-11-19 21:00:06.568462,18750
6124308,242,Active,24,11,2013-11-19 21:00:06.574715,18750
6124309,243,Active,7,27,2013-11-19 21:00:06.580196,18750
6124310,244,Active,4,55,2013-11-19 21:00:06.587671,18750
6124311,245,Active,2,55,2013-11-19 21:00:06.593557,18750
6124312,246,Active,14,23,2013-11-19 21:00:06.599124,18750
6124313,247,Active,17,9,2013-11-19 21:00:06.604681,18750
6124314,248,Active,6,33,2013-11-19 21:00:06.610563,18750
6124315,249,Active,25,17,2013-11-19 21:00:06.616401,18750
6124316,250,Active,27,18,2013-11-19 21:00:06.621641,18750
6124317,251,Active,16,21,2013-11-19 21:00:06.626937,18750
6124318,252,Active,5,41,2013-11-19 21:00:06.632234,18750
6124319,253,Active,7,52,2013-11-19 21:00:06.637884,18750
6124320,254,Active,1,30,2013-11-19 21:00:06.643371,18750
6124321,255,Active,3,27,2013-11-19 21:00:06.650992,18750
6124322,256,Active,8,19,2013-11-19 21:00:06.657112,18750
6124323,257,Active,18,7,2013-11-19 21:00:06.662529,18750
6124324,258,Active,0,38,2013-11-19 21:00:06.66774,18750
6124325,259,Active,15,18,2013-11-19 21:00:06.673339,18750
6124326,260,Active,30,12,2013-11-19 21:00:06.679255,18750
6124327,261,Active,5,31,2013-11-19 21:00:06.684663,18750
6124328,262,Active,7,32,2013-11-19 21:00:06.690799,18750
6124329,263,Active,8,26,2013-11-19 21:00:06.696089,18750
6124330,264,Active,5,34,2013-11-19 21:00:06.701385,18750
6124331,265,Active,30,6,2013-11-19 21:00:06.706832,18750
6124332,266,Active,6,53,2013-11-19 21:00:06.713011,18750
6124333,267,Active,50,3,2013-11-19 21:00:06.719613,18750
6124334,268,Active,3,46,2013-11-19 21:00:06.72503,18750
6124335,269,Active,29,5,2013-11-19 21:00:06.730934,18750
6124336,270,Active,13,22,2013-11-19 21:00:06.737575,18750
6124337,271,Active,6,19,2013-11-19 21:00:06.743321,18750
6124338,272,Active,40,3,2013-11-19 21:00:06.748967,18750
6124339,273,Active,36,20,2013-11-19 21:00:06.755106,18750
6124340,274,Active,3,26,2013-11-19 21:00:06.761587,18750
6124341,275,Active,2,32,2013-11-19 21:00:06.767327,18750
6124342,276,Active,41,9,2013-11-19 21:00:06.772784,18750
6124343,277,Active,3,38,2013-11-19 21:00:06.778997,18750
6124344,330,Active,1,28,2013-11-19 21:00:06.785106,18750
6124345,278,Active,22,7,2013-11-19 21:00:06.79094,18750
6124346,279,Active,3,42,2013-11-19 21:00:06.819077,18750
6124347,280,Active,3,29,2013-11-19 21:00:06.824993,18750
6124348,281,Active,2,43,2013-11-19 21:00:06.830329,18750
6124349,282,Active,3,21,2013-11-19 21:00:06.835948,18750
6124350,283,Active,13,19,2013-11-19 21:00:06.841383,18750
6124351,284,Active,39,11,2013-11-19 21:00:06.846849,18750
6124352,285,Active,1,32,2013-11-19 21:00:06.853241,18750
6124353,286,Active,6,20,2013-11-19 21:00:06.858872,18750
6124354,287,Active,4,22,2013-11-19 21:00:06.864111,18750
6124355,288,Active,6,47,2013-11-19 21:00:06.86944,18750
6124356,289,Active,5,30,2013-11-19 21:00:06.874912,18750
6124357,290,Active,16,17,2013-11-19 21:00:06.880346,18750
6124358,291,Active,33,25,2013-11-19 21:00:06.885658,18750
6124359,292,Active,7,32,2013-11-19 21:00:06.890826,18750
6124360,293,Active,47,14,2013-11-19 21:00:06.895993,18750
6124361,294,Active,31,7,2013-11-19 21:00:06.90143,18750
6124362,295,Active,8,59,2013-11-19 21:00:06.906989,18750
6124363,296,Active,42,8,2013-11-19 21:00:06.912352,18750
6124364,297,Active,12,39,2013-11-19 21:00:06.917978,18750
6124365,298,Active,8,46,2013-11-19 21:00:06.923404,18750
6124366,299,Active,11,27,2013-11-19 21:00:06.928581,18750
6124367,300,Active,1,39,2013-11-19 21:00:06.93395,18750
6124368,301,Active,40,18,2013-11-19 21:00:06.939152,18750
6124369,302,Active,2,34,2013-11-19 21:00:06.944743,18750
6124370,303,Active,1,39,2013-11-19 21:00:06.949997,18750
6124371,305,Active,12,27,2013-11-19 21:00:06.955553,18750
6124372,306,Active,12,30,2013-11-19 21:00:06.961421,18750
6124373,307,Active,12,37,2013-11-19 21:00:06.96691,18750
6124374,308,Active,29,2,2013-11-19 21:00:06.972738,18750
6124375,309,Active,8,20,2013-11-19 21:00:06.978345,18750
6124376,310,Active,33,5,2013-11-19 21:00:06.984011,18750
6124377,311,Active,20,18,2013-11-19 21:00:06.989713,18750
6124378,312,Active,22,9,2013-11-19 21:00:06.995233,18750
6124379,313,Active,37,2,2013-11-19 21:00:07.000681,18750
6124380,314,Active,6,20,2013-11-19 21:00:07.006208,18750
6124381,315,Active,16,20,2013-11-19 21:00:07.014126,18750
6124382,316,Active,24,5,2013-11-19 21:00:07.019597,18750
6124383,317,Active,9,5,2013-11-19 21:00:07.02504,18750
6124384,318,Active,19,7,2013-11-19 21:00:07.030509,18750
6124385,319,Active,1,29,2013-11-19 21:00:07.035914,18750
6124386,320,Active,29,5,2013-11-19 21:00:07.041207,18750
6124387,321,Active,3,9,2013-11-19 21:00:07.046818,18750
6124388,322,Active,15,33,2013-11-19 21:00:07.052523,18750
6124389,332,Active,17,7,2013-11-19 21:00:07.058361,18750
6124390,327,Active,11,24,2013-11-19 21:00:07.064503,18750
6124391,328,Active,39,0,2013-11-19 21:00:07.070279,18750
6124392,331,Active,4,30,2013-11-19 21:00:07.07584,18750
6124393,323,Active,0,39,2013-11-19 21:00:07.081943,18750
6124394,324,Active,13,30,2013-11-19 21:00:07.087449,18750
6124395,329,Active,15,18,2013-11-19 21:00:07.093118,18750
6124396,325,Active,22,14,2013-11-19 21:00:07.098637,18750
6124397,326,Active,7,16,2013-11-19 21:00:07.103828,18750
6124398,1,Active,7,30,2013-11-19 21:10:04.797359,18751
6124399,2,Active,32,0,2013-11-19 21:10:04.805998,18751
6124400,3,Active,11,15,2013-11-19 21:10:04.810784,18751
6124401,4,Active,26,35,2013-11-19 21:10:04.815161,18751
6124402,5,Active,18,17,2013-11-19 21:10:04.819664,18751
6124403,6,Active,2,16,2013-11-19 21:10:04.824041,18751
6124404,7,Active,8,11,2013-11-19 21:10:04.828412,18751
6124405,8,Active,7,21,2013-11-19 21:10:04.832783,18751
6124406,9,Active,26,3,2013-11-19 21:10:04.837133,18751
6124407,10,Active,38,8,2013-11-19 21:10:04.842667,18751
6124408,11,Active,0,23,2013-11-19 21:10:04.847087,18751
6124409,12,Active,6,13,2013-11-19 21:10:04.85215,18751
6124410,13,Active,9,28,2013-11-19 21:10:04.856561,18751
6124411,14,Active,30,1,2013-11-19 21:10:04.861056,18751
6124412,15,Active,3,28,2013-11-19 21:10:04.865487,18751
6124413,16,Active,27,4,2013-11-19 21:10:04.869779,18751
6124414,17,Active,21,8,2013-11-19 21:10:04.874462,18751
6124415,18,Active,26,28,2013-11-19 21:10:04.878799,18751
6124416,19,Active,2,20,2013-11-19 21:10:04.883138,18751
6124417,20,Active,3,22,2013-11-19 21:10:04.887447,18751
6124418,21,Active,33,1,2013-11-19 21:10:04.891982,18751
6124419,22,Active,34,13,2013-11-19 21:10:04.896337,18751
6124420,23,Active,6,38,2013-11-19 21:10:04.90092,18751
6124421,24,Active,43,3,2013-11-19 21:10:04.905345,18751
6124422,25,Active,44,4,2013-11-19 21:10:04.909718,18751
6124423,26,Active,8,22,2013-11-19 21:10:04.914155,18751
6124424,27,Active,32,11,2013-11-19 21:10:04.918677,18751
6124425,28,Active,24,3,2013-11-19 21:10:04.92305,18751
6124426,29,Active,0,23,2013-11-19 21:10:04.927414,18751
6124427,30,Active,17,22,2013-11-19 21:10:04.931809,18751
6124428,31,Active,1,36,2013-11-19 21:10:04.936141,18751
6124429,32,Active,4,29,2013-11-19 21:10:04.942442,18751
6124430,33,Active,5,22,2013-11-19 21:10:04.947148,18751
6124431,34,Active,32,3,2013-11-19 21:10:04.951895,18751
6124432,35,Active,47,7,2013-11-19 21:10:04.956457,18751
6124433,36,Active,13,11,2013-11-19 21:10:04.961322,18751
6124434,37,Active,0,21,2013-11-19 21:10:04.965833,18751
6124435,38,Active,19,19,2013-11-19 21:10:04.970567,18751
6124436,39,Active,8,29,2013-11-19 21:10:04.975521,18751
6124437,40,Active,4,35,2013-11-19 21:10:04.981485,18751
6124438,41,Active,2,27,2013-11-19 21:10:04.98617,18751
6124439,42,Active,28,3,2013-11-19 21:10:04.991004,18751
6124440,43,Active,0,23,2013-11-19 21:10:04.995395,18751
6124441,44,Active,0,23,2013-11-19 21:10:05.000193,18751
6124442,45,Active,17,22,2013-11-19 21:10:05.004933,18751
6124443,46,Active,10,20,2013-11-19 21:10:05.009787,18751
6124444,47,Active,1,22,2013-11-19 21:10:05.014674,18751
6124445,48,Active,0,17,2013-11-19 21:10:05.019547,18751
6124446,49,Active,15,8,2013-11-19 21:10:05.024377,18751
6124447,50,Active,20,6,2013-11-19 21:10:05.029106,18751
6124448,51,Active,39,0,2013-11-19 21:10:05.033462,18751
6124449,52,Active,23,4,2013-11-19 21:10:05.038778,18751
6124450,53,Active,3,29,2013-11-19 21:10:05.043561,18751
6124451,54,Active,16,31,2013-11-19 21:10:05.048432,18751
6124452,55,Active,2,24,2013-11-19 21:10:05.053545,18751
6124453,56,Active,36,0,2013-11-19 21:10:05.081946,18751
6124454,57,Active,0,23,2013-11-19 21:10:05.087565,18751
6124455,58,Active,29,9,2013-11-19 21:10:05.093454,18751
6124456,59,Active,31,4,2013-11-19 21:10:05.09929,18751
6124457,60,Active,4,22,2013-11-19 21:10:05.105496,18751
6124458,61,Active,12,12,2013-11-19 21:10:05.11101,18751
6124459,62,Active,13,17,2013-11-19 21:10:05.117501,18751
6124460,63,Active,19,8,2013-11-19 21:10:05.123076,18751
6124461,64,Active,14,21,2013-11-19 21:10:05.128627,18751
6124462,65,Active,1,23,2013-11-19 21:10:05.135214,18751
6124463,66,Active,18,34,2013-11-19 21:10:05.140876,18751
6124464,67,Active,25,2,2013-11-19 21:10:05.14635,18751
6124465,68,Active,1,22,2013-11-19 21:10:05.151658,18751
6124466,69,Active,10,27,2013-11-19 21:10:05.15774,18751
6124467,70,Active,0,31,2013-11-19 21:10:05.162864,18751
6124468,71,Active,1,14,2013-11-19 21:10:05.171914,18751
6124469,72,Active,13,12,2013-11-19 21:10:05.177946,18751
6124470,73,Active,2,17,2013-11-19 21:10:05.183294,18751
6124471,74,Active,4,14,2013-11-19 21:10:05.188314,18751
6124472,75,Active,11,17,2013-11-19 21:10:05.19358,18751
6124473,76,Active,35,23,2013-11-19 21:10:05.19902,18751
6124474,77,Active,20,7,2013-11-19 21:10:05.204459,18751
6124475,78,Active,28,12,2013-11-19 21:10:05.20954,18751
6124476,79,Active,38,8,2013-11-19 21:10:05.214747,18751
6124477,80,Active,3,16,2013-11-19 21:10:05.220165,18751
6124478,81,Active,8,21,2013-11-19 21:10:05.225269,18751
6124479,82,Active,1,19,2013-11-19 21:10:05.230448,18751
6124480,83,Active,49,3,2013-11-19 21:10:05.235695,18751
6124481,84,Active,25,4,2013-11-19 21:10:05.240712,18751
6124482,85,Active,1,22,2013-11-19 21:10:05.245918,18751
6124483,86,Active,24,9,2013-11-19 21:10:05.252009,18751
6124484,87,Active,4,22,2013-11-19 21:10:05.257508,18751
6124485,88,Active,4,31,2013-11-19 21:10:05.266708,18751
6124486,89,Active,31,21,2013-11-19 21:10:05.272041,18751
6124487,90,Active,6,29,2013-11-19 21:10:05.277258,18751
6124488,91,Active,2,18,2013-11-19 21:10:05.282449,18751
6124489,92,Active,29,1,2013-11-19 21:10:05.287627,18751
6124490,93,Active,24,10,2013-11-19 21:10:05.29305,18751
6124491,94,Active,12,19,2013-11-19 21:10:05.298516,18751
6124492,95,Active,5,32,2013-11-19 21:10:05.303963,18751
6124493,96,Active,3,27,2013-11-19 21:10:05.309658,18751
6124494,97,Active,19,6,2013-11-19 21:10:05.315105,18751
6124495,98,Active,33,4,2013-11-19 21:10:05.320328,18751
6124496,99,Active,1,33,2013-11-19 21:10:05.325518,18751
6124497,100,Active,13,17,2013-11-19 21:10:05.330529,18751
6124498,101,Active,7,24,2013-11-19 21:10:05.335624,18751
6124499,102,Active,10,11,2013-11-19 21:10:05.341027,18751
6124500,103,Active,3,36,2013-11-19 21:10:05.346308,18751
6124501,104,Active,18,10,2013-11-19 21:10:05.352051,18751
6124502,105,Active,2,41,2013-11-19 21:10:05.357393,18751
6124503,106,Active,8,19,2013-11-19 21:10:05.363837,18751
6124504,107,Active,6,23,2013-11-19 21:10:05.370172,18751
6124505,108,Active,11,21,2013-11-19 21:10:05.37548,18751
6124506,109,Active,27,12,2013-11-19 21:10:05.383408,18751
6124507,110,Inactive,0,3,2013-11-19 21:10:05.387966,18751
6124508,111,Active,1,30,2013-11-19 21:10:05.392647,18751
6124509,112,Active,17,20,2013-11-19 21:10:05.420619,18751
6124510,113,Active,48,2,2013-11-19 21:10:05.427163,18751
6124511,114,Active,15,19,2013-11-19 21:10:05.432715,18751
6124512,115,Active,0,24,2013-11-19 21:10:05.438123,18751
6124513,116,Active,7,31,2013-11-19 21:10:05.443457,18751
6124514,117,Active,13,6,2013-11-19 21:10:05.448635,18751
6124515,118,Active,21,10,2013-11-19 21:10:05.454011,18751
6124516,119,Active,19,17,2013-11-19 21:10:05.459391,18751
6124517,120,Active,3,22,2013-11-19 21:10:05.465315,18751
6124518,121,Active,1,22,2013-11-19 21:10:05.470983,18751
6124519,122,Active,5,25,2013-11-19 21:10:05.476755,18751
6124520,123,Active,18,7,2013-11-19 21:10:05.482103,18751
6124521,124,Active,23,12,2013-11-19 21:10:05.487306,18751
6124522,125,Active,31,6,2013-11-19 21:10:05.49228,18751
6124523,126,Active,10,14,2013-11-19 21:10:05.497624,18751
6124524,127,Active,0,26,2013-11-19 21:10:05.502552,18751
6124525,128,Active,4,15,2013-11-19 21:10:05.507628,18751
6124526,129,Active,9,20,2013-11-19 21:10:05.512659,18751
6124527,130,Active,1,21,2013-11-19 21:10:05.518328,18751
6124528,131,Active,7,16,2013-11-19 21:10:05.523806,18751
6124529,132,Active,7,28,2013-11-19 21:10:05.529123,18751
6124530,133,Active,1,24,2013-11-19 21:10:05.534313,18751
6124531,134,Active,28,4,2013-11-19 21:10:05.539774,18751
6124532,135,Active,39,2,2013-11-19 21:10:05.546893,18751
6124533,136,Active,7,15,2013-11-19 21:10:05.552178,18751
6124534,137,Active,5,23,2013-11-19 21:10:05.557674,18751
6124535,138,Active,37,2,2013-11-19 21:10:05.562789,18751
6124536,139,Active,27,7,2013-11-19 21:10:05.568246,18751
6124537,140,Active,7,20,2013-11-19 21:10:05.573469,18751
6124538,141,Active,11,20,2013-11-19 21:10:05.578502,18751
6124539,142,Active,24,18,2013-11-19 21:10:05.5837,18751
6124540,143,Active,4,19,2013-11-19 21:10:05.589097,18751
6124541,144,Active,12,13,2013-11-19 21:10:05.594171,18751
6124542,145,Active,16,18,2013-11-19 21:10:05.599935,18751
6124543,146,Active,41,14,2013-11-19 21:10:05.605673,18751
6124544,147,Active,11,27,2013-11-19 21:10:05.611474,18751
6124545,148,Active,3,40,2013-11-19 21:10:05.616933,18751
6124546,149,Active,9,48,2013-11-19 21:10:05.62225,18751
6124547,150,Active,15,34,2013-11-19 21:10:05.628004,18751
6124548,151,Active,8,19,2013-11-19 21:10:05.63368,18751
6124549,152,Active,2,29,2013-11-19 21:10:05.639186,18751
6124550,153,Active,3,30,2013-11-19 21:10:05.6448,18751
6124551,154,Active,16,16,2013-11-19 21:10:05.65023,18751
6124552,155,Active,8,29,2013-11-19 21:10:05.655926,18751
6124553,156,Active,5,30,2013-11-19 21:10:05.662414,18751
6124554,157,Active,5,22,2013-11-19 21:10:05.668153,18751
6124555,158,Active,5,14,2013-11-19 21:10:05.675556,18751
6124556,159,Active,23,6,2013-11-19 21:10:05.681038,18751
6124557,160,Active,34,9,2013-11-19 21:10:05.68717,18751
6124558,161,Active,47,0,2013-11-19 21:10:05.692736,18751
6124559,162,Active,42,0,2013-11-19 21:10:05.698161,18751
6124560,163,Active,13,26,2013-11-19 21:10:05.703295,18751
6124561,164,Active,34,2,2013-11-19 21:10:05.708423,18751
6124562,165,Active,10,25,2013-11-19 21:10:05.713608,18751
6124563,166,Active,3,28,2013-11-19 21:10:05.718799,18751
6124564,167,Active,4,25,2013-11-19 21:10:05.724033,18751
6124565,168,Active,34,7,2013-11-19 21:10:05.751218,18751
6124566,169,Active,36,0,2013-11-19 21:10:05.75763,18751
6124567,170,Active,29,6,2013-11-19 21:10:05.763032,18751
6124568,171,Active,5,22,2013-11-19 21:10:05.768362,18751
6124569,172,Active,6,25,2013-11-19 21:10:05.77393,18751
6124570,173,Active,1,30,2013-11-19 21:10:05.779706,18751
6124571,174,Active,21,10,2013-11-19 21:10:05.785049,18751
6124572,175,Active,5,26,2013-11-19 21:10:05.790413,18751
6124573,176,Active,8,24,2013-11-19 21:10:05.795762,18751
6124574,177,Active,1,29,2013-11-19 21:10:05.801101,18751
6124575,178,Active,5,20,2013-11-19 21:10:05.806117,18751
6124576,179,Active,6,21,2013-11-19 21:10:05.811478,18751
6124577,180,Active,6,25,2013-11-19 21:10:05.81939,18751
6124578,181,Active,2,25,2013-11-19 21:10:05.8255,18751
6124579,182,Active,2,13,2013-11-19 21:10:05.830837,18751
6124580,183,Active,4,38,2013-11-19 21:10:05.835966,18751
6124581,184,Active,35,7,2013-11-19 21:10:05.841274,18751
6124582,185,Active,12,17,2013-11-19 21:10:05.846597,18751
6124583,186,Active,24,14,2013-11-19 21:10:05.852135,18751
6124584,187,Active,1,34,2013-11-19 21:10:05.857743,18751
6124585,188,Active,7,27,2013-11-19 21:10:05.862745,18751
6124586,189,Active,0,43,2013-11-19 21:10:05.868032,18751
6124587,190,Active,3,19,2013-11-19 21:10:05.873394,18751
6124588,191,Active,10,9,2013-11-19 21:10:05.878507,18751
6124589,192,Active,13,21,2013-11-19 21:10:05.883717,18751
6124590,193,Active,0,22,2013-11-19 21:10:05.889098,18751
6124591,194,Active,5,23,2013-11-19 21:10:05.894833,18751
6124592,195,Active,16,8,2013-11-19 21:10:05.900266,18751
6124593,196,Active,34,6,2013-11-19 21:10:05.905319,18751
6124594,197,Active,1,30,2013-11-19 21:10:05.910427,18751
6124595,198,Active,3,43,2013-11-19 21:10:05.915685,18751
6124596,199,Active,10,13,2013-11-19 21:10:05.920922,18751
6124597,200,Active,1,22,2013-11-19 21:10:05.926302,18751
6124598,201,Active,0,23,2013-11-19 21:10:05.931352,18751
6124599,202,Active,1,18,2013-11-19 21:10:05.938886,18751
6124600,203,Active,9,44,2013-11-19 21:10:05.944427,18751
6124601,204,Active,1,37,2013-11-19 21:10:05.949687,18751
6124602,205,Active,19,9,2013-11-19 21:10:05.955074,18751
6124603,206,Active,29,30,2013-11-19 21:10:05.960402,18751
6124604,207,Active,10,21,2013-11-19 21:10:05.96554,18751
6124605,208,Active,24,3,2013-11-19 21:10:05.971415,18751
6124606,209,Inactive,0,3,2013-11-19 21:10:05.976505,18751
6124607,210,Active,7,24,2013-11-19 21:10:05.981985,18751
6124608,211,Active,1,38,2013-11-19 21:10:05.988999,18751
6124609,212,Active,12,15,2013-11-19 21:10:05.994087,18751
6124610,213,Active,38,7,2013-11-19 21:10:05.999677,18751
6124611,214,Active,2,25,2013-11-19 21:10:06.011552,18751
6124612,215,Active,13,14,2013-11-19 21:10:06.017183,18751
6124613,216,Active,11,16,2013-11-19 21:10:06.022826,18751
6124614,217,Active,3,35,2013-11-19 21:10:06.034288,18751
6124615,218,Active,12,18,2013-11-19 21:10:06.040303,18751
6124616,219,Active,3,30,2013-11-19 21:10:06.045707,18751
6124617,220,Active,28,22,2013-11-19 21:10:06.051112,18751
6124618,221,Active,22,1,2013-11-19 21:10:06.056424,18751
6124619,222,Active,50,2,2013-11-19 21:10:06.06174,18751
6124620,223,Active,13,29,2013-11-19 21:10:06.067405,18751
6124621,224,Active,10,26,2013-11-19 21:10:06.095361,18751
6124622,225,Active,12,17,2013-11-19 21:10:06.103111,18751
6124623,226,Active,6,24,2013-11-19 21:10:06.108662,18751
6124624,227,Active,4,25,2013-11-19 21:10:06.114195,18751
6124625,228,Active,12,45,2013-11-19 21:10:06.119435,18751
6124626,229,Active,11,27,2013-11-19 21:10:06.125067,18751
6124627,230,Active,1,34,2013-11-19 21:10:06.13052,18751
6124628,231,Active,26,12,2013-11-19 21:10:06.135705,18751
6124629,232,Active,23,12,2013-11-19 21:10:06.140816,18751
6124630,233,Active,2,57,2013-11-19 21:10:06.145973,18751
6124631,234,Active,17,12,2013-11-19 21:10:06.151416,18751
6124632,235,Active,18,3,2013-11-19 21:10:06.15711,18751
6124633,236,Active,1,19,2013-11-19 21:10:06.162639,18751
6124634,237,Active,0,38,2013-11-19 21:10:06.168039,18751
6124635,238,Active,18,29,2013-11-19 21:10:06.173201,18751
6124636,239,Active,20,5,2013-11-19 21:10:06.178339,18751
6124637,240,Active,45,13,2013-11-19 21:10:06.183322,18751
6124638,241,Active,21,15,2013-11-19 21:10:06.188807,18751
6124639,242,Active,27,8,2013-11-19 21:10:06.194075,18751
6124640,243,Active,8,26,2013-11-19 21:10:06.199287,18751
6124641,244,Active,4,55,2013-11-19 21:10:06.204788,18751
6124642,245,Active,1,56,2013-11-19 21:10:06.209751,18751
6124643,246,Active,15,22,2013-11-19 21:10:06.214882,18751
6124644,247,Active,17,9,2013-11-19 21:10:06.223045,18751
6124645,248,Active,6,33,2013-11-19 21:10:06.22816,18751
6124646,249,Active,25,17,2013-11-19 21:10:06.233364,18751
6124647,250,Active,23,22,2013-11-19 21:10:06.238503,18751
6124648,251,Active,15,22,2013-11-19 21:10:06.243916,18751
6124649,252,Active,6,40,2013-11-19 21:10:06.249413,18751
6124650,253,Active,9,50,2013-11-19 21:10:06.254575,18751
6124651,254,Active,3,28,2013-11-19 21:10:06.260273,18751
6124652,255,Active,5,25,2013-11-19 21:10:06.265948,18751
6124653,256,Active,6,21,2013-11-19 21:10:06.270997,18751
6124654,257,Active,19,6,2013-11-19 21:10:06.276312,18751
6124655,258,Active,1,37,2013-11-19 21:10:06.281762,18751
6124656,259,Active,16,17,2013-11-19 21:10:06.287004,18751
6124657,260,Active,30,12,2013-11-19 21:10:06.292077,18751
6124658,261,Active,4,31,2013-11-19 21:10:06.297313,18751
6124659,262,Active,7,32,2013-11-19 21:10:06.303175,18751
6124660,263,Active,8,26,2013-11-19 21:10:06.30889,18751
6124661,264,Active,5,34,2013-11-19 21:10:06.314585,18751
6124662,265,Active,27,9,2013-11-19 21:10:06.320492,18751
6124663,266,Active,9,50,2013-11-19 21:10:06.325704,18751
6124664,267,Active,49,4,2013-11-19 21:10:06.330908,18751
6124665,268,Active,5,44,2013-11-19 21:10:06.336093,18751
6124666,269,Active,28,6,2013-11-19 21:10:06.343503,18751
6124667,270,Active,25,10,2013-11-19 21:10:06.348854,18751
6124668,271,Active,5,20,2013-11-19 21:10:06.354283,18751
6124669,272,Active,39,4,2013-11-19 21:10:06.359469,18751
6124670,273,Active,34,23,2013-11-19 21:10:06.364628,18751
6124671,274,Active,2,27,2013-11-19 21:10:06.370126,18751
6124672,275,Active,1,33,2013-11-19 21:10:06.375498,18751
6124673,276,Active,39,11,2013-11-19 21:10:06.380938,18751
6124674,277,Active,4,37,2013-11-19 21:10:06.386227,18751
6124675,330,Active,1,28,2013-11-19 21:10:06.391564,18751
6124676,278,Active,23,6,2013-11-19 21:10:06.418902,18751
6124677,279,Active,4,41,2013-11-19 21:10:06.425221,18751
6124678,280,Active,5,27,2013-11-19 21:10:06.43039,18751
6124679,281,Active,1,44,2013-11-19 21:10:06.435551,18751
6124680,282,Active,3,21,2013-11-19 21:10:06.440782,18751
6124681,283,Active,14,19,2013-11-19 21:10:06.446372,18751
6124682,284,Active,41,9,2013-11-19 21:10:06.451601,18751
6124683,285,Active,1,32,2013-11-19 21:10:06.457092,18751
6124684,286,Active,7,19,2013-11-19 21:10:06.462401,18751
6124685,287,Active,2,24,2013-11-19 21:10:06.46787,18751
6124686,288,Active,5,48,2013-11-19 21:10:06.473118,18751
6124687,289,Active,6,29,2013-11-19 21:10:06.481166,18751
6124688,290,Active,16,17,2013-11-19 21:10:06.486638,18751
6124689,291,Active,36,22,2013-11-19 21:10:06.492179,18751
6124690,292,Active,5,34,2013-11-19 21:10:06.497426,18751
6124691,293,Active,47,14,2013-11-19 21:10:06.502445,18751
6124692,294,Active,29,9,2013-11-19 21:10:06.50799,18751
6124693,295,Active,3,64,2013-11-19 21:10:06.513282,18751
6124694,296,Active,36,14,2013-11-19 21:10:06.518876,18751
6124695,297,Active,11,40,2013-11-19 21:10:06.524535,18751
6124696,298,Active,5,49,2013-11-19 21:10:06.530211,18751
6124697,299,Active,10,28,2013-11-19 21:10:06.53936,18751
6124698,300,Active,0,40,2013-11-19 21:10:06.545369,18751
6124699,301,Active,37,21,2013-11-19 21:10:06.55093,18751
6124700,302,Active,1,35,2013-11-19 21:10:06.556571,18751
6124701,303,Active,2,39,2013-11-19 21:10:06.562026,18751
6124702,305,Active,13,26,2013-11-19 21:10:06.567559,18751
6124703,306,Active,11,31,2013-11-19 21:10:06.573086,18751
6124704,307,Active,28,20,2013-11-19 21:10:06.578279,18751
6124705,308,Active,27,4,2013-11-19 21:10:06.583875,18751
6124706,309,Active,6,22,2013-11-19 21:10:06.589593,18751
6124707,310,Active,33,5,2013-11-19 21:10:06.5951,18751
6124708,311,Active,18,20,2013-11-19 21:10:06.600736,18751
6124709,312,Active,23,8,2013-11-19 21:10:06.606233,18751
6124710,313,Active,36,3,2013-11-19 21:10:06.611887,18751
6124711,314,Active,3,23,2013-11-19 21:10:06.617443,18751
6124712,315,Active,15,21,2013-11-19 21:10:06.623265,18751
6124713,316,Active,24,5,2013-11-19 21:10:06.628635,18751
6124714,317,Active,8,6,2013-11-19 21:10:06.634296,18751
6124715,318,Active,19,7,2013-11-19 21:10:06.639632,18751
6124716,319,Active,0,29,2013-11-19 21:10:06.645154,18751
6124717,320,Active,29,5,2013-11-19 21:10:06.651265,18751
6124718,321,Active,3,9,2013-11-19 21:10:06.657515,18751
6124719,322,Active,14,34,2013-11-19 21:10:06.66367,18751
6124720,332,Active,17,7,2013-11-19 21:10:06.671071,18751
6124721,327,Active,12,23,2013-11-19 21:10:06.676737,18751
6124722,328,Active,39,0,2013-11-19 21:10:06.682365,18751
6124723,331,Active,3,31,2013-11-19 21:10:06.687643,18751
6124724,323,Active,1,38,2013-11-19 21:10:06.693372,18751
6124725,324,Active,16,26,2013-11-19 21:10:06.699009,18751
6124726,329,Active,15,18,2013-11-19 21:10:06.704853,18751
6124727,325,Active,21,15,2013-11-19 21:10:06.710585,18751
6124728,326,Active,7,16,2013-11-19 21:10:06.716009,18751
6124729,1,Active,8,29,2013-11-19 21:20:05.88291,18752
6124730,2,Active,32,0,2013-11-19 21:20:05.893059,18752
6124731,3,Active,11,15,2013-11-19 21:20:05.898103,18752
6124732,4,Active,26,35,2013-11-19 21:20:05.902997,18752
6124733,5,Active,16,19,2013-11-19 21:20:05.907701,18752
6124734,6,Active,2,16,2013-11-19 21:20:05.913678,18752
6124735,7,Active,8,11,2013-11-19 21:20:05.918792,18752
6124736,8,Active,6,22,2013-11-19 21:20:05.923221,18752
6124737,9,Active,28,1,2013-11-19 21:20:05.928402,18752
6124738,10,Active,36,10,2013-11-19 21:20:05.933132,18752
6124739,11,Active,0,23,2013-11-19 21:20:05.938452,18752
6124740,12,Active,6,13,2013-11-19 21:20:05.943366,18752
6124741,13,Active,8,29,2013-11-19 21:20:05.949432,18752
6124742,14,Active,31,0,2013-11-19 21:20:05.955686,18752
6124743,15,Active,3,28,2013-11-19 21:20:05.961195,18752
6124744,16,Active,28,3,2013-11-19 21:20:05.966705,18752
6124745,17,Active,21,8,2013-11-19 21:20:05.972434,18752
6124746,18,Active,25,29,2013-11-19 21:20:05.977735,18752
6124747,19,Active,2,20,2013-11-19 21:20:05.982119,18752
6124748,20,Active,2,23,2013-11-19 21:20:05.987739,18752
6124749,21,Active,31,3,2013-11-19 21:20:05.992732,18752
6124750,22,Active,33,14,2013-11-19 21:20:05.998173,18752
6124751,23,Active,5,39,2013-11-19 21:20:06.002951,18752
6124752,24,Active,42,4,2013-11-19 21:20:06.010979,18752
6124753,25,Active,38,10,2013-11-19 21:20:06.016971,18752
6124754,26,Active,5,25,2013-11-19 21:20:06.022948,18752
6124755,27,Active,32,11,2013-11-19 21:20:06.030959,18752
6124756,28,Active,23,4,2013-11-19 21:20:06.036306,18752
6124757,29,Active,0,23,2013-11-19 21:20:06.042163,18752
6124758,30,Active,17,22,2013-11-19 21:20:06.046964,18752
6124759,31,Active,0,37,2013-11-19 21:20:06.051676,18752
6124760,32,Active,3,30,2013-11-19 21:20:06.057516,18752
6124761,33,Active,5,22,2013-11-19 21:20:06.062693,18752
6124762,34,Active,31,4,2013-11-19 21:20:06.095699,18752
6124763,35,Active,45,9,2013-11-19 21:20:06.101386,18752
6124764,36,Active,10,14,2013-11-19 21:20:06.109046,18752
6124765,37,Active,0,21,2013-11-19 21:20:06.115616,18752
6124766,38,Active,20,18,2013-11-19 21:20:06.120109,18752
6124767,39,Active,9,28,2013-11-19 21:20:06.124586,18752
6124768,40,Active,4,35,2013-11-19 21:20:06.129013,18752
6124769,41,Active,1,28,2013-11-19 21:20:06.133785,18752
6124770,42,Active,28,3,2013-11-19 21:20:06.13859,18752
6124771,43,Active,0,23,2013-11-19 21:20:06.143232,18752
6124772,44,Active,0,23,2013-11-19 21:20:06.147929,18752
6124773,45,Active,17,22,2013-11-19 21:20:06.152621,18752
6124774,46,Active,9,21,2013-11-19 21:20:06.15704,18752
6124775,47,Active,2,21,2013-11-19 21:20:06.161833,18752
6124776,48,Active,0,17,2013-11-19 21:20:06.166362,18752
6124777,49,Active,15,8,2013-11-19 21:20:06.171091,18752
6124778,50,Active,18,8,2013-11-19 21:20:06.176013,18752
6124779,51,Active,39,0,2013-11-19 21:20:06.180385,18752
6124780,52,Active,22,5,2013-11-19 21:20:06.185532,18752
6124781,53,Active,3,29,2013-11-19 21:20:06.191317,18752
6124782,54,Active,14,33,2013-11-19 21:20:06.195666,18752
6124783,55,Active,4,22,2013-11-19 21:20:06.200559,18752
6124784,56,Active,36,0,2013-11-19 21:20:06.228912,18752
6124785,57,Active,0,23,2013-11-19 21:20:06.235531,18752
6124786,58,Active,27,10,2013-11-19 21:20:06.245371,18752
6124787,59,Active,28,7,2013-11-19 21:20:06.25101,18752
6124788,60,Active,3,23,2013-11-19 21:20:06.257864,18752
6124789,61,Active,12,12,2013-11-19 21:20:06.263509,18752
6124790,62,Active,11,19,2013-11-19 21:20:06.269703,18752
6124791,63,Active,19,8,2013-11-19 21:20:06.275738,18752
6124792,64,Active,13,22,2013-11-19 21:20:06.28232,18752
6124793,65,Active,1,23,2013-11-19 21:20:06.312348,18752
6124794,66,Active,19,33,2013-11-19 21:20:06.318933,18752
6124795,67,Active,24,3,2013-11-19 21:20:06.325136,18752
6124796,68,Active,2,21,2013-11-19 21:20:06.330835,18752
6124797,69,Active,9,28,2013-11-19 21:20:06.336352,18752
6124798,70,Active,0,31,2013-11-19 21:20:06.341486,18752
6124799,71,Active,0,15,2013-11-19 21:20:06.347402,18752
6124800,72,Active,12,13,2013-11-19 21:20:06.352825,18752
6124801,73,Active,2,17,2013-11-19 21:20:06.358468,18752
6124802,74,Active,4,14,2013-11-19 21:20:06.36406,18752
6124803,75,Active,9,19,2013-11-19 21:20:06.369629,18752
6124804,76,Active,35,23,2013-11-19 21:20:06.374881,18752
6124805,77,Active,20,7,2013-11-19 21:20:06.381849,18752
6124806,78,Active,28,12,2013-11-19 21:20:06.387824,18752
6124807,79,Active,36,10,2013-11-19 21:20:06.3933,18752
6124808,80,Active,3,16,2013-11-19 21:20:06.399804,18752
6124809,81,Active,8,21,2013-11-19 21:20:06.40816,18752
6124810,82,Active,1,19,2013-11-19 21:20:06.414033,18752
6124811,83,Active,49,3,2013-11-19 21:20:06.420386,18752
6124812,84,Active,26,3,2013-11-19 21:20:06.427562,18752
6124813,85,Active,1,22,2013-11-19 21:20:06.433613,18752
6124814,86,Active,24,9,2013-11-19 21:20:06.439086,18752
6124815,87,Active,5,21,2013-11-19 21:20:06.44461,18752
6124816,88,Active,4,31,2013-11-19 21:20:06.450501,18752
6124817,89,Active,32,20,2013-11-19 21:20:06.455903,18752
6124818,90,Active,7,28,2013-11-19 21:20:06.46179,18752
6124819,91,Active,1,19,2013-11-19 21:20:06.467467,18752
6124820,92,Active,27,3,2013-11-19 21:20:06.472696,18752
6124821,93,Active,24,10,2013-11-19 21:20:06.478286,18752
6124822,94,Active,12,19,2013-11-19 21:20:06.483808,18752
6124823,95,Active,4,33,2013-11-19 21:20:06.491133,18752
6124824,96,Active,3,27,2013-11-19 21:20:06.496792,18752
6124825,97,Active,19,6,2013-11-19 21:20:06.50286,18752
6124826,98,Active,33,4,2013-11-19 21:20:06.509253,18752
6124827,99,Active,2,32,2013-11-19 21:20:06.514593,18752
6124828,100,Active,12,18,2013-11-19 21:20:06.520204,18752
6124829,101,Active,8,23,2013-11-19 21:20:06.525862,18752
6124830,102,Active,9,12,2013-11-19 21:20:06.532337,18752
6124831,103,Active,3,36,2013-11-19 21:20:06.540433,18752
6124832,104,Active,20,8,2013-11-19 21:20:06.545719,18752
6124833,105,Active,2,41,2013-11-19 21:20:06.551296,18752
6124834,106,Active,8,19,2013-11-19 21:20:06.55691,18752
6124835,107,Active,6,23,2013-11-19 21:20:06.563091,18752
6124836,108,Active,11,21,2013-11-19 21:20:06.568676,18752
6124837,109,Active,30,9,2013-11-19 21:20:06.574018,18752
6124838,110,Inactive,0,3,2013-11-19 21:20:06.579529,18752
6124839,111,Active,1,30,2013-11-19 21:20:06.588169,18752
6124840,112,Active,16,21,2013-11-19 21:20:06.615042,18752
6124841,113,Active,48,2,2013-11-19 21:20:06.621667,18752
6124842,114,Active,11,23,2013-11-19 21:20:06.627871,18752
6124843,115,Active,1,23,2013-11-19 21:20:06.634401,18752
6124844,116,Active,6,32,2013-11-19 21:20:06.670064,18752
6124845,117,Active,13,6,2013-11-19 21:20:06.678209,18752
6124846,118,Active,22,9,2013-11-19 21:20:06.684807,18752
6124847,119,Active,18,18,2013-11-19 21:20:06.690798,18752
6124848,120,Active,5,20,2013-11-19 21:20:06.698385,18752
6124849,121,Active,1,22,2013-11-19 21:20:06.705716,18752
6124850,122,Active,7,23,2013-11-19 21:20:06.712597,18752
6124851,123,Active,18,7,2013-11-19 21:20:06.71842,18752
6124852,124,Active,22,13,2013-11-19 21:20:06.750825,18752
6124853,125,Active,30,7,2013-11-19 21:20:06.757719,18752
6124854,126,Active,11,13,2013-11-19 21:20:06.763327,18752
6124855,127,Active,0,26,2013-11-19 21:20:06.769723,18752
6124856,128,Active,5,14,2013-11-19 21:20:06.774936,18752
6124857,129,Active,9,20,2013-11-19 21:20:06.780468,18752
6124858,130,Active,1,21,2013-11-19 21:20:06.787281,18752
6124859,131,Active,7,16,2013-11-19 21:20:06.793335,18752
6124860,132,Active,5,30,2013-11-19 21:20:06.800544,18752
6124861,133,Active,2,23,2013-11-19 21:20:06.807206,18752
6124862,134,Active,27,5,2013-11-19 21:20:06.812499,18752
6124863,135,Active,39,2,2013-11-19 21:20:06.818584,18752
6124864,136,Active,7,15,2013-11-19 21:20:06.824048,18752
6124865,137,Active,3,25,2013-11-19 21:20:06.829825,18752
6124866,138,Active,37,2,2013-11-19 21:20:06.83514,18752
6124867,139,Active,26,8,2013-11-19 21:20:06.841087,18752
6124868,140,Active,7,20,2013-11-19 21:20:06.847149,18752
6124869,141,Active,9,22,2013-11-19 21:20:06.852764,18752
6124870,142,Active,23,19,2013-11-19 21:20:06.858405,18752
6124871,143,Active,5,18,2013-11-19 21:20:06.863743,18752
6124872,144,Active,11,14,2013-11-19 21:20:06.869088,18752
6124873,145,Active,15,19,2013-11-19 21:20:06.874277,18752
6124874,146,Active,40,15,2013-11-19 21:20:06.884319,18752
6124875,147,Active,10,28,2013-11-19 21:20:06.890326,18752
6124876,148,Active,4,39,2013-11-19 21:20:06.898088,18752
6124877,149,Active,9,48,2013-11-19 21:20:06.903848,18752
6124878,150,Active,15,34,2013-11-19 21:20:06.909297,18752
6124879,151,Active,9,18,2013-11-19 21:20:06.914692,18752
6124880,152,Active,2,29,2013-11-19 21:20:06.920176,18752
6124881,153,Active,3,30,2013-11-19 21:20:06.9257,18752
6124882,154,Active,16,16,2013-11-19 21:20:06.930741,18752
6124883,155,Active,10,27,2013-11-19 21:20:06.93596,18752
6124884,156,Active,7,28,2013-11-19 21:20:06.941108,18752
6124885,157,Active,5,22,2013-11-19 21:20:06.946644,18752
6124886,158,Active,5,14,2013-11-19 21:20:06.952131,18752
6124887,159,Active,22,7,2013-11-19 21:20:06.957415,18752
6124888,160,Active,33,10,2013-11-19 21:20:06.963054,18752
6124889,161,Active,46,1,2013-11-19 21:20:06.968361,18752
6124890,162,Active,42,0,2013-11-19 21:20:06.973572,18752
6124891,163,Active,12,27,2013-11-19 21:20:06.980308,18752
6124892,164,Active,33,3,2013-11-19 21:20:06.985644,18752
6124893,165,Active,12,23,2013-11-19 21:20:06.991157,18752
6124894,166,Active,3,28,2013-11-19 21:20:06.996595,18752
6124895,167,Active,6,23,2013-11-19 21:20:07.002283,18752
6124896,168,Active,33,8,2013-11-19 21:20:07.030028,18752
6124897,169,Active,33,3,2013-11-19 21:20:07.036337,18752
6124898,170,Active,26,9,2013-11-19 21:20:07.042613,18752
6124899,171,Active,6,21,2013-11-19 21:20:07.04899,18752
6124900,172,Active,6,25,2013-11-19 21:20:07.05425,18752
6124901,173,Active,1,30,2013-11-19 21:20:07.060173,18752
6124902,174,Active,21,10,2013-11-19 21:20:07.065848,18752
6124903,175,Active,5,26,2013-11-19 21:20:07.071473,18752
6124904,176,Active,11,21,2013-11-19 21:20:07.077504,18752
6124905,177,Active,0,30,2013-11-19 21:20:07.083546,18752
6124906,178,Active,5,20,2013-11-19 21:20:07.090223,18752
6124907,179,Active,6,21,2013-11-19 21:20:07.095691,18752
6124908,180,Active,7,24,2013-11-19 21:20:07.100935,18752
6124909,181,Active,2,25,2013-11-19 21:20:07.10692,18752
6124910,182,Active,1,14,2013-11-19 21:20:07.113267,18752
6124911,183,Active,6,36,2013-11-19 21:20:07.119459,18752
6124912,184,Active,31,11,2013-11-19 21:20:07.126287,18752
6124913,185,Active,12,17,2013-11-19 21:20:07.136267,18752
6124914,186,Active,22,16,2013-11-19 21:20:07.142737,18752
6124915,187,Active,1,34,2013-11-19 21:20:07.149154,18752
6124916,188,Active,7,27,2013-11-19 21:20:07.155662,18752
6124917,189,Active,0,43,2013-11-19 21:20:07.162402,18752
6124918,190,Active,4,18,2013-11-19 21:20:07.168066,18752
6124919,191,Active,10,9,2013-11-19 21:20:07.174217,18752
6124920,192,Active,16,18,2013-11-19 21:20:07.180343,18752
6124921,193,Active,0,22,2013-11-19 21:20:07.186185,18752
6124922,194,Active,4,24,2013-11-19 21:20:07.191784,18752
6124923,195,Active,17,7,2013-11-19 21:20:07.197361,18752
6124924,196,Active,34,6,2013-11-19 21:20:07.202839,18752
6124925,197,Active,0,31,2013-11-19 21:20:07.20833,18752
6124926,198,Active,4,42,2013-11-19 21:20:07.219248,18752
6124927,199,Active,11,12,2013-11-19 21:20:07.224671,18752
6124928,200,Active,1,22,2013-11-19 21:20:07.229856,18752
6124929,201,Active,0,23,2013-11-19 21:20:07.236373,18752
6124930,202,Active,1,18,2013-11-19 21:20:07.24157,18752
6124931,203,Active,8,45,2013-11-19 21:20:07.247541,18752
6124932,204,Active,1,37,2013-11-19 21:20:07.253678,18752
6124933,205,Active,17,11,2013-11-19 21:20:07.260858,18752
6124934,206,Active,28,31,2013-11-19 21:20:07.266592,18752
6124935,207,Active,11,20,2013-11-19 21:20:07.272693,18752
6124936,208,Active,23,4,2013-11-19 21:20:07.280178,18752
6124937,209,Inactive,0,3,2013-11-19 21:20:07.287228,18752
6124938,210,Active,6,25,2013-11-19 21:20:07.292594,18752
6124939,211,Active,1,38,2013-11-19 21:20:07.298554,18752
6124940,212,Active,12,15,2013-11-19 21:20:07.30422,18752
6124941,213,Active,30,15,2013-11-19 21:20:07.310097,18752
6124942,214,Active,2,25,2013-11-19 21:20:07.31594,18752
6124943,215,Active,12,15,2013-11-19 21:20:07.322197,18752
6124944,216,Active,12,14,2013-11-19 21:20:07.328041,18752
6124945,217,Active,5,33,2013-11-19 21:20:07.333686,18752
6124946,218,Active,8,22,2013-11-19 21:20:07.339978,18752
6124947,219,Active,3,30,2013-11-19 21:20:07.346935,18752
6124948,220,Active,26,24,2013-11-19 21:20:07.357511,18752
6124949,221,Active,21,2,2013-11-19 21:20:07.363984,18752
6124950,222,Active,49,3,2013-11-19 21:20:07.370699,18752
6124951,223,Active,15,27,2013-11-19 21:20:07.376442,18752
6124952,224,Active,10,26,2013-11-19 21:20:07.406384,18752
6124953,225,Active,11,18,2013-11-19 21:20:07.41428,18752
6124954,226,Active,6,24,2013-11-19 21:20:07.420259,18752
6124955,227,Active,2,27,2013-11-19 21:20:07.426646,18752
6124956,228,Active,12,45,2013-11-19 21:20:07.432628,18752
6124957,229,Active,12,26,2013-11-19 21:20:07.438264,18752
6124958,230,Active,2,33,2013-11-19 21:20:07.443998,18752
6124959,231,Active,27,11,2013-11-19 21:20:07.449411,18752
6124960,232,Active,21,14,2013-11-19 21:20:07.455492,18752
6124961,233,Active,1,58,2013-11-19 21:20:07.461722,18752
6124962,234,Active,18,11,2013-11-19 21:20:07.468682,18752
6124963,235,Active,16,5,2013-11-19 21:20:07.474495,18752
6124964,236,Active,1,19,2013-11-19 21:20:07.480585,18752
6124965,237,Active,0,38,2013-11-19 21:20:07.486005,18752
6124966,238,Active,18,29,2013-11-19 21:20:07.491782,18752
6124967,239,Active,22,3,2013-11-19 21:20:07.497312,18752
6124968,240,Active,45,13,2013-11-19 21:20:07.503022,18752
6124969,241,Active,19,17,2013-11-19 21:20:07.508549,18752
6124970,242,Active,24,11,2013-11-19 21:20:07.516354,18752
6124971,243,Active,8,26,2013-11-19 21:20:07.522725,18752
6124972,244,Active,5,54,2013-11-19 21:20:07.528557,18752
6124973,245,Active,0,57,2013-11-19 21:20:07.53477,18752
6124974,246,Active,12,25,2013-11-19 21:20:07.540462,18752
6124975,247,Active,17,9,2013-11-19 21:20:07.545756,18752
6124976,248,Active,3,36,2013-11-19 21:20:07.551836,18752
6124977,249,Active,27,15,2013-11-19 21:20:07.557788,18752
6124978,250,Active,21,24,2013-11-19 21:20:07.565123,18752
6124979,251,Active,15,22,2013-11-19 21:20:07.571495,18752
6124980,252,Active,6,40,2013-11-19 21:20:07.57692,18752
6124981,253,Active,12,47,2013-11-19 21:20:07.582747,18752
6124982,254,Active,3,28,2013-11-19 21:20:07.588544,18752
6124983,255,Active,5,25,2013-11-19 21:20:07.5939,18752
6124984,256,Active,8,19,2013-11-19 21:20:07.599173,18752
6124985,257,Active,18,7,2013-11-19 21:20:07.604818,18752
6124986,258,Active,1,37,2013-11-19 21:20:07.610078,18752
6124987,259,Active,13,20,2013-11-19 21:20:07.615676,18752
6124988,260,Active,29,13,2013-11-19 21:20:07.621069,18752
6124989,261,Active,6,29,2013-11-19 21:20:07.626764,18752
6124990,262,Active,9,30,2013-11-19 21:20:07.632065,18752
6124991,263,Active,10,24,2013-11-19 21:20:07.637504,18752
6124992,264,Active,6,34,2013-11-19 21:20:07.643128,18752
6124993,265,Active,27,9,2013-11-19 21:20:07.652165,18752
6124994,266,Active,1,58,2013-11-19 21:20:07.65785,18752
6124995,267,Active,46,7,2013-11-19 21:20:07.663422,18752
6124996,268,Active,8,41,2013-11-19 21:20:07.669131,18752
6124997,269,Active,28,6,2013-11-19 21:20:07.674373,18752
6124998,270,Active,24,11,2013-11-19 21:20:07.679826,18752
6124999,271,Active,4,21,2013-11-19 21:20:07.685392,18752
6125000,272,Active,40,3,2013-11-19 21:20:07.690949,18752
6125001,273,Active,36,20,2013-11-19 21:20:07.696428,18752
6125002,274,Active,0,29,2013-11-19 21:20:07.702563,18752
6125003,275,Active,4,30,2013-11-19 21:20:07.708052,18752
6125004,276,Active,38,12,2013-11-19 21:20:07.714087,18752
6125005,277,Active,6,35,2013-11-19 21:20:07.719619,18752
6125006,330,Active,1,28,2013-11-19 21:20:07.724859,18752
6125007,278,Active,22,7,2013-11-19 21:20:07.730784,18752
6125008,279,Active,1,44,2013-11-19 21:20:07.762261,18752
6125009,280,Active,3,29,2013-11-19 21:20:07.768719,18752
6125010,281,Active,2,43,2013-11-19 21:20:07.774266,18752
6125011,282,Active,4,20,2013-11-19 21:20:07.779837,18752
6125012,283,Active,14,18,2013-11-19 21:20:07.785563,18752
6125013,284,Active,42,8,2013-11-19 21:20:07.791108,18752
6125014,285,Active,1,32,2013-11-19 21:20:07.796634,18752
6125015,286,Active,6,20,2013-11-19 21:20:07.804302,18752
6125016,287,Active,2,24,2013-11-19 21:20:07.810113,18752
6125017,288,Active,6,47,2013-11-19 21:20:07.815249,18752
6125018,289,Active,6,29,2013-11-19 21:20:07.821069,18752
6125019,290,Active,15,18,2013-11-19 21:20:07.827618,18752
6125020,291,Active,35,23,2013-11-19 21:20:07.833566,18752
6125021,292,Active,4,35,2013-11-19 21:20:07.838923,18752
6125022,293,Active,52,9,2013-11-19 21:20:07.844439,18752
6125023,294,Active,29,9,2013-11-19 21:20:07.850777,18752
6125024,295,Active,5,62,2013-11-19 21:20:07.856218,18752
6125025,296,Active,36,14,2013-11-19 21:20:07.862786,18752
6125026,297,Active,7,44,2013-11-19 21:20:07.868686,18752
6125027,298,Active,5,49,2013-11-19 21:20:07.874216,18752
6125028,299,Active,9,29,2013-11-19 21:20:07.879998,18752
6125029,300,Active,1,39,2013-11-19 21:20:07.886493,18752
6125030,301,Active,34,24,2013-11-19 21:20:07.892085,18752
6125031,302,Active,2,34,2013-11-19 21:20:07.898056,18752
6125032,303,Active,3,38,2013-11-19 21:20:07.904005,18752
6125033,305,Active,14,25,2013-11-19 21:20:07.91115,18752
6125034,306,Active,10,32,2013-11-19 21:20:07.916609,18752
6125035,307,Active,39,11,2013-11-19 21:20:07.922224,18752
6125036,308,Active,26,5,2013-11-19 21:20:07.927487,18752
6125037,309,Active,6,22,2013-11-19 21:20:07.936965,18752
6125038,310,Active,30,8,2013-11-19 21:20:07.942806,18752
6125039,311,Active,16,22,2013-11-19 21:20:07.948321,18752
6125040,312,Active,23,8,2013-11-19 21:20:07.953911,18752
6125041,313,Active,37,2,2013-11-19 21:20:07.959608,18752
6125042,314,Active,4,22,2013-11-19 21:20:07.966411,18752
6125043,315,Active,15,21,2013-11-19 21:20:07.972399,18752
6125044,316,Active,25,4,2013-11-19 21:20:07.978223,18752
6125045,317,Active,8,6,2013-11-19 21:20:07.984679,18752
6125046,318,Active,20,6,2013-11-19 21:20:07.990632,18752
6125047,319,Active,0,29,2013-11-19 21:20:07.996857,18752
6125048,320,Active,29,5,2013-11-19 21:20:08.002213,18752
6125049,321,Active,3,9,2013-11-19 21:20:08.007787,18752
6125050,322,Active,14,34,2013-11-19 21:20:08.013502,18752
6125051,332,Active,16,8,2013-11-19 21:20:08.020297,18752
6125052,327,Active,11,24,2013-11-19 21:20:08.026997,18752
6125053,328,Active,39,0,2013-11-19 21:20:08.033473,18752
6125054,331,Active,3,31,2013-11-19 21:20:08.039117,18752
6125055,323,Active,0,39,2013-11-19 21:20:08.045059,18752
6125056,324,Active,16,27,2013-11-19 21:20:08.051906,18752
6125057,329,Active,14,19,2013-11-19 21:20:08.058131,18752
6125058,325,Active,21,15,2013-11-19 21:20:08.064169,18752
6125059,326,Active,8,15,2013-11-19 21:20:08.070759,18752
6125060,1,Active,8,29,2013-11-19 21:30:04.841744,18753
6125061,2,Active,32,0,2013-11-19 21:30:04.853665,18753
6125062,3,Active,12,14,2013-11-19 21:30:04.858741,18753
6125063,4,Active,26,35,2013-11-19 21:30:04.863364,18753
6125064,5,Active,15,20,2013-11-19 21:30:04.868745,18753
6125065,6,Active,2,16,2013-11-19 21:30:04.873666,18753
6125066,7,Active,8,11,2013-11-19 21:30:04.878401,18753
6125067,8,Active,7,21,2013-11-19 21:30:04.883038,18753
6125068,9,Active,28,1,2013-11-19 21:30:04.88765,18753
6125069,10,Active,35,11,2013-11-19 21:30:04.89233,18753
6125070,11,Active,0,23,2013-11-19 21:30:04.896605,18753
6125071,12,Active,6,13,2013-11-19 21:30:04.901387,18753
6125072,13,Active,6,31,2013-11-19 21:30:04.906439,18753
6125073,14,Active,31,0,2013-11-19 21:30:04.911031,18753
6125074,15,Active,3,28,2013-11-19 21:30:04.916055,18753
6125075,16,Active,27,4,2013-11-19 21:30:04.920723,18753
6125076,17,Active,20,9,2013-11-19 21:30:04.925497,18753
6125077,18,Active,28,26,2013-11-19 21:30:04.93033,18753
6125078,19,Active,2,20,2013-11-19 21:30:04.935543,18753
6125079,20,Active,4,21,2013-11-19 21:30:04.94169,18753
6125080,21,Active,30,4,2013-11-19 21:30:04.946582,18753
6125081,22,Active,35,12,2013-11-19 21:30:04.951393,18753
6125082,23,Active,6,38,2013-11-19 21:30:04.956269,18753
6125083,24,Active,44,2,2013-11-19 21:30:04.961109,18753
6125084,25,Active,37,11,2013-11-19 21:30:04.965909,18753
6125085,26,Active,3,27,2013-11-19 21:30:04.970744,18753
6125086,27,Active,34,9,2013-11-19 21:30:04.97584,18753
6125087,28,Active,23,4,2013-11-19 21:30:04.981589,18753
6125088,29,Active,0,23,2013-11-19 21:30:04.986553,18753
6125089,30,Active,17,22,2013-11-19 21:30:04.991243,18753
6125090,31,Active,0,37,2013-11-19 21:30:04.99629,18753
6125091,32,Active,7,26,2013-11-19 21:30:05.001142,18753
6125092,33,Active,8,19,2013-11-19 21:30:05.006495,18753
6125093,34,Active,29,6,2013-11-19 21:30:05.013367,18753
6125094,35,Active,44,10,2013-11-19 21:30:05.018039,18753
6125095,36,Active,13,11,2013-11-19 21:30:05.023986,18753
6125096,37,Active,0,21,2013-11-19 21:30:05.028837,18753
6125097,38,Active,19,19,2013-11-19 21:30:05.033548,18753
6125098,39,Active,9,28,2013-11-19 21:30:05.038396,18753
6125099,40,Active,6,33,2013-11-19 21:30:05.043187,18753
6125100,41,Active,2,27,2013-11-19 21:30:05.048076,18753
6125101,42,Active,28,3,2013-11-19 21:30:05.052996,18753
6125102,43,Active,0,23,2013-11-19 21:30:05.057707,18753
6125103,44,Active,0,23,2013-11-19 21:30:05.062831,18753
6125104,45,Active,17,22,2013-11-19 21:30:05.067777,18753
6125105,46,Active,9,21,2013-11-19 21:30:05.072884,18753
6125106,47,Active,2,21,2013-11-19 21:30:05.077872,18753
6125107,48,Active,0,17,2013-11-19 21:30:05.083111,18753
6125108,49,Active,15,8,2013-11-19 21:30:05.088334,18753
6125109,50,Active,17,9,2013-11-19 21:30:05.093374,18753
6125110,51,Active,39,0,2013-11-19 21:30:05.09816,18753
6125111,52,Active,24,3,2013-11-19 21:30:05.104035,18753
6125112,53,Active,4,28,2013-11-19 21:30:05.108757,18753
6125113,54,Active,14,33,2013-11-19 21:30:05.113896,18753
