id,station_id,status,available_bike_count,available_dock_count,created_at,station_summary_id
5379965,56,Active,11,28,2013-11-03 22:00:05.4785,16452
5379966,57,Active,0,23,2013-11-03 22:00:05.485333,16452
5379967,58,Active,25,14,2013-11-03 22:00:05.492316,16452
5379968,59,Active,3,32,2013-11-03 22:00:05.497815,16452
5379969,60,Active,15,12,2013-11-03 22:00:05.503028,16452
5379970,61,Active,1,23,2013-11-03 22:00:05.509156,16452
5379971,62,Active,19,12,2013-11-03 22:00:05.514642,16452
5379972,63,Active,10,17,2013-11-03 22:00:05.520109,16452
5379973,64,Active,18,17,2013-11-03 22:00:05.525986,16452
5379974,65,Active,11,13,2013-11-03 22:00:05.532033,16452
5379975,66,Active,18,39,2013-11-03 22:00:05.537558,16452
5379976,67,Active,13,14,2013-11-03 22:00:05.542882,16452
5379977,68,Active,3,20,2013-11-03 22:00:05.548198,16452
5379978,69,Active,5,34,2013-11-03 22:00:05.5533,16452
5379979,70,Active,4,27,2013-11-03 22:00:05.558449,16452
5379980,71,Active,0,19,2013-11-03 22:00:05.563589,16452
5379981,72,Active,9,16,2013-11-03 22:00:05.569086,16452
5379982,73,Active,0,19,2013-11-03 22:00:05.576329,16452
5379983,74,Active,1,18,2013-11-03 22:00:05.582305,16452
5379984,75,Active,4,27,2013-11-03 22:00:05.587541,16452
5379985,76,Active,46,13,2013-11-03 22:00:05.592678,16452
5379986,77,Active,2,25,2013-11-03 22:00:05.598087,16452
5379987,78,Active,28,15,2013-11-03 22:00:05.602996,16452
5379988,79,Active,33,14,2013-11-03 22:00:05.608124,16452
5379989,80,Active,1,18,2013-11-03 22:00:05.613536,16452
5379990,81,Active,6,23,2013-11-03 22:00:05.619211,16452
5379991,82,Active,1,19,2013-11-03 22:00:05.624221,16452
5379992,83,Active,29,26,2013-11-03 22:00:05.633331,16452
5379993,84,Active,26,5,2013-11-03 22:00:05.638694,16452
5379994,85,Active,15,9,2013-11-03 22:00:05.644082,16452
5379995,86,Active,19,16,2013-11-03 22:00:05.64939,16452
5379996,87,Active,21,6,2013-11-03 22:00:05.654772,16452
5379997,88,Active,9,26,2013-11-03 22:00:05.659936,16452
5379998,89,Active,20,35,2013-11-03 22:00:05.664965,16452
5379999,90,Active,22,14,2013-11-03 22:00:05.670261,16452
5380000,91,Active,21,2,2013-11-03 22:00:05.676181,16452
5380001,92,Active,27,4,2013-11-03 22:00:05.681883,16452
5380002,93,Active,17,19,2013-11-03 22:00:05.687469,16452
5380003,94,Active,26,7,2013-11-03 22:00:05.692878,16452
5380004,95,Active,5,25,2013-11-03 22:00:05.698238,16452
5380005,96,Active,1,30,2013-11-03 22:00:05.703364,16452
5380006,97,Active,23,4,2013-11-03 22:00:05.708329,16452
5380007,98,Active,24,17,2013-11-03 22:00:05.714619,16452
5380008,99,Active,16,19,2013-11-03 22:00:05.72044,16452
5380009,100,Active,23,7,2013-11-03 22:00:05.725465,16452
5380010,101,Active,8,23,2013-11-03 22:00:05.730872,16452
5380011,102,Active,20,3,2013-11-03 22:00:05.736342,16452
5380012,103,Active,2,37,2013-11-03 22:00:05.741991,16452
5380013,104,Active,4,25,2013-11-03 22:00:05.747908,16452
5380014,105,Active,3,40,2013-11-03 22:00:05.753897,16452
5380015,106,Active,11,16,2013-11-03 22:00:05.759766,16452
5380016,107,Active,2,29,2013-11-03 22:00:05.76559,16452
5380017,108,Active,25,10,2013-11-03 22:00:05.770873,16452
5380018,109,Active,9,30,2013-11-03 22:00:05.775875,16452
5380019,110,Active,16,11,2013-11-03 22:00:05.781036,16452
5380020,111,Active,10,21,2013-11-03 22:00:05.808001,16452
5380021,112,Active,8,31,2013-11-03 22:00:05.814233,16452
5380022,113,Active,45,6,2013-11-03 22:00:05.819688,16452
5380023,114,Active,14,21,2013-11-03 22:00:05.826405,16452
5380024,115,Active,4,23,2013-11-03 22:00:05.831803,16452
5380025,116,Active,25,14,2013-11-03 22:00:05.837362,16452
5380026,117,Active,9,14,2013-11-03 22:00:05.842373,16452
5380027,118,Active,25,6,2013-11-03 22:00:05.847711,16452
5380028,119,Active,19,20,2013-11-03 22:00:05.853275,16452
5380029,120,Active,11,16,2013-11-03 22:00:05.858869,16452
5380030,121,Active,8,16,2013-11-03 22:00:05.864226,16452
5380031,122,Active,8,23,2013-11-03 22:00:05.869539,16452
5380032,123,Active,22,5,2013-11-03 22:00:05.875093,16452
5380033,124,Active,14,22,2013-11-03 22:00:05.88015,16452
5380034,125,Active,10,27,2013-11-03 22:00:05.885505,16452
5380035,126,Active,16,8,2013-11-03 22:00:05.891182,16452
5380036,127,Active,0,27,2013-11-03 22:00:05.896379,16452
5380037,128,Active,9,10,2013-11-03 22:00:05.905103,16452
5380038,129,Active,4,25,2013-11-03 22:00:05.910438,16452
5380039,130,Active,18,5,2013-11-03 22:00:05.916025,16452
5380040,131,Active,1,22,2013-11-03 22:00:05.921178,16452
5380041,132,Active,20,15,2013-11-03 22:00:05.926347,16452
5380042,133,Active,21,6,2013-11-03 22:00:05.931847,16452
5380043,134,Active,18,17,2013-11-03 22:00:05.93718,16452
5380044,135,Active,25,17,2013-11-03 22:00:05.942348,16452
5380045,136,Active,7,16,2013-11-03 22:00:05.947875,16452
5380046,137,Active,3,25,2013-11-03 22:00:05.953089,16452
5380047,138,Active,6,33,2013-11-03 22:00:05.958708,16452
5380048,139,Active,23,13,2013-11-03 22:00:05.96425,16452
5380049,140,Active,7,20,2013-11-03 22:00:05.970832,16452
5380050,141,Active,6,25,2013-11-03 22:00:05.976102,16452
5380051,142,Active,38,5,2013-11-03 22:00:05.981888,16452
5380052,143,Active,5,18,2013-11-03 22:00:05.987329,16452
5380053,144,Active,18,9,2013-11-03 22:00:05.992579,16452
5380054,145,Active,0,36,2013-11-03 22:00:05.998527,16452
5380055,146,Active,25,30,2013-11-03 22:00:06.004282,16452
5380056,147,Active,0,39,2013-11-03 22:00:06.009925,16452
5380057,148,Active,25,18,2013-11-03 22:00:06.015742,16452
5380058,149,Active,31,26,2013-11-03 22:00:06.021349,16452
5380059,150,Active,8,41,2013-11-03 22:00:06.029102,16452
5380060,151,Active,1,26,2013-11-03 22:00:06.034536,16452
5380061,152,Active,1,30,2013-11-03 22:00:06.03964,16452
5380062,153,Active,3,30,2013-11-03 22:00:06.045077,16452
5380063,154,Active,2,32,2013-11-03 22:00:06.050336,16452
5380064,155,Active,3,36,2013-11-03 22:00:06.055747,16452
5380065,156,Active,9,26,2013-11-03 22:00:06.060896,16452
5380066,157,Active,10,17,2013-11-03 22:00:06.066012,16452
5380067,158,Active,7,12,2013-11-03 22:00:06.071628,16452
5380068,159,Active,27,3,2013-11-03 22:00:06.077252,16452
5380069,160,Active,6,37,2013-11-03 22:00:06.082677,16452
5380070,161,Active,19,28,2013-11-03 22:00:06.08827,16452
5380071,162,Active,19,23,2013-11-03 22:00:06.093844,16452
5380072,163,Active,24,15,2013-11-03 22:00:06.09931,16452
5380073,164,Active,35,1,2013-11-03 22:00:06.104533,16452
5380074,165,Active,11,28,2013-11-03 22:00:06.11014,16452
5380075,166,Active,1,30,2013-11-03 22:00:06.115978,16452
5380076,167,Active,12,17,2013-11-03 22:00:06.143292,16452
5380077,168,Active,2,41,2013-11-03 22:00:06.149291,16452
5380078,169,Active,1,38,2013-11-03 22:00:06.155102,16452
5380079,170,Active,14,21,2013-11-03 22:00:06.160974,16452
5380080,171,Active,6,21,2013-11-03 22:00:06.166387,16452
5380081,172,Active,0,31,2013-11-03 22:00:06.171937,16452
5380082,173,Active,8,23,2013-11-03 22:00:06.177601,16452
5380083,174,Active,30,2,2013-11-03 22:00:06.18268,16452
5380084,175,Active,2,29,2013-11-03 22:00:06.188063,16452
5380085,176,Active,3,33,2013-11-03 22:00:06.193649,16452
5380086,177,Active,15,15,2013-11-03 22:00:06.199061,16452
5380087,178,Active,4,21,2013-11-03 22:00:06.204437,16452
5380088,179,Active,4,23,2013-11-03 22:00:06.210453,16452
5380089,180,Active,6,25,2013-11-03 22:00:06.215621,16452
5380090,181,Active,0,27,2013-11-03 22:00:06.221049,16452
5380091,182,Active,10,5,2013-11-03 22:00:06.226522,16452
5380092,183,Active,4,38,2013-11-03 22:00:06.23166,16452
5380093,184,Active,34,8,2013-11-03 22:00:06.23671,16452
5380094,185,Active,26,5,2013-11-03 22:00:06.24222,16452
5380095,186,Active,32,7,2013-11-03 22:00:06.247809,16452
5380096,187,Active,9,31,2013-11-03 22:00:06.257734,16452
5380097,188,Active,8,26,2013-11-03 22:00:06.263227,16452
5380098,189,Active,0,43,2013-11-03 22:00:06.268537,16452
5380099,190,Active,19,4,2013-11-03 22:00:06.273792,16452
5380100,191,Active,12,7,2013-11-03 22:00:06.279984,16452
5380101,192,Active,3,32,2013-11-03 22:00:06.287602,16452
5380102,193,Active,15,8,2013-11-03 22:00:06.292998,16452
5380103,194,Active,25,4,2013-11-03 22:00:06.298708,16452
5380104,195,Active,13,11,2013-11-03 22:00:06.304289,16452
5380105,196,Active,1,41,2013-11-03 22:00:06.310597,16452
5380106,197,Active,3,28,2013-11-03 22:00:06.316829,16452
5380107,198,Active,23,24,2013-11-03 22:00:06.322652,16452
5380108,199,Active,2,21,2013-11-03 22:00:06.328664,16452
5380109,200,Active,0,23,2013-11-03 22:00:06.334333,16452
5380110,201,Active,1,22,2013-11-03 22:00:06.341251,16452
5380111,202,Active,0,19,2013-11-03 22:00:06.347383,16452
5380112,203,Active,2,53,2013-11-03 22:00:06.353316,16452
5380113,204,Active,2,37,2013-11-03 22:00:06.359114,16452
5380114,205,Active,25,6,2013-11-03 22:00:06.364998,16452
5380115,206,Active,10,49,2013-11-03 22:00:06.372067,16452
5380116,207,Active,9,22,2013-11-03 22:00:06.377815,16452
5380117,208,Active,5,22,2013-11-03 22:00:06.384037,16452
5380118,209,Active,11,19,2013-11-03 22:00:06.390207,16452
5380119,210,Active,16,15,2013-11-03 22:00:06.396438,16452
5380120,211,Active,3,36,2013-11-03 22:00:06.401762,16452
5380121,212,Active,16,11,2013-11-03 22:00:06.407895,16452
5380122,213,Active,33,14,2013-11-03 22:00:06.414189,16452
5380123,214,Active,2,25,2013-11-03 22:00:06.419695,16452
5380124,215,Active,1,26,2013-11-03 22:00:06.425638,16452
5380125,216,Active,9,18,2013-11-03 22:00:06.431133,16452
5380126,217,Active,35,4,2013-11-03 22:00:06.436553,16452
5380127,218,Active,16,16,2013-11-03 22:00:06.44243,16452
5380128,219,Active,8,27,2013-11-03 22:00:06.448349,16452
5380129,220,Active,15,36,2013-11-03 22:00:06.454456,16452
5380130,221,Active,2,21,2013-11-03 22:00:06.460913,16452
5380131,222,Active,34,18,2013-11-03 22:00:06.467824,16452
5380132,223,Active,12,24,2013-11-03 22:00:06.49589,16452
5380133,224,Active,10,29,2013-11-03 22:00:06.505848,16452
5380134,225,Active,6,25,2013-11-03 22:00:06.511382,16452
5380135,226,Active,4,27,2013-11-03 22:00:06.517264,16452
5380136,227,Active,2,29,2013-11-03 22:00:06.523507,16452
5380137,228,Active,4,55,2013-11-03 22:00:06.529368,16452
5380138,229,Active,25,14,2013-11-03 22:00:06.535319,16452
5380139,230,Active,8,27,2013-11-03 22:00:06.540877,16452
5380140,231,Active,2,37,2013-11-03 22:00:06.546303,16452
5380141,232,Active,12,23,2013-11-03 22:00:06.551781,16452
5380142,233,Active,48,11,2013-11-03 22:00:06.557485,16452
5380143,234,Active,8,23,2013-11-03 22:00:06.563988,16452
5380144,235,Active,9,12,2013-11-03 22:00:06.572015,16452
5380145,236,Active,10,13,2013-11-03 22:00:06.578368,16452
5380146,237,Inactive,0,39,2013-11-03 22:00:06.584124,16452
5380147,238,Active,33,14,2013-11-03 22:00:06.592411,16452
5380148,239,Active,24,1,2013-11-03 22:00:06.598527,16452
5380149,240,Active,20,39,2013-11-03 22:00:06.604187,16452
5380150,241,Active,16,23,2013-11-03 22:00:06.609361,16452
5380151,242,Active,27,8,2013-11-03 22:00:06.614776,16452
5380152,243,Active,14,20,2013-11-03 22:00:06.621122,16452
5380153,244,Active,25,34,2013-11-03 22:00:06.626419,16452
5380154,245,Active,12,45,2013-11-03 22:00:06.631593,16452
5380155,246,Active,12,25,2013-11-03 22:00:06.636892,16452
5380156,247,Active,8,19,2013-11-03 22:00:06.643391,16452
5380157,248,Active,5,36,2013-11-03 22:00:06.653164,16452
5380158,249,Active,23,19,2013-11-03 22:00:06.658866,16452
5380159,250,Active,9,38,2013-11-03 22:00:06.664744,16452
5380160,251,Active,32,5,2013-11-03 22:00:06.670436,16452
5380161,252,Active,1,45,2013-11-03 22:00:06.676067,16452
5380162,253,Active,14,45,2013-11-03 22:00:06.683247,16452
5380163,254,Active,5,19,2013-11-03 22:00:06.689148,16452
5380164,255,Active,6,25,2013-11-03 22:00:06.694714,16452
5380165,256,Active,5,22,2013-11-03 22:00:06.70037,16452
5380166,257,Active,8,17,2013-11-03 22:00:06.705653,16452
5380167,258,Active,5,34,2013-11-03 22:00:06.711211,16452
5380168,259,Active,19,16,2013-11-03 22:00:06.716654,16452
5380169,260,Active,11,33,2013-11-03 22:00:06.722833,16452
5380170,261,Active,8,31,2013-11-03 22:00:06.728802,16452
5380171,262,Active,13,26,2013-11-03 22:00:06.734577,16452
5380172,263,Active,8,28,2013-11-03 22:00:06.739804,16452
5380173,264,Active,6,35,2013-11-03 22:00:06.745281,16452
5380174,265,Active,6,31,2013-11-03 22:00:06.750716,16452
5380175,266,Active,17,42,2013-11-03 22:00:06.756268,16452
5380176,267,Active,0,53,2013-11-03 22:00:06.762035,16452
5380177,268,Active,7,42,2013-11-03 22:00:06.76808,16452
5380178,269,Active,34,0,2013-11-03 22:00:06.773284,16452
5380179,270,Active,12,23,2013-11-03 22:00:06.77884,16452
5380180,271,Active,4,21,2013-11-03 22:00:06.783979,16452
5380181,272,Inactive,0,27,2013-11-03 22:00:06.79051,16452
5380182,273,Active,56,3,2013-11-03 22:00:06.796847,16452
5380183,274,Active,0,30,2013-11-03 22:00:06.803449,16452
5380184,275,Active,33,3,2013-11-03 22:00:06.810338,16452
5380185,276,Active,14,38,2013-11-03 22:00:06.816296,16452
5380186,277,Active,12,31,2013-11-03 22:00:06.822495,16452
5380187,330,Active,4,26,2013-11-03 22:00:06.828793,16452
5380188,278,Inactive,0,19,2013-11-03 22:00:06.85997,16452
5380189,279,Active,8,37,2013-11-03 22:00:06.86611,16452
5380190,280,Active,17,19,2013-11-03 22:00:06.872041,16452
5380191,281,Active,2,45,2013-11-03 22:00:06.877734,16452
5380192,282,Active,5,19,2013-11-03 22:00:06.884092,16452
5380193,283,Active,8,28,2013-11-03 22:00:06.889954,16452
5380194,284,Active,6,45,2013-11-03 22:00:06.896259,16452
5380195,285,Active,1,32,2013-11-03 22:00:06.902079,16452
5380196,286,Active,1,26,2013-11-03 22:00:06.908418,16452
5380197,287,Active,1,26,2013-11-03 22:00:06.9137,16452
5380198,288,Active,11,42,2013-11-03 22:00:06.919513,16452
5380199,289,Active,1,34,2013-11-03 22:00:06.924772,16452
5380200,290,Active,10,21,2013-11-03 22:00:06.930206,16452
5380201,291,Active,33,26,2013-11-03 22:00:06.935508,16452
5380202,292,Active,1,38,2013-11-03 22:00:06.941306,16452
5380203,293,Active,39,22,2013-11-03 22:00:06.946824,16452
5380204,294,Active,12,27,2013-11-03 22:00:06.952145,16452
5380205,295,Active,11,56,2013-11-03 22:00:06.957107,16452
5380206,296,Active,26,25,2013-11-03 22:00:06.962592,16452
5380207,297,Active,5,46,2013-11-03 22:00:06.969571,16452
5380208,298,Active,19,38,2013-11-03 22:00:06.975416,16452
5380209,299,Active,8,31,2013-11-03 22:00:06.981307,16452
5380210,300,Active,34,9,2013-11-03 22:00:06.987064,16452
5380211,301,Active,26,33,2013-11-03 22:00:06.992184,16452
5380212,302,Active,5,33,2013-11-03 22:00:06.997804,16452
5380213,303,Active,16,25,2013-11-03 22:00:07.003076,16452
5380214,305,Active,5,34,2013-11-03 22:00:07.008431,16452
5380215,306,Active,34,9,2013-11-03 22:00:07.014108,16452
5380216,307,Active,7,43,2013-11-03 22:00:07.020225,16452
5380217,308,Active,16,15,2013-11-03 22:00:07.025337,16452
5380218,309,Active,18,11,2013-11-03 22:00:07.030724,16452
5380219,310,Active,10,29,2013-11-03 22:00:07.036337,16452
5380220,311,Active,11,28,2013-11-03 22:00:07.041319,16452
5380221,312,Active,24,7,2013-11-03 22:00:07.047022,16452
5380222,313,Active,6,33,2013-11-03 22:00:07.052235,16452
5380223,314,Active,9,18,2013-11-03 22:00:07.057498,16452
5380224,315,Active,4,34,2013-11-03 22:00:07.063402,16452
5380225,316,Active,10,20,2013-11-03 22:00:07.068964,16452
5380226,317,Active,9,6,2013-11-03 22:00:07.074877,16452
5380227,318,Active,24,3,2013-11-03 22:00:07.080549,16452
5380228,319,Active,10,20,2013-11-03 22:00:07.085865,16452
5380229,320,Active,26,10,2013-11-03 22:00:07.092959,16452
5380230,321,Active,1,11,2013-11-03 22:00:07.098269,16452
5380231,322,Active,26,23,2013-11-03 22:00:07.103856,16452
5380232,332,Active,9,15,2013-11-03 22:00:07.109289,16452
5380233,327,Active,20,15,2013-11-03 22:00:07.115331,16452
5380234,328,Active,19,20,2013-11-03 22:00:07.121051,16452
5380235,331,Active,2,34,2013-11-03 22:00:07.126422,16452
5380236,323,Active,3,36,2013-11-03 22:00:07.132204,16452
5380237,324,Active,0,43,2013-11-03 22:00:07.137982,16452
5380238,329,Active,25,8,2013-11-03 22:00:07.143574,16452
5380239,325,Active,8,28,2013-11-03 22:00:07.149114,16452
5380240,326,Active,1,24,2013-11-03 22:00:07.154754,16452
5380241,1,Active,15,24,2013-11-03 22:10:05.620164,16453
5380242,2,Active,3,30,2013-11-03 22:10:05.633575,16453
5380243,3,Active,7,19,2013-11-03 22:10:05.640539,16453
5380244,4,Active,19,43,2013-11-03 22:10:05.645505,16453
5380245,5,Active,12,27,2013-11-03 22:10:05.651325,16453
5380246,6,Active,2,17,2013-11-03 22:10:05.657575,16453
5380247,7,Active,3,16,2013-11-03 22:10:05.662625,16453
5380248,8,Active,18,13,2013-11-03 22:10:05.668139,16453
5380249,9,Active,20,10,2013-11-03 22:10:05.672989,16453
5380250,10,Active,12,34,2013-11-03 22:10:05.703183,16453
5380251,11,Active,3,21,2013-11-03 22:10:05.708091,16453
5380252,12,Active,1,18,2013-11-03 22:10:05.713892,16453
5380253,13,Active,8,31,2013-11-03 22:10:05.718638,16453
5380254,14,Active,26,7,2013-11-03 22:10:05.723429,16453
5380255,15,Active,5,26,2013-11-03 22:10:05.728472,16453
5380256,16,Active,26,7,2013-11-03 22:10:05.733208,16453
5380257,17,Active,26,3,2013-11-03 22:10:05.737952,16453
5380258,18,Active,21,34,2013-11-03 22:10:05.742521,16453
5380259,19,Active,9,14,2013-11-03 22:10:05.746962,16453
5380260,20,Active,8,18,2013-11-03 22:10:05.779658,16453
5380261,21,Active,29,6,2013-11-03 22:10:05.784489,16453
5380262,22,Active,5,42,2013-11-03 22:10:05.790092,16453
5380263,23,Active,7,38,2013-11-03 22:10:05.794921,16453
5380264,24,Active,26,21,2013-11-03 22:10:05.799515,16453
5380265,25,Active,16,35,2013-11-03 22:10:05.804256,16453
5380266,26,Active,8,22,2013-11-03 22:10:05.809242,16453
5380267,27,Active,22,23,2013-11-03 22:10:05.8143,16453
5380268,28,Active,25,3,2013-11-03 22:10:05.819266,16453
5380269,29,Active,0,23,2013-11-03 22:10:05.824471,16453
5380270,30,Active,1,38,2013-11-03 22:10:05.855289,16453
5380271,31,Active,15,23,2013-11-03 22:10:05.860067,16453
5380272,32,Active,1,32,2013-11-03 22:10:05.864899,16453
5380273,33,Active,7,24,2013-11-03 22:10:05.869802,16453
5380274,34,Active,33,4,2013-11-03 22:10:05.874409,16453
5380275,35,Active,14,41,2013-11-03 22:10:05.87912,16453
5380276,36,Active,17,10,2013-11-03 22:10:05.884099,16453
5380277,37,Active,15,8,2013-11-03 22:10:05.888583,16453
5380278,38,Active,1,38,2013-11-03 22:10:05.893108,16453
5380279,39,Active,21,18,2013-11-03 22:10:05.898125,16453
5380280,40,Active,1,38,2013-11-03 22:10:05.930412,16453
5380281,41,Active,22,9,2013-11-03 22:10:05.935195,16453
5380282,42,Active,7,24,2013-11-03 22:10:05.940769,16453
5380283,43,Active,0,23,2013-11-03 22:10:05.945701,16453
5380284,44,Active,0,22,2013-11-03 22:10:05.952005,16453
5380285,45,Active,33,6,2013-11-03 22:10:05.957031,16453
5380286,46,Active,0,31,2013-11-03 22:10:05.962189,16453
5380287,47,Active,1,22,2013-11-03 22:10:05.966836,16453
5380288,48,Active,17,3,2013-11-03 22:10:05.971675,16453
5380289,49,Active,2,21,2013-11-03 22:10:05.977298,16453
5380290,50,Active,14,13,2013-11-03 22:10:06.007206,16453
5380291,51,Active,37,3,2013-11-03 22:10:06.012114,16453
5380292,52,Active,24,3,2013-11-03 22:10:06.016896,16453
5380293,53,Active,8,25,2013-11-03 22:10:06.021878,16453
5380294,54,Active,22,25,2013-11-03 22:10:06.026921,16453
5380295,55,Active,0,31,2013-11-03 22:10:06.03259,16453
5380296,56,Active,12,27,2013-11-03 22:10:06.063732,16453
5380297,57,Active,1,22,2013-11-03 22:10:06.091576,16453
5380298,58,Active,25,14,2013-11-03 22:10:06.097453,16453
5380299,59,Active,4,31,2013-11-03 22:10:06.104307,16453
5380300,60,Active,16,11,2013-11-03 22:10:06.110836,16453
5380301,61,Active,1,23,2013-11-03 22:10:06.11679,16453
5380302,62,Active,18,13,2013-11-03 22:10:06.123338,16453
5380303,63,Active,6,21,2013-11-03 22:10:06.129252,16453
5380304,64,Active,20,15,2013-11-03 22:10:06.134764,16453
5380305,65,Active,10,14,2013-11-03 22:10:06.141249,16453
5380306,66,Active,19,38,2013-11-03 22:10:06.174089,16453
5380307,67,Active,11,16,2013-11-03 22:10:06.179705,16453
5380308,68,Active,3,20,2013-11-03 22:10:06.185542,16453
5380309,69,Active,4,35,2013-11-03 22:10:06.19136,16453
5380310,70,Active,3,28,2013-11-03 22:10:06.197086,16453
5380311,71,Active,0,19,2013-11-03 22:10:06.203645,16453
5380312,72,Active,9,16,2013-11-03 22:10:06.210164,16453
5380313,73,Active,0,19,2013-11-03 22:10:06.216157,16453
5380314,74,Active,1,18,2013-11-03 22:10:06.249828,16453
5380315,75,Active,4,27,2013-11-03 22:10:06.25604,16453
5380316,76,Active,42,17,2013-11-03 22:10:06.262002,16453
5380317,77,Active,2,25,2013-11-03 22:10:06.267655,16453
5380318,78,Active,30,13,2013-11-03 22:10:06.273509,16453
5380319,79,Active,35,12,2013-11-03 22:10:06.279981,16453
5380320,80,Active,1,18,2013-11-03 22:10:06.285313,16453
5380321,81,Active,6,23,2013-11-03 22:10:06.291658,16453
5380322,82,Active,1,19,2013-11-03 22:10:06.324676,16453
5380323,83,Active,33,22,2013-11-03 22:10:06.3306,16453
5380324,84,Active,26,5,2013-11-03 22:10:06.336537,16453
5380325,85,Active,15,9,2013-11-03 22:10:06.342136,16453
5380326,86,Active,20,15,2013-11-03 22:10:06.347658,16453
5380327,87,Active,21,6,2013-11-03 22:10:06.353055,16453
5380328,88,Active,9,26,2013-11-03 22:10:06.358827,16453
5380329,89,Active,21,34,2013-11-03 22:10:06.364468,16453
5380330,90,Active,20,16,2013-11-03 22:10:06.397114,16453
5380331,91,Active,21,2,2013-11-03 22:10:06.403461,16453
5380332,92,Active,28,3,2013-11-03 22:10:06.408845,16453
5380333,93,Active,15,21,2013-11-03 22:10:06.41412,16453
5380334,94,Active,26,7,2013-11-03 22:10:06.419761,16453
5380335,95,Active,6,24,2013-11-03 22:10:06.425248,16453
5380336,96,Active,3,28,2013-11-03 22:10:06.43087,16453
5380337,97,Active,23,4,2013-11-03 22:10:06.436136,16453
5380338,98,Active,26,15,2013-11-03 22:10:06.467566,16453
5380339,99,Active,18,17,2013-11-03 22:10:06.47342,16453
5380340,100,Active,23,7,2013-11-03 22:10:06.479004,16453
5380341,101,Active,11,20,2013-11-03 22:10:06.485178,16453
5380342,102,Active,20,3,2013-11-03 22:10:06.491477,16453
5380343,103,Active,2,37,2013-11-03 22:10:06.497709,16453
5380344,104,Active,3,26,2013-11-03 22:10:06.504297,16453
5380345,105,Active,4,39,2013-11-03 22:10:06.53835,16453
5380346,106,Active,11,16,2013-11-03 22:10:06.544153,16453
5380347,107,Active,2,29,2013-11-03 22:10:06.549987,16453
5380348,108,Active,25,10,2013-11-03 22:10:06.555825,16453
5380349,109,Active,9,30,2013-11-03 22:10:06.561445,16453
5380350,110,Active,17,10,2013-11-03 22:10:06.567011,16453
5380351,111,Active,10,21,2013-11-03 22:10:06.572067,16453
5380352,112,Active,8,31,2013-11-03 22:10:06.598875,16453
5380353,113,Active,45,6,2013-11-03 22:10:06.612223,16453
5380354,114,Active,14,21,2013-11-03 22:10:06.61782,16453
5380355,115,Active,4,23,2013-11-03 22:10:06.623982,16453
5380356,116,Active,26,13,2013-11-03 22:10:06.631356,16453
5380357,117,Active,8,15,2013-11-03 22:10:06.636868,16453
5380358,118,Active,24,7,2013-11-03 22:10:06.642325,16453
5380359,119,Active,17,22,2013-11-03 22:10:06.647697,16453
5380360,120,Active,12,15,2013-11-03 22:10:06.653499,16453
5380361,121,Active,6,18,2013-11-03 22:10:06.685904,16453
5380362,122,Active,6,25,2013-11-03 22:10:06.691425,16453
5380363,123,Active,22,5,2013-11-03 22:10:06.697103,16453
5380364,124,Active,11,25,2013-11-03 22:10:06.702329,16453
5380365,125,Active,10,27,2013-11-03 22:10:06.708145,16453
5380366,126,Active,16,8,2013-11-03 22:10:06.714113,16453
5380367,127,Active,0,27,2013-11-03 22:10:06.719491,16453
5380368,128,Active,8,11,2013-11-03 22:10:06.724672,16453
5380369,129,Active,6,23,2013-11-03 22:10:06.730175,16453
5380370,130,Active,18,5,2013-11-03 22:10:06.763671,16453
5380371,131,Active,3,20,2013-11-03 22:10:06.771173,16453
5380372,132,Active,22,13,2013-11-03 22:10:06.778275,16453
5380373,133,Active,20,7,2013-11-03 22:10:06.784285,16453
5380374,134,Active,18,17,2013-11-03 22:10:06.790075,16453
5380375,135,Active,25,17,2013-11-03 22:10:06.796202,16453
5380376,136,Active,6,17,2013-11-03 22:10:06.80278,16453
5380377,137,Active,5,23,2013-11-03 22:10:06.836508,16453
5380378,138,Active,6,33,2013-11-03 22:10:06.843829,16453
5380379,139,Active,23,13,2013-11-03 22:10:06.84964,16453
5380380,140,Active,7,20,2013-11-03 22:10:06.855029,16453
5380381,141,Active,6,25,2013-11-03 22:10:06.860294,16453
5380382,142,Active,38,5,2013-11-03 22:10:06.866277,16453
5380383,143,Active,4,19,2013-11-03 22:10:06.872,16453
5380384,144,Active,17,10,2013-11-03 22:10:06.877186,16453
5380385,145,Active,4,32,2013-11-03 22:10:06.910132,16453
5380386,146,Active,26,29,2013-11-03 22:10:06.915759,16453
5380387,147,Active,2,37,2013-11-03 22:10:06.922065,16453
5380388,148,Active,24,19,2013-11-03 22:10:06.927589,16453
5380389,149,Active,31,26,2013-11-03 22:10:06.934626,16453
5380390,150,Active,8,41,2013-11-03 22:10:06.940141,16453
5380391,151,Active,1,26,2013-11-03 22:10:06.945504,16453
5380392,152,Active,3,28,2013-11-03 22:10:06.951423,16453
5380393,153,Active,3,30,2013-11-03 22:10:06.956837,16453
5380394,154,Active,2,32,2013-11-03 22:10:06.988624,16453
5380395,155,Active,3,36,2013-11-03 22:10:06.994334,16453
5380396,156,Active,10,25,2013-11-03 22:10:06.99967,16453
5380397,157,Active,10,17,2013-11-03 22:10:07.006157,16453
5380398,158,Active,7,12,2013-11-03 22:10:07.013908,16453
5380399,159,Active,26,4,2013-11-03 22:10:07.019608,16453
5380400,160,Active,7,36,2013-11-03 22:10:07.025723,16453
5380401,161,Active,19,28,2013-11-03 22:10:07.059575,16453
5380402,162,Active,17,25,2013-11-03 22:10:07.065917,16453
5380403,163,Active,23,16,2013-11-03 22:10:07.071627,16453
5380404,164,Active,35,1,2013-11-03 22:10:07.077293,16453
5380405,165,Active,12,27,2013-11-03 22:10:07.08332,16453
5380406,166,Active,2,29,2013-11-03 22:10:07.08907,16453
5380407,167,Active,12,17,2013-11-03 22:10:07.095379,16453
5380408,168,Active,1,42,2013-11-03 22:10:07.158103,16453
5380409,169,Active,1,38,2013-11-03 22:10:07.165077,16453
5380410,170,Active,15,20,2013-11-03 22:10:07.196854,16453
5380411,171,Active,6,21,2013-11-03 22:10:07.203356,16453
5380412,172,Active,0,31,2013-11-03 22:10:07.208791,16453
5380413,173,Active,8,23,2013-11-03 22:10:07.215089,16453
5380414,174,Active,30,2,2013-11-03 22:10:07.221921,16453
5380415,175,Active,0,31,2013-11-03 22:10:07.227786,16453
5380416,176,Active,4,32,2013-11-03 22:10:07.23386,16453
5380417,177,Active,14,16,2013-11-03 22:10:07.269358,16453
5380418,178,Active,4,21,2013-11-03 22:10:07.277277,16453
5380419,179,Active,4,23,2013-11-03 22:10:07.283729,16453
5380420,180,Active,4,27,2013-11-03 22:10:07.289617,16453
5380421,181,Active,0,27,2013-11-03 22:10:07.29696,16453
5380422,182,Active,10,5,2013-11-03 22:10:07.304752,16453
5380423,183,Active,5,37,2013-11-03 22:10:07.311728,16453
5380424,184,Active,36,6,2013-11-03 22:10:07.344816,16453
5380425,185,Active,28,3,2013-11-03 22:10:07.350169,16453
5380426,186,Active,33,6,2013-11-03 22:10:07.356096,16453
5380427,187,Active,9,31,2013-11-03 22:10:07.361773,16453
5380428,188,Active,8,26,2013-11-03 22:10:07.367521,16453
5380429,189,Active,0,43,2013-11-03 22:10:07.373911,16453
5380430,190,Active,20,3,2013-11-03 22:10:07.379361,16453
5380431,191,Active,12,7,2013-11-03 22:10:07.415594,16453
5380432,192,Active,4,31,2013-11-03 22:10:07.421138,16453
5380433,193,Active,10,13,2013-11-03 22:10:07.426363,16453
5380434,194,Active,24,5,2013-11-03 22:10:07.432657,16453
5380435,195,Active,16,8,2013-11-03 22:10:07.439076,16453
5380436,196,Active,2,40,2013-11-03 22:10:07.445109,16453
5380437,197,Active,3,28,2013-11-03 22:10:07.451166,16453
5380438,198,Active,23,24,2013-11-03 22:10:07.484469,16453
5380439,199,Active,3,20,2013-11-03 22:10:07.490539,16453
5380440,200,Active,0,23,2013-11-03 22:10:07.496286,16453
5380441,201,Active,1,22,2013-11-03 22:10:07.502725,16453
5380442,202,Active,0,19,2013-11-03 22:10:07.508526,16453
5380443,203,Active,1,54,2013-11-03 22:10:07.514629,16453
5380444,204,Active,3,36,2013-11-03 22:10:07.520877,16453
5380445,205,Active,25,6,2013-11-03 22:10:07.527461,16453
5380446,206,Active,9,50,2013-11-03 22:10:07.55885,16453
5380447,207,Active,9,22,2013-11-03 22:10:07.56648,16453
5380448,208,Active,6,21,2013-11-03 22:10:07.573217,16453
5380449,209,Active,11,19,2013-11-03 22:10:07.579567,16453
5380450,210,Active,13,18,2013-11-03 22:10:07.586861,16453
5380451,211,Active,0,39,2013-11-03 22:10:07.592414,16453
5380452,212,Active,16,11,2013-11-03 22:10:07.597699,16453
5380453,213,Active,35,12,2013-11-03 22:10:07.633541,16453
5380454,214,Active,2,25,2013-11-03 22:10:07.640014,16453
5380455,215,Active,1,26,2013-11-03 22:10:07.645785,16453
5380456,216,Active,10,17,2013-11-03 22:10:07.651683,16453
5380457,217,Active,35,4,2013-11-03 22:10:07.65759,16453
5380458,218,Active,15,17,2013-11-03 22:10:07.663742,16453
5380459,219,Active,8,27,2013-11-03 22:10:07.671914,16453
5380460,220,Active,13,38,2013-11-03 22:10:07.706888,16453
5380461,221,Active,2,21,2013-11-03 22:10:07.712529,16453
5380462,222,Active,33,19,2013-11-03 22:10:07.718582,16453
5380463,223,Active,11,25,2013-11-03 22:10:07.72439,16453
5380464,224,Active,8,31,2013-11-03 22:10:07.75686,16453
5380465,225,Active,3,28,2013-11-03 22:10:07.778849,16453
5380466,226,Active,4,27,2013-11-03 22:10:07.78791,16453
5380467,227,Active,2,29,2013-11-03 22:10:07.795042,16453
5380468,228,Active,3,56,2013-11-03 22:10:07.802456,16453
5380469,229,Active,26,13,2013-11-03 22:10:07.808382,16453
5380470,230,Active,8,27,2013-11-03 22:10:07.814162,16453
5380471,231,Active,2,37,2013-11-03 22:10:07.820482,16453
5380472,232,Active,12,23,2013-11-03 22:10:07.853013,16453
5380473,233,Active,51,8,2013-11-03 22:10:07.859422,16453
5380474,234,Active,7,24,2013-11-03 22:10:07.865033,16453
5380475,235,Active,7,14,2013-11-03 22:10:07.870602,16453
5380476,236,Active,10,13,2013-11-03 22:10:07.876347,16453
5380477,237,Inactive,0,39,2013-11-03 22:10:07.882448,16453
5380478,238,Active,34,13,2013-11-03 22:10:07.892117,16453
5380479,239,Active,21,4,2013-11-03 22:10:07.924718,16453
5380480,240,Active,20,39,2013-11-03 22:10:07.930898,16453
5380481,241,Active,16,23,2013-11-03 22:10:07.936777,16453
5380482,242,Active,28,7,2013-11-03 22:10:07.943067,16453
5380483,243,Active,15,19,2013-11-03 22:10:07.948989,16453
5380484,244,Active,23,36,2013-11-03 22:10:07.955146,16453
5380485,245,Active,13,44,2013-11-03 22:10:07.962238,16453
5380486,246,Active,13,24,2013-11-03 22:10:07.996587,16453
5380487,247,Active,9,18,2013-11-03 22:10:08.003898,16453
5380488,248,Active,6,35,2013-11-03 22:10:08.009638,16453
5380489,249,Active,24,18,2013-11-03 22:10:08.01667,16453
5380490,250,Active,10,37,2013-11-03 22:10:08.023536,16453
5380491,251,Active,32,5,2013-11-03 22:10:08.029995,16453
5380492,252,Active,3,43,2013-11-03 22:10:08.035831,16453
5380493,253,Active,12,47,2013-11-03 22:10:08.070303,16453
5380494,254,Active,4,20,2013-11-03 22:10:08.077156,16453
5380495,255,Active,5,26,2013-11-03 22:10:08.083635,16453
5380496,256,Active,9,18,2013-11-03 22:10:08.089448,16453
5380497,257,Active,8,17,2013-11-03 22:10:08.095727,16453
5380498,258,Active,2,37,2013-11-03 22:10:08.101678,16453
5380499,259,Active,17,18,2013-11-03 22:10:08.108788,16453
5380500,260,Active,9,35,2013-11-03 22:10:08.14335,16453
5380501,261,Active,7,32,2013-11-03 22:10:08.151114,16453
5380502,262,Active,12,27,2013-11-03 22:10:08.159034,16453
5380503,263,Active,5,31,2013-11-03 22:10:08.164809,16453
5380504,264,Active,6,35,2013-11-03 22:10:08.170576,16453
5380505,265,Active,8,29,2013-11-03 22:10:08.176841,16453
5380506,266,Active,16,43,2013-11-03 22:10:08.183433,16453
5380507,267,Active,1,52,2013-11-03 22:10:08.217722,16453
5380508,268,Active,8,41,2013-11-03 22:10:08.225094,16453
5380509,269,Active,34,0,2013-11-03 22:10:08.231445,16453
5380510,270,Active,12,23,2013-11-03 22:10:08.239543,16453
5380511,271,Active,2,23,2013-11-03 22:10:08.246517,16453
5380512,272,Inactive,0,27,2013-11-03 22:10:08.253425,16453
5380513,273,Active,55,4,2013-11-03 22:10:08.25922,16453
5380514,274,Active,0,30,2013-11-03 22:10:08.291279,16453
5380515,275,Active,34,2,2013-11-03 22:10:08.298754,16453
5380516,276,Active,14,38,2013-11-03 22:10:08.304894,16453
5380517,277,Active,10,33,2013-11-03 22:10:08.310994,16453
5380518,330,Active,5,25,2013-11-03 22:10:08.317777,16453
5380519,278,Inactive,0,19,2013-11-03 22:10:08.323638,16453
5380520,279,Active,8,37,2013-11-03 22:10:08.352077,16453
5380521,280,Active,19,17,2013-11-03 22:10:08.369356,16453
5380522,281,Active,3,44,2013-11-03 22:10:08.375365,16453
5380523,282,Active,5,19,2013-11-03 22:10:08.380774,16453
5380524,283,Active,7,29,2013-11-03 22:10:08.386612,16453
5380525,284,Active,7,44,2013-11-03 22:10:08.392046,16453
5380526,285,Active,0,33,2013-11-03 22:10:08.397883,16453
5380527,286,Active,2,25,2013-11-03 22:10:08.404287,16453
5380528,287,Active,2,25,2013-11-03 22:10:08.410035,16453
5380529,288,Active,10,43,2013-11-03 22:10:08.444241,16453
5380530,289,Active,3,32,2013-11-03 22:10:08.450807,16453
5380531,290,Active,12,19,2013-11-03 22:10:08.456806,16453
5380532,291,Active,34,25,2013-11-03 22:10:08.462684,16453
5380533,292,Active,3,36,2013-11-03 22:10:08.469158,16453
5380534,293,Active,35,26,2013-11-03 22:10:08.475998,16453
5380535,294,Active,10,29,2013-11-03 22:10:08.481571,16453
5380536,295,Active,15,52,2013-11-03 22:10:08.517556,16453
5380537,296,Active,29,22,2013-11-03 22:10:08.523871,16453
5380538,297,Active,6,45,2013-11-03 22:10:08.530667,16453
5380539,298,Active,18,39,2013-11-03 22:10:08.537329,16453
5380540,299,Active,8,31,2013-11-03 22:10:08.543237,16453
5380541,300,Active,34,9,2013-11-03 22:10:08.54928,16453
5380542,301,Active,27,32,2013-11-03 22:10:08.55473,16453
5380543,302,Active,9,29,2013-11-03 22:10:08.561262,16453
5380544,303,Active,17,24,2013-11-03 22:10:08.593035,16453
5380545,305,Active,5,34,2013-11-03 22:10:08.599984,16453
5380546,306,Active,30,13,2013-11-03 22:10:08.606353,16453
5380547,307,Active,7,43,2013-11-03 22:10:08.612631,16453
5380548,308,Active,14,17,2013-11-03 22:10:08.619468,16453
5380549,309,Active,20,9,2013-11-03 22:10:08.625543,16453
5380550,310,Active,10,29,2013-11-03 22:10:08.632303,16453
5380551,311,Active,11,28,2013-11-03 22:10:08.666163,16453
5380552,312,Active,24,7,2013-11-03 22:10:08.672145,16453
5380553,313,Active,9,30,2013-11-03 22:10:08.678037,16453
5380554,314,Active,7,20,2013-11-03 22:10:08.683662,16453
5380555,315,Active,3,35,2013-11-03 22:10:08.689706,16453
5380556,316,Active,9,21,2013-11-03 22:10:08.695311,16453
5380557,317,Active,10,5,2013-11-03 22:10:08.701633,16453
5380558,318,Active,23,4,2013-11-03 22:10:08.708152,16453
5380559,319,Active,9,21,2013-11-03 22:10:08.74318,16453
5380560,320,Active,26,10,2013-11-03 22:10:08.752433,16453
5380561,321,Active,1,11,2013-11-03 22:10:08.759128,16453
5380562,322,Active,26,23,2013-11-03 22:10:08.764756,16453
5380563,332,Active,9,15,2013-11-03 22:10:08.771221,16453
5380564,327,Active,19,16,2013-11-03 22:10:08.776705,16453
5380565,328,Active,21,18,2013-11-03 22:10:08.782422,16453
5380566,331,Active,2,34,2013-11-03 22:10:08.818129,16453
5380567,323,Active,3,36,2013-11-03 22:10:08.824571,16453
5380568,324,Active,4,39,2013-11-03 22:10:08.831022,16453
5380569,329,Active,24,9,2013-11-03 22:10:08.8369,16453
5380570,325,Active,8,28,2013-11-03 22:10:08.843357,16453
5380571,326,Active,5,20,2013-11-03 22:10:08.849654,16453
5380572,1,Active,13,26,2013-11-03 22:20:05.947881,16454
5380573,2,Active,3,30,2013-11-03 22:20:05.958558,16454
5380574,3,Active,5,21,2013-11-03 22:20:05.963362,16454
5380575,4,Active,19,43,2013-11-03 22:20:05.968137,16454
5380576,5,Active,10,29,2013-11-03 22:20:05.972632,16454
5380577,6,Active,2,17,2013-11-03 22:20:05.977428,16454
5380578,7,Active,1,18,2013-11-03 22:20:05.981874,16454
5380579,8,Active,18,13,2013-11-03 22:20:05.986327,16454
5380580,9,Active,21,9,2013-11-03 22:20:05.993135,16454
5380581,10,Active,13,33,2013-11-03 22:20:05.998086,16454
5380582,11,Active,3,21,2013-11-03 22:20:06.002583,16454
5380583,12,Active,1,18,2013-11-03 22:20:06.006934,16454
5380584,13,Active,8,31,2013-11-03 22:20:06.011294,16454
5380585,14,Active,27,6,2013-11-03 22:20:06.015563,16454
5380586,15,Active,5,26,2013-11-03 22:20:06.020119,16454
5380587,16,Active,24,9,2013-11-03 22:20:06.024528,16454
5380588,17,Active,24,5,2013-11-03 22:20:06.029213,16454
5380589,18,Active,18,37,2013-11-03 22:20:06.033671,16454
5380590,19,Active,9,14,2013-11-03 22:20:06.037993,16454
5380591,20,Active,10,16,2013-11-03 22:20:06.042357,16454
5380592,21,Active,27,8,2013-11-03 22:20:06.046894,16454
5380593,22,Active,6,41,2013-11-03 22:20:06.051275,16454
5380594,23,Active,7,38,2013-11-03 22:20:06.056723,16454
5380595,24,Active,28,19,2013-11-03 22:20:06.061456,16454
5380596,25,Active,15,36,2013-11-03 22:20:06.065815,16454
5380597,26,Active,7,23,2013-11-03 22:20:06.070208,16454
5380598,27,Active,21,24,2013-11-03 22:20:06.074537,16454
5380599,28,Active,24,4,2013-11-03 22:20:06.080377,16454
5380600,29,Active,0,23,2013-11-03 22:20:06.08487,16454
5380601,30,Active,1,38,2013-11-03 22:20:06.089881,16454
5380602,31,Active,15,23,2013-11-03 22:20:06.09515,16454
5380603,32,Active,3,30,2013-11-03 22:20:06.101185,16454
5380604,33,Active,8,23,2013-11-03 22:20:06.105701,16454
5380605,34,Active,33,4,2013-11-03 22:20:06.110234,16454
5380606,35,Active,16,39,2013-11-03 22:20:06.114701,16454
5380607,36,Active,19,8,2013-11-03 22:20:06.119349,16454
5380608,37,Active,18,5,2013-11-03 22:20:06.124156,16454
5380609,38,Active,1,38,2013-11-03 22:20:06.129529,16454
5380610,39,Active,23,16,2013-11-03 22:20:06.134273,16454
5380611,40,Active,5,34,2013-11-03 22:20:06.138606,16454
5380612,41,Active,22,9,2013-11-03 22:20:06.142905,16454
5380613,42,Active,7,24,2013-11-03 22:20:06.147227,16454
5380614,43,Active,0,23,2013-11-03 22:20:06.152567,16454
5380615,44,Active,0,22,2013-11-03 22:20:06.156983,16454
5380616,45,Active,33,6,2013-11-03 22:20:06.161289,16454
5380617,46,Active,0,31,2013-11-03 22:20:06.165724,16454
5380618,47,Active,1,22,2013-11-03 22:20:06.170111,16454
5380619,48,Active,16,4,2013-11-03 22:20:06.174496,16454
5380620,49,Active,2,21,2013-11-03 22:20:06.179278,16454
5380621,50,Active,14,13,2013-11-03 22:20:06.183697,16454
5380622,51,Active,34,6,2013-11-03 22:20:06.187937,16454
5380623,52,Active,22,5,2013-11-03 22:20:06.192694,16454
5380624,53,Active,5,28,2013-11-03 22:20:06.198187,16454
5380625,54,Active,20,27,2013-11-03 22:20:06.20326,16454
5380626,55,Active,1,30,2013-11-03 22:20:06.207961,16454
5380627,56,Active,10,29,2013-11-03 22:20:06.239067,16454
5380628,57,Active,2,21,2013-11-03 22:20:06.24548,16454
5380629,58,Active,25,14,2013-11-03 22:20:06.250767,16454
5380630,59,Active,4,31,2013-11-03 22:20:06.255815,16454
5380631,60,Active,16,11,2013-11-03 22:20:06.261125,16454
5380632,61,Active,1,23,2013-11-03 22:20:06.266264,16454
5380633,62,Active,20,11,2013-11-03 22:20:06.271427,16454
5380634,63,Active,6,21,2013-11-03 22:20:06.276489,16454
5380635,64,Active,23,12,2013-11-03 22:20:06.281717,16454
5380636,65,Active,10,14,2013-11-03 22:20:06.289617,16454
5380637,66,Active,18,39,2013-11-03 22:20:06.29498,16454
5380638,67,Active,11,16,2013-11-03 22:20:06.300248,16454
5380639,68,Active,3,20,2013-11-03 22:20:06.306284,16454
5380640,69,Active,4,35,2013-11-03 22:20:06.311396,16454
5380641,70,Active,3,28,2013-11-03 22:20:06.316559,16454
5380642,71,Active,1,18,2013-11-03 22:20:06.321856,16454
5380643,72,Active,8,17,2013-11-03 22:20:06.326946,16454
5380644,73,Active,0,19,2013-11-03 22:20:06.332541,16454
5380645,74,Active,1,18,2013-11-03 22:20:06.337737,16454
5380646,75,Active,2,29,2013-11-03 22:20:06.343504,16454
5380647,76,Active,40,19,2013-11-03 22:20:06.349151,16454
5380648,77,Active,4,23,2013-11-03 22:20:06.354789,16454
5380649,78,Active,31,12,2013-11-03 22:20:06.360113,16454
5380650,79,Active,34,13,2013-11-03 22:20:06.36788,16454
5380651,80,Active,1,18,2013-11-03 22:20:06.374007,16454
5380652,81,Active,5,24,2013-11-03 22:20:06.379503,16454
5380653,82,Active,1,19,2013-11-03 22:20:06.386039,16454
5380654,83,Active,37,18,2013-11-03 22:20:06.391973,16454
5380655,84,Active,25,6,2013-11-03 22:20:06.398525,16454
5380656,85,Active,11,13,2013-11-03 22:20:06.404252,16454
5380657,86,Active,20,15,2013-11-03 22:20:06.410143,16454
5380658,87,Active,23,4,2013-11-03 22:20:06.415534,16454
5380659,88,Active,9,26,2013-11-03 22:20:06.421185,16454
5380660,89,Active,22,33,2013-11-03 22:20:06.427569,16454
5380661,90,Active,16,20,2013-11-03 22:20:06.43275,16454
5380662,91,Active,22,1,2013-11-03 22:20:06.43916,16454
5380663,92,Active,29,2,2013-11-03 22:20:06.444878,16454
5380664,93,Active,18,18,2013-11-03 22:20:06.451077,16454
5380665,94,Active,26,7,2013-11-03 22:20:06.458511,16454
5380666,95,Active,5,25,2013-11-03 22:20:06.46451,16454
5380667,96,Active,0,31,2013-11-03 22:20:06.470669,16454
5380668,97,Active,23,4,2013-11-03 22:20:06.476564,16454
5380669,98,Active,25,16,2013-11-03 22:20:06.485588,16454
5380670,99,Active,17,18,2013-11-03 22:20:06.491304,16454
5380671,100,Active,24,6,2013-11-03 22:20:06.496548,16454
5380672,101,Active,12,19,2013-11-03 22:20:06.502512,16454
5380673,102,Active,20,3,2013-11-03 22:20:06.508243,16454
5380674,103,Active,0,39,2013-11-03 22:20:06.51387,16454
5380675,104,Active,3,26,2013-11-03 22:20:06.519372,16454
5380676,105,Active,5,38,2013-11-03 22:20:06.524824,16454
5380677,106,Active,12,15,2013-11-03 22:20:06.530811,16454
5380678,107,Active,3,28,2013-11-03 22:20:06.53676,16454
5380679,108,Active,25,10,2013-11-03 22:20:06.542368,16454
5380680,109,Active,8,31,2013-11-03 22:20:06.547602,16454
5380681,110,Active,17,10,2013-11-03 22:20:06.552912,16454
5380682,111,Active,11,20,2013-11-03 22:20:06.557993,16454
5380683,112,Active,8,31,2013-11-03 22:20:06.58548,16454
5380684,113,Active,45,6,2013-11-03 22:20:06.591897,16454
5380685,114,Active,14,21,2013-11-03 22:20:06.59738,16454
5380686,115,Active,4,23,2013-11-03 22:20:06.602685,16454
5380687,116,Active,26,13,2013-11-03 22:20:06.607686,16454
5380688,117,Active,6,17,2013-11-03 22:20:06.612777,16454
5380689,118,Active,22,9,2013-11-03 22:20:06.618004,16454
5380690,119,Active,17,22,2013-11-03 22:20:06.623481,16454
5380691,120,Active,12,15,2013-11-03 22:20:06.629622,16454
5380692,121,Active,6,18,2013-11-03 22:20:06.63574,16454
5380693,122,Active,8,23,2013-11-03 22:20:06.641604,16454
5380694,123,Active,22,5,2013-11-03 22:20:06.64696,16454
5380695,124,Active,12,24,2013-11-03 22:20:06.652099,16454
5380696,125,Active,11,26,2013-11-03 22:20:06.657716,16454
5380697,126,Active,16,8,2013-11-03 22:20:06.662782,16454
5380698,127,Active,1,26,2013-11-03 22:20:06.669787,16454
5380699,128,Active,8,11,2013-11-03 22:20:06.674923,16454
5380700,129,Active,6,23,2013-11-03 22:20:06.680153,16454
5380701,130,Active,18,5,2013-11-03 22:20:06.686374,16454
5380702,131,Active,3,20,2013-11-03 22:20:06.691614,16454
5380703,132,Active,21,14,2013-11-03 22:20:06.697107,16454
5380704,133,Active,21,6,2013-11-03 22:20:06.702763,16454
5380705,134,Active,19,16,2013-11-03 22:20:06.708533,16454
5380706,135,Active,26,16,2013-11-03 22:20:06.71495,16454
5380707,136,Active,7,16,2013-11-03 22:20:06.720073,16454
5380708,137,Active,4,24,2013-11-03 22:20:06.725474,16454
5380709,138,Active,6,33,2013-11-03 22:20:06.73328,16454
5380710,139,Active,22,14,2013-11-03 22:20:06.738705,16454
5380711,140,Active,5,22,2013-11-03 22:20:06.744442,16454
5380712,141,Active,5,26,2013-11-03 22:20:06.749634,16454
5380713,142,Active,37,6,2013-11-03 22:20:06.755302,16454
5380714,143,Active,5,18,2013-11-03 22:20:06.760555,16454
5380715,144,Active,12,15,2013-11-03 22:20:06.766111,16454
5380716,145,Active,2,34,2013-11-03 22:20:06.771637,16454
5380717,146,Active,26,29,2013-11-03 22:20:06.776846,16454
5380718,147,Active,0,39,2013-11-03 22:20:06.782504,16454
5380719,148,Active,22,21,2013-11-03 22:20:06.78792,16454
5380720,149,Active,31,26,2013-11-03 22:20:06.793249,16454
5380721,150,Active,9,40,2013-11-03 22:20:06.799417,16454
5380722,151,Active,1,26,2013-11-03 22:20:06.804835,16454
5380723,152,Active,3,28,2013-11-03 22:20:06.81022,16454
5380724,153,Active,2,31,2013-11-03 22:20:06.815895,16454
5380725,154,Active,2,32,2013-11-03 22:20:06.821934,16454
5380726,155,Active,2,37,2013-11-03 22:20:06.827443,16454
5380727,156,Active,9,26,2013-11-03 22:20:06.833192,16454
5380728,157,Active,10,17,2013-11-03 22:20:06.838749,16454
5380729,158,Active,7,12,2013-11-03 22:20:06.844904,16454
5380730,159,Active,27,3,2013-11-03 22:20:06.851931,16454
5380731,160,Active,7,36,2013-11-03 22:20:06.857372,16454
5380732,161,Active,21,26,2013-11-03 22:20:06.866114,16454
5380733,162,Active,15,27,2013-11-03 22:20:06.871542,16454
5380734,163,Active,27,12,2013-11-03 22:20:06.877447,16454
5380735,164,Active,34,2,2013-11-03 22:20:06.882661,16454
5380736,165,Active,11,28,2013-11-03 22:20:06.889176,16454
5380737,166,Active,2,29,2013-11-03 22:20:06.894506,16454
5380738,167,Active,14,15,2013-11-03 22:20:06.900344,16454
5380739,168,Active,1,42,2013-11-03 22:20:06.930111,16454
5380740,169,Active,1,38,2013-11-03 22:20:06.93628,16454
5380741,170,Active,15,20,2013-11-03 22:20:06.944124,16454
5380742,171,Active,7,20,2013-11-03 22:20:06.949538,16454
5380743,172,Active,0,31,2013-11-03 22:20:06.955006,16454
5380744,173,Active,7,24,2013-11-03 22:20:06.96016,16454
5380745,174,Active,30,2,2013-11-03 22:20:06.9653,16454
5380746,175,Active,0,31,2013-11-03 22:20:06.97086,16454
5380747,176,Active,9,27,2013-11-03 22:20:06.976055,16454
5380748,177,Active,14,16,2013-11-03 22:20:06.981376,16454
5380749,178,Active,4,21,2013-11-03 22:20:06.986616,16454
5380750,179,Active,4,23,2013-11-03 22:20:06.992123,16454
5380751,180,Active,4,27,2013-11-03 22:20:06.997529,16454
5380752,181,Active,0,27,2013-11-03 22:20:07.002817,16454
5380753,182,Active,10,5,2013-11-03 22:20:07.008439,16454
5380754,183,Active,4,38,2013-11-03 22:20:07.017432,16454
5380755,184,Active,35,7,2013-11-03 22:20:07.022937,16454
5380756,185,Active,27,4,2013-11-03 22:20:07.027757,16454
5380757,186,Active,33,6,2013-11-03 22:20:07.033144,16454
5380758,187,Active,10,30,2013-11-03 22:20:07.038531,16454
5380759,188,Active,9,25,2013-11-03 22:20:07.043588,16454
5380760,189,Active,1,42,2013-11-03 22:20:07.04903,16454
5380761,190,Active,20,3,2013-11-03 22:20:07.054331,16454
5380762,191,Active,12,7,2013-11-03 22:20:07.059436,16454
5380763,192,Active,3,32,2013-11-03 22:20:07.066237,16454
5380764,193,Active,10,13,2013-11-03 22:20:07.072198,16454
5380765,194,Active,25,4,2013-11-03 22:20:07.077651,16454
5380766,195,Active,15,9,2013-11-03 22:20:07.083833,16454
5380767,196,Active,3,39,2013-11-03 22:20:07.089517,16454
5380768,197,Active,2,29,2013-11-03 22:20:07.094844,16454
5380769,198,Active,22,25,2013-11-03 22:20:07.100425,16454
5380770,199,Active,1,22,2013-11-03 22:20:07.105595,16454
5380771,200,Active,0,23,2013-11-03 22:20:07.111127,16454
5380772,201,Active,0,23,2013-11-03 22:20:07.116373,16454
5380773,202,Active,0,19,2013-11-03 22:20:07.122353,16454
5380774,203,Active,2,53,2013-11-03 22:20:07.128101,16454
5380775,204,Active,3,36,2013-11-03 22:20:07.13434,16454
5380776,205,Active,25,6,2013-11-03 22:20:07.14202,16454
5380777,206,Active,9,50,2013-11-03 22:20:07.147488,16454
5380778,207,Active,11,20,2013-11-03 22:20:07.15289,16454
5380779,208,Active,6,21,2013-11-03 22:20:07.158468,16454
5380780,209,Active,11,19,2013-11-03 22:20:07.16382,16454
5380781,210,Active,16,15,2013-11-03 22:20:07.169222,16454
5380782,211,Active,2,37,2013-11-03 22:20:07.174583,16454
5380783,212,Active,16,11,2013-11-03 22:20:07.179977,16454
5380784,213,Active,33,14,2013-11-03 22:20:07.185898,16454
5380785,214,Active,1,26,2013-11-03 22:20:07.191244,16454
5380786,215,Active,1,26,2013-11-03 22:20:07.196587,16454
5380787,216,Active,11,16,2013-11-03 22:20:07.202368,16454
5380788,217,Active,37,2,2013-11-03 22:20:07.20781,16454
5380789,218,Active,15,17,2013-11-03 22:20:07.212958,16454
5380790,219,Active,9,26,2013-11-03 22:20:07.218305,16454
5380791,220,Active,12,39,2013-11-03 22:20:07.223473,16454
5380792,221,Active,2,21,2013-11-03 22:20:07.22884,16454
5380793,222,Active,35,17,2013-11-03 22:20:07.234357,16454
5380794,223,Active,12,24,2013-11-03 22:20:07.239474,16454
5380795,224,Active,8,31,2013-11-03 22:20:07.267405,16454
5380796,225,Active,2,29,2013-11-03 22:20:07.27379,16454
5380797,226,Active,4,27,2013-11-03 22:20:07.279085,16454
5380798,227,Active,0,31,2013-11-03 22:20:07.284067,16454
5380799,228,Active,0,59,2013-11-03 22:20:07.290997,16454
5380800,229,Active,31,8,2013-11-03 22:20:07.295934,16454
5380801,230,Active,7,28,2013-11-03 22:20:07.301507,16454
5380802,231,Active,2,37,2013-11-03 22:20:07.307053,16454
5380803,232,Active,12,23,2013-11-03 22:20:07.312541,16454
5380804,233,Active,50,9,2013-11-03 22:20:07.318207,16454
5380805,234,Active,7,24,2013-11-03 22:20:07.323656,16454
5380806,235,Active,9,12,2013-11-03 22:20:07.328807,16454
5380807,236,Active,11,12,2013-11-03 22:20:07.334225,16454
5380808,237,Inactive,0,39,2013-11-03 22:20:07.340046,16454
5380809,238,Active,34,13,2013-11-03 22:20:07.350277,16454
5380810,239,Active,21,4,2013-11-03 22:20:07.356006,16454
5380811,240,Active,23,36,2013-11-03 22:20:07.361879,16454
5380812,241,Active,16,23,2013-11-03 22:20:07.368164,16454
5380813,242,Active,26,9,2013-11-03 22:20:07.373405,16454
5380814,243,Active,15,19,2013-11-03 22:20:07.378519,16454
5380815,244,Active,19,40,2013-11-03 22:20:07.383616,16454
5380816,245,Active,11,46,2013-11-03 22:20:07.388385,16454
5380817,246,Active,13,24,2013-11-03 22:20:07.393558,16454
5380818,247,Active,7,20,2013-11-03 22:20:07.398519,16454
5380819,248,Active,7,34,2013-11-03 22:20:07.403737,16454
5380820,249,Active,25,17,2013-11-03 22:20:07.40877,16454
5380821,250,Active,10,37,2013-11-03 22:20:07.413837,16454
5380822,251,Active,32,5,2013-11-03 22:20:07.418752,16454
5380823,252,Active,5,41,2013-11-03 22:20:07.424495,16454
5380824,253,Active,8,51,2013-11-03 22:20:07.430244,16454
5380825,254,Active,2,22,2013-11-03 22:20:07.436385,16454
5380826,255,Active,0,31,2013-11-03 22:20:07.441956,16454
5380827,256,Active,10,17,2013-11-03 22:20:07.447022,16454
5380828,257,Active,8,17,2013-11-03 22:20:07.453496,16454
5380829,258,Active,2,37,2013-11-03 22:20:07.458715,16454
5380830,259,Active,18,17,2013-11-03 22:20:07.465028,16454
5380831,260,Active,9,35,2013-11-03 22:20:07.47081,16454
5380832,261,Active,6,33,2013-11-03 22:20:07.475904,16454
5380833,262,Active,11,28,2013-11-03 22:20:07.481676,16454
5380834,263,Active,5,31,2013-11-03 22:20:07.486946,16454
5380835,264,Active,6,35,2013-11-03 22:20:07.493174,16454
5380836,265,Active,7,30,2013-11-03 22:20:07.498464,16454
5380837,266,Active,15,44,2013-11-03 22:20:07.504005,16454
5380838,267,Active,1,52,2013-11-03 22:20:07.509514,16454
5380839,268,Active,5,44,2013-11-03 22:20:07.515003,16454
5380840,269,Active,33,1,2013-11-03 22:20:07.520599,16454
5380841,270,Active,14,21,2013-11-03 22:20:07.52638,16454
5380842,271,Active,2,23,2013-11-03 22:20:07.531838,16454
5380843,272,Inactive,0,27,2013-11-03 22:20:07.537022,16454
5380844,273,Active,55,4,2013-11-03 22:20:07.542036,16454
5380845,274,Active,0,30,2013-11-03 22:20:07.54705,16454
5380846,275,Active,32,4,2013-11-03 22:20:07.552014,16454
5380847,276,Active,13,39,2013-11-03 22:20:07.557112,16454
5380848,277,Active,12,31,2013-11-03 22:20:07.562303,16454
5380849,330,Active,7,23,2013-11-03 22:20:07.568285,16454
5380850,278,Inactive,0,19,2013-11-03 22:20:07.577663,16454
5380851,279,Active,11,34,2013-11-03 22:20:07.605735,16454
5380852,280,Active,18,18,2013-11-03 22:20:07.612165,16454
5380853,281,Active,5,42,2013-11-03 22:20:07.617527,16454
5380854,282,Active,7,17,2013-11-03 22:20:07.62294,16454
5380855,283,Active,5,31,2013-11-03 22:20:07.628384,16454
5380856,284,Active,5,46,2013-11-03 22:20:07.633633,16454
5380857,285,Active,1,32,2013-11-03 22:20:07.638852,16454
5380858,286,Active,4,23,2013-11-03 22:20:07.644059,16454
5380859,287,Active,2,25,2013-11-03 22:20:07.649283,16454
5380860,288,Active,10,43,2013-11-03 22:20:07.654803,16454
5380861,289,Active,4,31,2013-11-03 22:20:07.661899,16454
5380862,290,Active,12,19,2013-11-03 22:20:07.667233,16454
5380863,291,Active,34,25,2013-11-03 22:20:07.672504,16454
5380864,292,Active,3,36,2013-11-03 22:20:07.67808,16454
5380865,293,Active,32,29,2013-11-03 22:20:07.683206,16454
5380866,294,Active,10,29,2013-11-03 22:20:07.688366,16454
5380867,295,Active,15,52,2013-11-03 22:20:07.693536,16454
5380868,296,Active,29,22,2013-11-03 22:20:07.699279,16454
5380869,297,Active,4,47,2013-11-03 22:20:07.70442,16454
5380870,298,Active,16,41,2013-11-03 22:20:07.710124,16454
5380871,299,Active,8,31,2013-11-03 22:20:07.715422,16454
5380872,300,Active,31,12,2013-11-03 22:20:07.721783,16454
5380873,301,Active,26,33,2013-11-03 22:20:07.727323,16454
5380874,302,Active,5,33,2013-11-03 22:20:07.732731,16454
5380875,303,Active,17,24,2013-11-03 22:20:07.73799,16454
5380876,305,Active,4,35,2013-11-03 22:20:07.743271,16454
5380877,306,Active,31,12,2013-11-03 22:20:07.748399,16454
5380878,307,Active,6,44,2013-11-03 22:20:07.753482,16454
5380879,308,Active,15,16,2013-11-03 22:20:07.758646,16454
5380880,309,Active,21,8,2013-11-03 22:20:07.763582,16454
5380881,310,Active,6,33,2013-11-03 22:20:07.768821,16454
5380882,311,Active,11,28,2013-11-03 22:20:07.77434,16454
5380883,312,Active,22,9,2013-11-03 22:20:07.779625,16454
5380884,313,Active,9,30,2013-11-03 22:20:07.784756,16454
5380885,314,Active,9,18,2013-11-03 22:20:07.793473,16454
5380886,315,Active,3,35,2013-11-03 22:20:07.798655,16454
5380887,316,Active,11,19,2013-11-03 22:20:07.803808,16454
5380888,317,Active,9,6,2013-11-03 22:20:07.809007,16454
5380889,318,Active,24,3,2013-11-03 22:20:07.814537,16454
5380890,319,Active,10,20,2013-11-03 22:20:07.82071,16454
5380891,320,Active,24,12,2013-11-03 22:20:07.826422,16454
5380892,321,Active,1,11,2013-11-03 22:20:07.831609,16454
5380893,322,Active,26,23,2013-11-03 22:20:07.836886,16454
5380894,332,Active,9,15,2013-11-03 22:20:07.842516,16454
5380895,327,Active,19,16,2013-11-03 22:20:07.847735,16454
5380896,328,Active,21,18,2013-11-03 22:20:07.853134,16454
5380897,331,Active,2,34,2013-11-03 22:20:07.858568,16454
5380898,323,Active,2,37,2013-11-03 22:20:07.863834,16454
5380899,324,Active,5,38,2013-11-03 22:20:07.871204,16454
5380900,329,Active,24,9,2013-11-03 22:20:07.877949,16454
5380901,325,Active,8,28,2013-11-03 22:20:07.883152,16454
5380902,326,Active,3,22,2013-11-03 22:20:07.888606,16454
5380903,1,Active,13,26,2013-11-03 22:30:05.798271,16455
5380904,2,Active,1,32,2013-11-03 22:30:05.809746,16455
5380905,3,Active,7,19,2013-11-03 22:30:05.814251,16455
5380906,4,Active,20,42,2013-11-03 22:30:05.818804,16455
5380907,5,Active,9,30,2013-11-03 22:30:05.823414,16455
5380908,6,Active,2,17,2013-11-03 22:30:05.827736,16455
5380909,7,Active,2,17,2013-11-03 22:30:05.832025,16455
5380910,8,Active,16,15,2013-11-03 22:30:05.83643,16455
5380911,9,Active,21,9,2013-11-03 22:30:05.8409,16455
5380912,10,Active,12,34,2013-11-03 22:30:05.845672,16455
5380913,11,Active,3,21,2013-11-03 22:30:05.850053,16455
5380914,12,Active,1,18,2013-11-03 22:30:05.854348,16455
5380915,13,Active,8,31,2013-11-03 22:30:05.858656,16455
5380916,14,Active,31,2,2013-11-03 22:30:05.863012,16455
5380917,15,Active,4,27,2013-11-03 22:30:05.872002,16455
5380918,16,Active,24,9,2013-11-03 22:30:05.876332,16455
5380919,17,Active,24,5,2013-11-03 22:30:05.88112,16455
5380920,18,Active,17,38,2013-11-03 22:30:05.885622,16455
5380921,19,Active,10,13,2013-11-03 22:30:05.889977,16455
5380922,20,Active,12,14,2013-11-03 22:30:05.894289,16455
5380923,21,Active,28,7,2013-11-03 22:30:05.898745,16455
5380924,22,Active,6,41,2013-11-03 22:30:05.903178,16455
5380925,23,Active,9,36,2013-11-03 22:30:05.907546,16455
5380926,24,Active,33,14,2013-11-03 22:30:05.911923,16455
5380927,25,Active,16,35,2013-11-03 22:30:05.916377,16455
5380928,26,Active,7,23,2013-11-03 22:30:05.921188,16455
5380929,27,Active,19,26,2013-11-03 22:30:05.925801,16455
5380930,28,Active,26,2,2013-11-03 22:30:05.930092,16455
5380931,29,Active,0,23,2013-11-03 22:30:05.934544,16455
5380932,30,Active,0,39,2013-11-03 22:30:05.938998,16455
5380933,31,Active,15,23,2013-11-03 22:30:05.943296,16455
5380934,32,Active,3,30,2013-11-03 22:30:05.94767,16455
5380935,33,Active,7,24,2013-11-03 22:30:05.952201,16455
5380936,34,Active,33,4,2013-11-03 22:30:05.956646,16455
5380937,35,Active,17,38,2013-11-03 22:30:05.961203,16455
5380938,36,Active,19,8,2013-11-03 22:30:05.965593,16455
5380939,37,Active,17,6,2013-11-03 22:30:05.969982,16455
5380940,38,Active,2,37,2013-11-03 22:30:05.974296,16455
5380941,39,Active,20,19,2013-11-03 22:30:05.978814,16455
5380942,40,Active,5,34,2013-11-03 22:30:05.983095,16455
5380943,41,Active,22,9,2013-11-03 22:30:05.987412,16455
5380944,42,Active,7,24,2013-11-03 22:30:05.991612,16455
5380945,43,Active,0,23,2013-11-03 22:30:05.995974,16455
5380946,44,Active,0,22,2013-11-03 22:30:06.000347,16455
5380947,45,Active,32,7,2013-11-03 22:30:06.004785,16455
5380948,46,Active,1,30,2013-11-03 22:30:06.008996,16455
5380949,47,Active,1,22,2013-11-03 22:30:06.013608,16455
5380950,48,Active,18,2,2013-11-03 22:30:06.017871,16455
5380951,49,Active,3,20,2013-11-03 22:30:06.022281,16455
5380952,50,Active,15,12,2013-11-03 22:30:06.026653,16455
5380953,51,Active,35,5,2013-11-03 22:30:06.031128,16455
5380954,52,Active,21,6,2013-11-03 22:30:06.035582,16455
5380955,53,Active,4,29,2013-11-03 22:30:06.039985,16455
5380956,54,Active,21,26,2013-11-03 22:30:06.044432,16455
5380957,55,Active,1,30,2013-11-03 22:30:06.048858,16455
5380958,56,Active,11,28,2013-11-03 22:30:06.076254,16455
5380959,57,Active,2,21,2013-11-03 22:30:06.084285,16455
5380960,58,Active,27,12,2013-11-03 22:30:06.089599,16455
5380961,59,Active,4,31,2013-11-03 22:30:06.095076,16455
5380962,60,Active,16,11,2013-11-03 22:30:06.100096,16455
5380963,61,Active,1,23,2013-11-03 22:30:06.105297,16455
5380964,62,Active,18,13,2013-11-03 22:30:06.110625,16455
5380965,63,Active,5,22,2013-11-03 22:30:06.115683,16455
5380966,64,Active,24,11,2013-11-03 22:30:06.121571,16455
5380967,65,Active,10,14,2013-11-03 22:30:06.126647,16455
5380968,66,Active,24,33,2013-11-03 22:30:06.131874,16455
5380969,67,Active,11,16,2013-11-03 22:30:06.137168,16455
5380970,68,Active,4,19,2013-11-03 22:30:06.142244,16455
5380971,69,Active,5,34,2013-11-03 22:30:06.147284,16455
5380972,70,Active,3,28,2013-11-03 22:30:06.152477,16455
5380973,71,Active,1,18,2013-11-03 22:30:06.157637,16455
5380974,72,Active,8,17,2013-11-03 22:30:06.162843,16455
5380975,73,Active,1,18,2013-11-03 22:30:06.172376,16455
5380976,74,Active,1,18,2013-11-03 22:30:06.177956,16455
5380977,75,Active,3,28,2013-11-03 22:30:06.183192,16455
5380978,76,Active,38,21,2013-11-03 22:30:06.188594,16455
5380979,77,Active,5,22,2013-11-03 22:30:06.193731,16455
5380980,78,Active,28,15,2013-11-03 22:30:06.198795,16455
5380981,79,Active,37,10,2013-11-03 22:30:06.203948,16455
5380982,80,Active,1,18,2013-11-03 22:30:06.209182,16455
5380983,81,Active,5,24,2013-11-03 22:30:06.214205,16455
5380984,82,Active,0,20,2013-11-03 22:30:06.219323,16455
5380985,83,Active,36,19,2013-11-03 22:30:06.224308,16455
5380986,84,Active,25,6,2013-11-03 22:30:06.229652,16455
5380987,85,Active,8,16,2013-11-03 22:30:06.23484,16455
5380988,86,Active,22,13,2013-11-03 22:30:06.239889,16455
5380989,87,Active,25,2,2013-11-03 22:30:06.244982,16455
5380990,88,Active,9,26,2013-11-03 22:30:06.249935,16455
5380991,89,Active,23,32,2013-11-03 22:30:06.255125,16455
5380992,90,Active,15,21,2013-11-03 22:30:06.264487,16455
5380993,91,Active,22,1,2013-11-03 22:30:06.269821,16455
5380994,92,Active,28,3,2013-11-03 22:30:06.275352,16455
5380995,93,Active,18,18,2013-11-03 22:30:06.280657,16455
5380996,94,Active,25,8,2013-11-03 22:30:06.285845,16455
5380997,95,Active,5,25,2013-11-03 22:30:06.290993,16455
5380998,96,Active,0,31,2013-11-03 22:30:06.296645,16455
5380999,97,Active,22,5,2013-11-03 22:30:06.301778,16455
5381000,98,Active,24,17,2013-11-03 22:30:06.306893,16455
5381001,99,Active,24,11,2013-11-03 22:30:06.312062,16455
5381002,100,Active,24,6,2013-11-03 22:30:06.317246,16455
5381003,101,Active,14,17,2013-11-03 22:30:06.322338,16455
5381004,102,Active,20,3,2013-11-03 22:30:06.327518,16455
5381005,103,Active,0,39,2013-11-03 22:30:06.332933,16455
5381006,104,Active,2,27,2013-11-03 22:30:06.338332,16455
5381007,105,Active,5,38,2013-11-03 22:30:06.343695,16455
5381008,106,Active,15,12,2013-11-03 22:30:06.348868,16455
5381009,107,Active,3,28,2013-11-03 22:30:06.354404,16455
5381010,108,Active,26,9,2013-11-03 22:30:06.359522,16455
5381011,109,Active,7,32,2013-11-03 22:30:06.364909,16455
5381012,110,Active,19,8,2013-11-03 22:30:06.370498,16455
5381013,111,Active,11,20,2013-11-03 22:30:06.375057,16455
5381014,112,Active,8,31,2013-11-03 22:30:06.404897,16455
5381015,113,Active,45,6,2013-11-03 22:30:06.411383,16455
5381016,114,Active,12,23,2013-11-03 22:30:06.416633,16455
5381017,115,Active,7,20,2013-11-03 22:30:06.422481,16455
5381018,116,Active,28,11,2013-11-03 22:30:06.427901,16455
5381019,117,Active,8,15,2013-11-03 22:30:06.433285,16455
5381020,118,Active,21,10,2013-11-03 22:30:06.43892,16455
5381021,119,Active,17,22,2013-11-03 22:30:06.444638,16455
5381022,120,Active,11,16,2013-11-03 22:30:06.450151,16455
5381023,121,Active,6,18,2013-11-03 22:30:06.455848,16455
5381024,122,Active,6,25,2013-11-03 22:30:06.461305,16455
5381025,123,Active,22,5,2013-11-03 22:30:06.467327,16455
5381026,124,Active,13,23,2013-11-03 22:30:06.472448,16455
5381027,125,Active,11,26,2013-11-03 22:30:06.47793,16455
5381028,126,Active,16,8,2013-11-03 22:30:06.483246,16455
5381029,127,Active,2,25,2013-11-03 22:30:06.488767,16455
5381030,128,Active,7,12,2013-11-03 22:30:06.494099,16455
5381031,129,Active,8,21,2013-11-03 22:30:06.499666,16455
5381032,130,Active,18,5,2013-11-03 22:30:06.505226,16455
5381033,131,Active,3,20,2013-11-03 22:30:06.510669,16455
5381034,132,Active,21,14,2013-11-03 22:30:06.515976,16455
5381035,133,Active,18,9,2013-11-03 22:30:06.521378,16455
5381036,134,Active,19,16,2013-11-03 22:30:06.528301,16455
5381037,135,Active,23,19,2013-11-03 22:30:06.533854,16455
5381038,136,Active,5,18,2013-11-03 22:30:06.539749,16455
5381039,137,Active,3,25,2013-11-03 22:30:06.545347,16455
5381040,138,Active,5,34,2013-11-03 22:30:06.550626,16455
5381041,139,Active,22,14,2013-11-03 22:30:06.556276,16455
5381042,140,Active,5,22,2013-11-03 22:30:06.561612,16455
5381043,141,Active,6,25,2013-11-03 22:30:06.567095,16455
5381044,142,Active,37,6,2013-11-03 22:30:06.572807,16455
5381045,143,Active,5,18,2013-11-03 22:30:06.579034,16455
5381046,144,Active,11,16,2013-11-03 22:30:06.58443,16455
5381047,145,Active,2,34,2013-11-03 22:30:06.59012,16455
5381048,146,Active,25,30,2013-11-03 22:30:06.595277,16455
5381049,147,Active,2,37,2013-11-03 22:30:06.600379,16455
5381050,148,Active,22,21,2013-11-03 22:30:06.607133,16455
5381051,149,Active,31,26,2013-11-03 22:30:06.612298,16455
5381052,150,Active,7,42,2013-11-03 22:30:06.617527,16455
5381053,151,Active,1,26,2013-11-03 22:30:06.622922,16455
5381054,152,Active,3,28,2013-11-03 22:30:06.628129,16455
5381055,153,Active,2,31,2013-11-03 22:30:06.633298,16455
5381056,154,Active,3,31,2013-11-03 22:30:06.638532,16455
5381057,155,Active,2,37,2013-11-03 22:30:06.643694,16455
5381058,156,Active,11,24,2013-11-03 22:30:06.648817,16455
5381059,157,Active,10,17,2013-11-03 22:30:06.656407,16455
5381060,158,Active,7,12,2013-11-03 22:30:06.661936,16455
5381061,159,Active,27,3,2013-11-03 22:30:06.667133,16455
5381062,160,Active,8,35,2013-11-03 22:30:06.672282,16455
5381063,161,Active,19,28,2013-11-03 22:30:06.677445,16455
5381064,162,Active,15,27,2013-11-03 22:30:06.682561,16455
5381065,163,Active,25,14,2013-11-03 22:30:06.688251,16455
5381066,164,Active,34,2,2013-11-03 22:30:06.69349,16455
5381067,165,Active,11,28,2013-11-03 22:30:06.699138,16455
5381068,166,Active,3,28,2013-11-03 22:30:06.704364,16455
5381069,167,Active,13,16,2013-11-03 22:30:06.709709,16455
5381070,168,Active,1,42,2013-11-03 22:30:06.736686,16455
5381071,169,Active,2,37,2013-11-03 22:30:06.742836,16455
5381072,170,Active,15,20,2013-11-03 22:30:06.747892,16455
5381073,171,Active,7,20,2013-11-03 22:30:06.753446,16455
5381074,172,Active,0,31,2013-11-03 22:30:06.758932,16455
5381075,173,Active,6,25,2013-11-03 22:30:06.764376,16455
5381076,174,Active,30,2,2013-11-03 22:30:06.770202,16455
5381077,175,Active,1,30,2013-11-03 22:30:06.77593,16455
5381078,176,Active,12,24,2013-11-03 22:30:06.781452,16455
5381079,177,Active,14,16,2013-11-03 22:30:06.786711,16455
5381080,178,Active,4,21,2013-11-03 22:30:06.792129,16455
5381081,179,Active,3,24,2013-11-03 22:30:06.800205,16455
5381082,180,Active,5,26,2013-11-03 22:30:06.805548,16455
5381083,181,Active,0,27,2013-11-03 22:30:06.811061,16455
5381084,182,Active,10,5,2013-11-03 22:30:06.816223,16455
5381085,183,Active,7,35,2013-11-03 22:30:06.821945,16455
5381086,184,Active,35,7,2013-11-03 22:30:06.82717,16455
5381087,185,Active,28,3,2013-11-03 22:30:06.832436,16455
5381088,186,Active,30,9,2013-11-03 22:30:06.837609,16455
5381089,187,Active,10,30,2013-11-03 22:30:06.842901,16455
5381090,188,Active,7,27,2013-11-03 22:30:06.848852,16455
5381091,189,Active,1,42,2013-11-03 22:30:06.854153,16455
5381092,190,Active,20,3,2013-11-03 22:30:06.859773,16455
5381093,191,Active,12,7,2013-11-03 22:30:06.865294,16455
5381094,192,Active,8,27,2013-11-03 22:30:06.870651,16455
5381095,193,Active,10,13,2013-11-03 22:30:06.875802,16455
5381096,194,Active,21,8,2013-11-03 22:30:06.881007,16455
5381097,195,Active,16,8,2013-11-03 22:30:06.886309,16455
5381098,196,Active,4,38,2013-11-03 22:30:06.891352,16455
5381099,197,Active,2,29,2013-11-03 22:30:06.896726,16455
5381100,198,Active,21,26,2013-11-03 22:30:06.901931,16455
5381101,199,Active,0,23,2013-11-03 22:30:06.907328,16455
5381102,200,Active,0,23,2013-11-03 22:30:06.91242,16455
5381103,201,Active,0,23,2013-11-03 22:30:06.920185,16455
5381104,202,Active,0,19,2013-11-03 22:30:06.925684,16455
5381105,203,Active,4,51,2013-11-03 22:30:06.931255,16455
5381106,204,Active,3,36,2013-11-03 22:30:06.936628,16455
5381107,205,Active,26,5,2013-11-03 22:30:06.941833,16455
5381108,206,Active,9,50,2013-11-03 22:30:06.947148,16455
5381109,207,Active,12,19,2013-11-03 22:30:06.954109,16455
5381110,208,Active,6,21,2013-11-03 22:30:06.959588,16455
5381111,209,Active,11,19,2013-11-03 22:30:06.968298,16455
5381112,210,Active,16,15,2013-11-03 22:30:06.973495,16455
5381113,211,Active,3,36,2013-11-03 22:30:06.978584,16455
5381114,212,Active,19,8,2013-11-03 22:30:06.983745,16455
5381115,213,Active,33,14,2013-11-03 22:30:06.988958,16455
5381116,214,Active,1,26,2013-11-03 22:30:06.99408,16455
5381117,215,Active,1,26,2013-11-03 22:30:06.999128,16455
5381118,216,Active,14,13,2013-11-03 22:30:07.004353,16455
5381119,217,Active,37,2,2013-11-03 22:30:07.009611,16455
5381120,218,Active,16,16,2013-11-03 22:30:07.014933,16455
5381121,219,Active,10,25,2013-11-03 22:30:07.020035,16455
5381122,220,Active,11,40,2013-11-03 22:30:07.025397,16455
5381123,221,Active,2,21,2013-11-03 22:30:07.030572,16455
5381124,222,Active,33,19,2013-11-03 22:30:07.036491,16455
5381125,223,Active,12,24,2013-11-03 22:30:07.041834,16455
5381126,224,Active,10,29,2013-11-03 22:30:07.06938,16455
5381127,225,Active,3,28,2013-11-03 22:30:07.075007,16455
5381128,226,Active,2,29,2013-11-03 22:30:07.080244,16455
5381129,227,Active,0,31,2013-11-03 22:30:07.08562,16455
5381130,228,Active,0,59,2013-11-03 22:30:07.091251,16455
5381131,229,Active,33,6,2013-11-03 22:30:07.096573,16455
5381132,230,Active,8,27,2013-11-03 22:30:07.102216,16455
5381133,231,Active,3,36,2013-11-03 22:30:07.107957,16455
5381134,232,Active,12,23,2013-11-03 22:30:07.116801,16455
5381135,233,Active,52,7,2013-11-03 22:30:07.122409,16455
5381136,234,Active,7,24,2013-11-03 22:30:07.127962,16455
5381137,235,Active,10,11,2013-11-03 22:30:07.13336,16455
5381138,236,Active,11,12,2013-11-03 22:30:07.138852,16455
5381139,237,Inactive,0,39,2013-11-03 22:30:07.14431,16455
5381140,238,Active,36,11,2013-11-03 22:30:07.152303,16455
5381141,239,Active,22,3,2013-11-03 22:30:07.157658,16455
5381142,240,Active,24,35,2013-11-03 22:30:07.16286,16455
5381143,241,Active,12,27,2013-11-03 22:30:07.168084,16455
5381144,242,Active,26,9,2013-11-03 22:30:07.173386,16455
5381145,243,Active,14,20,2013-11-03 22:30:07.178534,16455
5381146,244,Active,22,37,2013-11-03 22:30:07.183896,16455
5381147,245,Active,10,47,2013-11-03 22:30:07.188998,16455
5381148,246,Active,14,23,2013-11-03 22:30:07.194207,16455
5381149,247,Active,6,21,2013-11-03 22:30:07.199559,16455
5381150,248,Active,7,34,2013-11-03 22:30:07.204791,16455
5381151,249,Active,22,20,2013-11-03 22:30:07.210098,16455
5381152,250,Active,13,34,2013-11-03 22:30:07.215318,16455
5381153,251,Active,32,5,2013-11-03 22:30:07.220359,16455
5381154,252,Active,2,44,2013-11-03 22:30:07.225682,16455
5381155,253,Active,9,50,2013-11-03 22:30:07.231952,16455
5381156,254,Active,2,22,2013-11-03 22:30:07.237325,16455
5381157,255,Active,4,27,2013-11-03 22:30:07.242749,16455
5381158,256,Active,10,17,2013-11-03 22:30:07.249406,16455
5381159,257,Active,7,18,2013-11-03 22:30:07.254976,16455
5381160,258,Active,4,35,2013-11-03 22:30:07.260264,16455
5381161,259,Active,20,15,2013-11-03 22:30:07.265484,16455
5381162,260,Active,9,35,2013-11-03 22:30:07.270761,16455
5381163,261,Active,6,33,2013-11-03 22:30:07.276417,16455
5381164,262,Active,12,27,2013-11-03 22:30:07.2819,16455
5381165,263,Active,6,30,2013-11-03 22:30:07.28727,16455
5381166,264,Active,8,33,2013-11-03 22:30:07.293181,16455
5381167,265,Active,10,27,2013-11-03 22:30:07.298771,16455
5381168,266,Active,16,43,2013-11-03 22:30:07.30406,16455
5381169,267,Active,3,50,2013-11-03 22:30:07.309301,16455
5381170,268,Active,5,44,2013-11-03 22:30:07.314616,16455
5381171,269,Active,32,2,2013-11-03 22:30:07.319944,16455
5381172,270,Active,14,21,2013-11-03 22:30:07.325671,16455
5381173,271,Active,2,23,2013-11-03 22:30:07.330991,16455
5381174,272,Inactive,0,27,2013-11-03 22:30:07.336444,16455
5381175,273,Active,52,7,2013-11-03 22:30:07.342023,16455
5381176,274,Active,0,30,2013-11-03 22:30:07.347638,16455
5381177,275,Active,30,6,2013-11-03 22:30:07.354184,16455
5381178,276,Active,13,39,2013-11-03 22:30:07.359701,16455
5381179,277,Active,13,30,2013-11-03 22:30:07.365005,16455
5381180,330,Active,10,20,2013-11-03 22:30:07.372313,16455
5381181,278,Inactive,0,19,2013-11-03 22:30:07.378184,16455
5381182,279,Active,9,36,2013-11-03 22:30:07.407122,16455
5381183,280,Active,17,19,2013-11-03 22:30:07.412611,16455
5381184,281,Active,4,43,2013-11-03 22:30:07.418239,16455
5381185,282,Active,7,17,2013-11-03 22:30:07.423726,16455
5381186,283,Active,12,24,2013-11-03 22:30:07.429174,16455
5381187,284,Active,4,47,2013-11-03 22:30:07.434664,16455
5381188,285,Active,1,32,2013-11-03 22:30:07.440067,16455
5381189,286,Active,5,22,2013-11-03 22:30:07.445462,16455
5381190,287,Active,1,26,2013-11-03 22:30:07.45087,16455
5381191,288,Active,10,43,2013-11-03 22:30:07.456353,16455
5381192,289,Active,4,31,2013-11-03 22:30:07.461793,16455
5381193,290,Active,12,19,2013-11-03 22:30:07.467164,16455
5381194,291,Active,34,25,2013-11-03 22:30:07.47257,16455
5381195,292,Active,1,38,2013-11-03 22:30:07.477781,16455
5381196,293,Active,31,30,2013-11-03 22:30:07.482977,16455
5381197,294,Active,8,31,2013-11-03 22:30:07.488079,16455
5381198,295,Active,15,52,2013-11-03 22:30:07.493315,16455
5381199,296,Active,29,22,2013-11-03 22:30:07.49878,16455
5381200,297,Active,4,47,2013-11-03 22:30:07.504341,16455
5381201,298,Active,16,41,2013-11-03 22:30:07.509534,16455
5381202,299,Active,8,31,2013-11-03 22:30:07.515009,16455
5381203,300,Active,33,10,2013-11-03 22:30:07.520275,16455
5381204,301,Active,26,33,2013-11-03 22:30:07.525462,16455
5381205,302,Active,6,32,2013-11-03 22:30:07.530614,16455
5381206,303,Active,16,25,2013-11-03 22:30:07.535746,16455
5381207,305,Active,5,34,2013-11-03 22:30:07.540908,16455
5381208,306,Active,29,14,2013-11-03 22:30:07.546183,16455
5381209,307,Active,6,44,2013-11-03 22:30:07.551498,16455
5381210,308,Active,15,16,2013-11-03 22:30:07.55701,16455
5381211,309,Active,22,7,2013-11-03 22:30:07.562287,16455
5381212,310,Active,6,33,2013-11-03 22:30:07.567506,16455
5381213,311,Active,11,28,2013-11-03 22:30:07.572658,16455
5381214,312,Active,24,7,2013-11-03 22:30:07.577968,16455
5381215,313,Active,6,33,2013-11-03 22:30:07.583053,16455
5381216,314,Active,9,18,2013-11-03 22:30:07.588352,16455
5381217,315,Active,4,34,2013-11-03 22:30:07.593531,16455
5381218,316,Active,11,19,2013-11-03 22:30:07.598702,16455
5381219,317,Active,10,5,2013-11-03 22:30:07.603847,16455
5381220,318,Active,24,3,2013-11-03 22:30:07.609039,16455
5381221,319,Active,8,22,2013-11-03 22:30:07.61416,16455
5381222,320,Active,23,13,2013-11-03 22:30:07.61927,16455
5381223,321,Active,1,11,2013-11-03 22:30:07.624447,16455
5381224,322,Active,26,23,2013-11-03 22:30:07.630252,16455
5381225,332,Active,9,15,2013-11-03 22:30:07.636449,16455
5381226,327,Active,20,15,2013-11-03 22:30:07.641862,16455
5381227,328,Active,23,16,2013-11-03 22:30:07.646963,16455
5381228,331,Active,2,34,2013-11-03 22:30:07.652216,16455
5381229,323,Active,1,38,2013-11-03 22:30:07.657414,16455
5381230,324,Active,2,41,2013-11-03 22:30:07.662594,16455
5381231,329,Active,24,9,2013-11-03 22:30:07.667748,16455
5381232,325,Active,7,29,2013-11-03 22:30:07.673006,16455
5381233,326,Active,3,22,2013-11-03 22:30:07.678184,16455
5381234,1,Active,13,26,2013-11-03 22:40:05.915855,16456
5381235,2,Active,1,32,2013-11-03 22:40:05.928841,16456
5381236,3,Active,8,18,2013-11-03 22:40:05.933565,16456
5381237,4,Active,20,42,2013-11-03 22:40:05.965719,16456
5381238,5,Active,10,29,2013-11-03 22:40:05.970187,16456
5381239,6,Active,2,17,2013-11-03 22:40:05.97503,16456
5381240,7,Active,2,17,2013-11-03 22:40:05.979535,16456
5381241,8,Active,16,15,2013-11-03 22:40:05.984326,16456
5381242,9,Active,23,7,2013-11-03 22:40:05.988647,16456
5381243,10,Active,13,33,2013-11-03 22:40:05.993507,16456
5381244,11,Active,3,21,2013-11-03 22:40:05.998222,16456
5381245,12,Active,1,18,2013-11-03 22:40:06.003264,16456
5381246,13,Active,14,25,2013-11-03 22:40:06.007735,16456
5381247,14,Active,32,1,2013-11-03 22:40:06.040846,16456
5381248,15,Active,2,29,2013-11-03 22:40:06.045471,16456
5381249,16,Active,24,9,2013-11-03 22:40:06.049921,16456
5381250,17,Active,24,5,2013-11-03 22:40:06.054385,16456
5381251,18,Active,17,38,2013-11-03 22:40:06.058781,16456
5381252,19,Active,10,13,2013-11-03 22:40:06.063188,16456
5381253,20,Active,12,14,2013-11-03 22:40:06.067502,16456
5381254,21,Active,28,7,2013-11-03 22:40:06.072584,16456
5381255,22,Active,5,42,2013-11-03 22:40:06.077596,16456
5381256,23,Active,10,35,2013-11-03 22:40:06.081959,16456
5381257,24,Active,33,14,2013-11-03 22:40:06.116643,16456
5381258,25,Active,15,36,2013-11-03 22:40:06.121074,16456
5381259,26,Active,8,22,2013-11-03 22:40:06.125694,16456
5381260,27,Active,17,28,2013-11-03 22:40:06.130029,16456
5381261,28,Active,25,3,2013-11-03 22:40:06.134287,16456
5381262,29,Active,0,23,2013-11-03 22:40:06.13858,16456
5381263,30,Active,0,39,2013-11-03 22:40:06.143596,16456
5381264,31,Active,15,23,2013-11-03 22:40:06.148826,16456
5381265,32,Active,1,32,2013-11-03 22:40:06.153545,16456
5381266,33,Active,7,24,2013-11-03 22:40:06.185932,16456
5381267,34,Active,32,5,2013-11-03 22:40:06.19097,16456
5381268,35,Active,18,37,2013-11-03 22:40:06.195729,16456
5381269,36,Active,19,8,2013-11-03 22:40:06.202739,16456
5381270,37,Active,18,5,2013-11-03 22:40:06.207287,16456
5381271,38,Active,3,36,2013-11-03 22:40:06.211909,16456
5381272,39,Active,22,17,2013-11-03 22:40:06.216951,16456
5381273,40,Active,4,35,2013-11-03 22:40:06.22222,16456
5381274,41,Active,21,10,2013-11-03 22:40:06.254013,16456
5381275,42,Active,7,24,2013-11-03 22:40:06.258741,16456
5381276,43,Active,0,23,2013-11-03 22:40:06.263854,16456
5381277,44,Active,0,22,2013-11-03 22:40:06.268997,16456
5381278,45,Active,35,4,2013-11-03 22:40:06.275057,16456
5381279,46,Active,1,30,2013-11-03 22:40:06.282013,16456
5381280,47,Active,1,22,2013-11-03 22:40:06.28751,16456
5381281,48,Active,17,3,2013-11-03 22:40:06.29186,16456
5381282,49,Active,3,20,2013-11-03 22:40:06.296365,16456
5381283,50,Active,13,14,2013-11-03 22:40:06.301061,16456
5381284,51,Active,35,5,2013-11-03 22:40:06.305687,16456
5381285,52,Active,23,4,2013-11-03 22:40:06.310556,16456
5381286,53,Active,3,30,2013-11-03 22:40:06.31538,16456
5381287,54,Active,20,27,2013-11-03 22:40:06.320446,16456
5381288,55,Active,0,31,2013-11-03 22:40:06.325071,16456
5381289,56,Active,11,28,2013-11-03 22:40:06.357415,16456
5381290,57,Active,0,23,2013-11-03 22:40:06.363565,16456
5381291,58,Active,27,12,2013-11-03 22:40:06.370438,16456
5381292,59,Active,4,31,2013-11-03 22:40:06.377543,16456
5381293,60,Active,16,11,2013-11-03 22:40:06.384154,16456
5381294,61,Active,0,24,2013-11-03 22:40:06.393759,16456
5381295,62,Active,19,12,2013-11-03 22:40:06.399391,16456
5381296,63,Active,5,22,2013-11-03 22:40:06.404963,16456
5381297,64,Active,23,12,2013-11-03 22:40:06.410856,16456
5381298,65,Active,12,12,2013-11-03 22:40:06.416673,16456
5381299,66,Active,25,32,2013-11-03 22:40:06.422524,16456
5381300,67,Active,11,16,2013-11-03 22:40:06.428395,16456
5381301,68,Active,4,19,2013-11-03 22:40:06.435144,16456
5381302,69,Active,5,34,2013-11-03 22:40:06.441042,16456
5381303,70,Active,2,29,2013-11-03 22:40:06.471157,16456
5381304,71,Active,1,18,2013-11-03 22:40:06.478587,16456
5381305,72,Active,9,16,2013-11-03 22:40:06.484506,16456
5381306,73,Active,1,18,2013-11-03 22:40:06.489986,16456
5381307,74,Active,1,18,2013-11-03 22:40:06.495552,16456
5381308,75,Active,2,29,2013-11-03 22:40:06.50109,16456
5381309,76,Active,38,21,2013-11-03 22:40:06.507391,16456
5381310,77,Active,7,20,2013-11-03 22:40:06.513116,16456
5381311,78,Active,28,15,2013-11-03 22:40:06.518851,16456
5381312,79,Active,40,7,2013-11-03 22:40:06.524042,16456
5381313,80,Active,1,18,2013-11-03 22:40:06.529968,16456
5381314,81,Active,8,21,2013-11-03 22:40:06.535736,16456
5381315,82,Active,2,18,2013-11-03 22:40:06.541315,16456
5381316,83,Active,32,23,2013-11-03 22:40:06.547243,16456
5381317,84,Active,21,10,2013-11-03 22:40:06.5534,16456
5381318,85,Active,7,17,2013-11-03 22:40:06.559157,16456
5381319,86,Active,24,11,2013-11-03 22:40:06.565664,16456
5381320,87,Active,24,3,2013-11-03 22:40:06.571456,16456
5381321,88,Active,9,26,2013-11-03 22:40:06.576792,16456
5381322,89,Active,23,32,2013-11-03 22:40:06.583034,16456
5381323,90,Active,14,22,2013-11-03 22:40:06.588276,16456
5381324,91,Active,22,1,2013-11-03 22:40:06.593629,16456
5381325,92,Active,27,4,2013-11-03 22:40:06.599358,16456
5381326,93,Active,17,19,2013-11-03 22:40:06.605322,16456
5381327,94,Active,25,8,2013-11-03 22:40:06.615393,16456
5381328,95,Active,5,25,2013-11-03 22:40:06.620858,16456
5381329,96,Active,3,28,2013-11-03 22:40:06.628094,16456
5381330,97,Active,22,5,2013-11-03 22:40:06.63344,16456
5381331,98,Active,23,18,2013-11-03 22:40:06.638638,16456
5381332,99,Active,27,8,2013-11-03 22:40:06.645135,16456
5381333,100,Active,24,6,2013-11-03 22:40:06.652247,16456
5381334,101,Active,16,15,2013-11-03 22:40:06.658085,16456
5381335,102,Active,21,2,2013-11-03 22:40:06.663397,16456
5381336,103,Active,0,39,2013-11-03 22:40:06.668849,16456
5381337,104,Active,1,28,2013-11-03 22:40:06.674043,16456
5381338,105,Active,5,38,2013-11-03 22:40:06.679449,16456
5381339,106,Active,15,12,2013-11-03 22:40:06.684958,16456
5381340,107,Active,2,29,2013-11-03 22:40:06.69042,16456
5381341,108,Active,27,8,2013-11-03 22:40:06.699124,16456
5381342,109,Active,8,31,2013-11-03 22:40:06.704766,16456
5381343,110,Active,19,8,2013-11-03 22:40:06.710268,16456
5381344,111,Active,11,20,2013-11-03 22:40:06.716173,16456
5381345,112,Active,8,31,2013-11-03 22:40:06.744074,16456
5381346,113,Active,43,8,2013-11-03 22:40:06.754579,16456
5381347,114,Active,14,21,2013-11-03 22:40:06.760109,16456
5381348,115,Active,6,21,2013-11-03 22:40:06.770564,16456
5381349,116,Active,30,9,2013-11-03 22:40:06.776256,16456
5381350,117,Active,8,15,2013-11-03 22:40:06.782219,16456
5381351,118,Active,19,12,2013-11-03 22:40:06.787595,16456
5381352,119,Active,17,22,2013-11-03 22:40:06.793078,16456
5381353,120,Active,11,16,2013-11-03 22:40:06.798367,16456
5381354,121,Active,6,18,2013-11-03 22:40:06.828278,16456
5381355,122,Active,4,27,2013-11-03 22:40:06.834066,16456
5381356,123,Active,21,6,2013-11-03 22:40:06.839608,16456
5381357,124,Active,13,23,2013-11-03 22:40:06.844629,16456
5381358,125,Active,11,26,2013-11-03 22:40:06.849793,16456
5381359,126,Active,16,8,2013-11-03 22:40:06.85527,16456
5381360,127,Active,3,24,2013-11-03 22:40:06.862656,16456
5381361,128,Active,8,11,2013-11-03 22:40:06.86786,16456
5381362,129,Active,8,21,2013-11-03 22:40:06.872922,16456
5381363,130,Active,18,5,2013-11-03 22:40:06.878157,16456
5381364,131,Active,3,20,2013-11-03 22:40:06.883315,16456
5381365,132,Active,22,13,2013-11-03 22:40:06.888574,16456
5381366,133,Active,18,9,2013-11-03 22:40:06.893409,16456
5381367,134,Active,17,18,2013-11-03 22:40:06.898547,16456
5381368,135,Active,21,21,2013-11-03 22:40:06.903924,16456
5381369,136,Active,6,17,2013-11-03 22:40:06.908867,16456
5381370,137,Active,3,25,2013-11-03 22:40:06.913997,16456
5381371,138,Active,6,33,2013-11-03 22:40:06.919121,16456
5381372,139,Active,23,13,2013-11-03 22:40:06.923905,16456
5381373,140,Active,5,22,2013-11-03 22:40:06.92911,16456
5381374,141,Active,6,25,2013-11-03 22:40:06.934092,16456
5381375,142,Active,35,8,2013-11-03 22:40:06.939054,16456
5381376,143,Active,6,17,2013-11-03 22:40:06.944183,16456
5381377,144,Active,7,20,2013-11-03 22:40:06.949517,16456
5381378,145,Active,3,33,2013-11-03 22:40:06.954435,16456
5381379,146,Active,25,30,2013-11-03 22:40:06.960101,16456
5381380,147,Active,3,36,2013-11-03 22:40:06.965493,16456
5381381,148,Active,20,23,2013-11-03 22:40:06.970528,16456
5381382,149,Active,31,26,2013-11-03 22:40:06.979262,16456
5381383,150,Active,8,41,2013-11-03 22:40:06.9843,16456
5381384,151,Active,1,26,2013-11-03 22:40:06.990036,16456
5381385,152,Active,3,28,2013-11-03 22:40:06.995034,16456
5381386,153,Active,0,33,2013-11-03 22:40:07.000033,16456
5381387,154,Active,3,31,2013-11-03 22:40:07.005096,16456
5381388,155,Active,3,36,2013-11-03 22:40:07.010299,16456
5381389,156,Active,10,25,2013-11-03 22:40:07.015462,16456
5381390,157,Active,10,17,2013-11-03 22:40:07.021007,16456
5381391,158,Active,7,12,2013-11-03 22:40:07.026241,16456
5381392,159,Active,27,3,2013-11-03 22:40:07.031678,16456
5381393,160,Active,8,35,2013-11-03 22:40:07.037097,16456
5381394,161,Active,19,28,2013-11-03 22:40:07.042198,16456
5381395,162,Active,11,31,2013-11-03 22:40:07.047679,16456
5381396,163,Active,32,7,2013-11-03 22:40:07.053,16456
5381397,164,Active,34,2,2013-11-03 22:40:07.058268,16456
5381398,165,Active,10,29,2013-11-03 22:40:07.063441,16456
5381399,166,Active,3,28,2013-11-03 22:40:07.068935,16456
5381400,167,Active,13,16,2013-11-03 22:40:07.074153,16456
5381401,168,Active,1,42,2013-11-03 22:40:07.101718,16456
5381402,169,Active,0,39,2013-11-03 22:40:07.107484,16456
5381403,170,Active,15,20,2013-11-03 22:40:07.112848,16456
5381404,171,Active,6,21,2013-11-03 22:40:07.118779,16456
5381405,172,Active,0,31,2013-11-03 22:40:07.124124,16456
5381406,173,Active,5,26,2013-11-03 22:40:07.129552,16456
5381407,174,Active,30,2,2013-11-03 22:40:07.135197,16456
5381408,175,Active,0,31,2013-11-03 22:40:07.141413,16456
5381409,176,Active,13,23,2013-11-03 22:40:07.147168,16456
5381410,177,Active,14,16,2013-11-03 22:40:07.152081,16456
5381411,178,Active,4,21,2013-11-03 22:40:07.157722,16456
5381412,179,Active,4,23,2013-11-03 22:40:07.162987,16456
5381413,180,Active,5,26,2013-11-03 22:40:07.168048,16456
5381414,181,Active,0,27,2013-11-03 22:40:07.173222,16456
5381415,182,Active,10,5,2013-11-03 22:40:07.178331,16456
5381416,183,Active,5,37,2013-11-03 22:40:07.183514,16456
5381417,184,Active,35,7,2013-11-03 22:40:07.188576,16456
5381418,185,Active,26,5,2013-11-03 22:40:07.19394,16456
5381419,186,Active,28,11,2013-11-03 22:40:07.199051,16456
5381420,187,Active,10,30,2013-11-03 22:40:07.204178,16456
5381421,188,Active,7,27,2013-11-03 22:40:07.20943,16456
5381422,189,Active,1,42,2013-11-03 22:40:07.21456,16456
5381423,190,Active,19,4,2013-11-03 22:40:07.219419,16456
5381424,191,Active,12,7,2013-11-03 22:40:07.224592,16456
5381425,192,Active,8,27,2013-11-03 22:40:07.229936,16456
5381426,193,Active,11,12,2013-11-03 22:40:07.234976,16456
5381427,194,Active,21,8,2013-11-03 22:40:07.241113,16456
5381428,195,Active,13,11,2013-11-03 22:40:07.246739,16456
5381429,196,Active,5,37,2013-11-03 22:40:07.251854,16456
5381430,197,Active,3,28,2013-11-03 22:40:07.257058,16456
5381431,198,Active,22,25,2013-11-03 22:40:07.262857,16456
5381432,199,Active,1,22,2013-11-03 22:40:07.267986,16456
5381433,200,Active,0,23,2013-11-03 22:40:07.273338,16456
5381434,201,Active,0,23,2013-11-03 22:40:07.278686,16456
5381435,202,Active,1,18,2013-11-03 22:40:07.283874,16456
5381436,203,Active,9,46,2013-11-03 22:40:07.289913,16456
5381437,204,Active,1,38,2013-11-03 22:40:07.295077,16456
5381438,205,Active,26,5,2013-11-03 22:40:07.30013,16456
5381439,206,Active,9,50,2013-11-03 22:40:07.305378,16456
5381440,207,Active,17,14,2013-11-03 22:40:07.310469,16456
5381441,208,Active,6,21,2013-11-03 22:40:07.315607,16456
5381442,209,Active,10,20,2013-11-03 22:40:07.320728,16456
5381443,210,Active,15,16,2013-11-03 22:40:07.325887,16456
5381444,211,Active,0,39,2013-11-03 22:40:07.331059,16456
5381445,212,Active,19,8,2013-11-03 22:40:07.336453,16456
5381446,213,Active,34,13,2013-11-03 22:40:07.341582,16456
5381447,214,Active,2,25,2013-11-03 22:40:07.346851,16456
5381448,215,Active,1,26,2013-11-03 22:40:07.351947,16456
5381449,216,Active,16,11,2013-11-03 22:40:07.358958,16456
5381450,217,Active,37,2,2013-11-03 22:40:07.364392,16456
5381451,218,Active,16,16,2013-11-03 22:40:07.369791,16456
5381452,219,Active,13,22,2013-11-03 22:40:07.37478,16456
5381453,220,Active,8,43,2013-11-03 22:40:07.379932,16456
5381454,221,Active,2,21,2013-11-03 22:40:07.385005,16456
5381455,222,Active,33,19,2013-11-03 22:40:07.390306,16456
5381456,223,Active,13,23,2013-11-03 22:40:07.395483,16456
5381457,224,Active,11,28,2013-11-03 22:40:07.423246,16456
5381458,225,Active,2,29,2013-11-03 22:40:07.429241,16456
5381459,226,Active,3,28,2013-11-03 22:40:07.434393,16456
5381460,227,Active,0,31,2013-11-03 22:40:07.439591,16456
5381461,228,Active,1,58,2013-11-03 22:40:07.44476,16456
5381462,229,Active,30,9,2013-11-03 22:40:07.450066,16456
5381463,230,Active,8,27,2013-11-03 22:40:07.455127,16456
5381464,231,Active,3,36,2013-11-03 22:40:07.460263,16456
5381465,232,Active,12,23,2013-11-03 22:40:07.465618,16456
5381466,233,Active,48,11,2013-11-03 22:40:07.471116,16456
5381467,234,Active,7,24,2013-11-03 22:40:07.476493,16456
5381468,235,Active,11,10,2013-11-03 22:40:07.482993,16456
5381469,236,Active,12,11,2013-11-03 22:40:07.488538,16456
5381470,237,Inactive,0,39,2013-11-03 22:40:07.49423,16456
5381471,238,Active,37,10,2013-11-03 22:40:07.502679,16456
5381472,239,Active,21,4,2013-11-03 22:40:07.507998,16456
5381473,240,Active,25,34,2013-11-03 22:40:07.5139,16456
5381474,241,Active,11,28,2013-11-03 22:40:07.519658,16456
5381475,242,Active,28,7,2013-11-03 22:40:07.525521,16456
5381476,243,Active,16,18,2013-11-03 22:40:07.530734,16456
5381477,244,Active,21,38,2013-11-03 22:40:07.535835,16456
5381478,245,Active,10,47,2013-11-03 22:40:07.543245,16456
5381479,246,Active,15,22,2013-11-03 22:40:07.548376,16456
5381480,247,Active,6,21,2013-11-03 22:40:07.553622,16456
5381481,248,Active,10,31,2013-11-03 22:40:07.558709,16456
5381482,249,Active,22,20,2013-11-03 22:40:07.563995,16456
5381483,250,Active,13,34,2013-11-03 22:40:07.56923,16456
5381484,251,Active,31,6,2013-11-03 22:40:07.575571,16456
5381485,252,Active,4,42,2013-11-03 22:40:07.581031,16456
5381486,253,Active,9,50,2013-11-03 22:40:07.586549,16456
5381487,254,Active,2,22,2013-11-03 22:40:07.591959,16456
5381488,255,Active,0,31,2013-11-03 22:40:07.597325,16456
5381489,256,Active,9,18,2013-11-03 22:40:07.602529,16456
5381490,257,Active,8,17,2013-11-03 22:40:07.60791,16456
5381491,258,Active,4,35,2013-11-03 22:40:07.613213,16456
5381492,259,Active,25,10,2013-11-03 22:40:07.618568,16456
5381493,260,Active,9,35,2013-11-03 22:40:07.62393,16456
5381494,261,Active,5,34,2013-11-03 22:40:07.629209,16456
5381495,262,Active,14,25,2013-11-03 22:40:07.634449,16456
5381496,263,Active,6,30,2013-11-03 22:40:07.639718,16456
5381497,264,Active,6,35,2013-11-03 22:40:07.645662,16456
5381498,265,Active,10,27,2013-11-03 22:40:07.651528,16456
5381499,266,Active,16,43,2013-11-03 22:40:07.656856,16456
5381500,267,Active,5,48,2013-11-03 22:40:07.663117,16456
5381501,268,Active,4,45,2013-11-03 22:40:07.668491,16456
5381502,269,Active,30,4,2013-11-03 22:40:07.673694,16456
5381503,270,Active,21,14,2013-11-03 22:40:07.678915,16456
5381504,271,Active,1,24,2013-11-03 22:40:07.684157,16456
5381505,272,Inactive,0,27,2013-11-03 22:40:07.690115,16456
5381506,273,Active,28,31,2013-11-03 22:40:07.695962,16456
5381507,274,Active,0,30,2013-11-03 22:40:07.701929,16456
5381508,275,Active,30,6,2013-11-03 22:40:07.707819,16456
5381509,276,Active,10,42,2013-11-03 22:40:07.71303,16456
5381510,277,Active,16,27,2013-11-03 22:40:07.71866,16456
5381511,330,Active,10,20,2013-11-03 22:40:07.724024,16456
5381512,278,Inactive,0,19,2013-11-03 22:40:07.729473,16456
5381513,279,Active,9,36,2013-11-03 22:40:07.759969,16456
5381514,280,Active,18,18,2013-11-03 22:40:07.765631,16456
5381515,281,Active,4,43,2013-11-03 22:40:07.771054,16456
5381516,282,Active,7,17,2013-11-03 22:40:07.776249,16456
5381517,283,Active,15,21,2013-11-03 22:40:07.781617,16456
5381518,284,Active,3,48,2013-11-03 22:40:07.786857,16456
5381519,285,Active,1,32,2013-11-03 22:40:07.792197,16456
5381520,286,Active,4,23,2013-11-03 22:40:07.797938,16456
5381521,287,Active,1,26,2013-11-03 22:40:07.80399,16456
5381522,288,Active,12,41,2013-11-03 22:40:07.810653,16456
5381523,289,Active,4,31,2013-11-03 22:40:07.817046,16456
5381524,290,Active,12,19,2013-11-03 22:40:07.822789,16456
5381525,291,Active,33,26,2013-11-03 22:40:07.827934,16456
5381526,292,Active,5,34,2013-11-03 22:40:07.833171,16456
5381527,293,Active,31,30,2013-11-03 22:40:07.838495,16456
5381528,294,Active,8,31,2013-11-03 22:40:07.843615,16456
5381529,295,Active,16,51,2013-11-03 22:40:07.848715,16456
5381530,296,Active,26,25,2013-11-03 22:40:07.853875,16456
5381531,297,Active,5,46,2013-11-03 22:40:07.859185,16456
5381532,298,Active,16,41,2013-11-03 22:40:07.864631,16456
5381533,299,Active,8,31,2013-11-03 22:40:07.870925,16456
5381534,300,Active,33,10,2013-11-03 22:40:07.876709,16456
5381535,301,Active,27,32,2013-11-03 22:40:07.883212,16456
5381536,302,Active,5,33,2013-11-03 22:40:07.888449,16456
5381537,303,Active,15,26,2013-11-03 22:40:07.893753,16456
5381538,305,Active,5,34,2013-11-03 22:40:07.899236,16456
5381539,306,Active,29,14,2013-11-03 22:40:07.904745,16456
5381540,307,Active,6,44,2013-11-03 22:40:07.910173,16456
5381541,308,Active,16,15,2013-11-03 22:40:07.915568,16456
5381542,309,Active,22,7,2013-11-03 22:40:07.921432,16456
5381543,310,Active,4,35,2013-11-03 22:40:07.927419,16456
5381544,311,Active,10,29,2013-11-03 22:40:07.932982,16456
5381545,312,Active,24,7,2013-11-03 22:40:07.9384,16456
5381546,313,Active,6,33,2013-11-03 22:40:07.944857,16456
5381547,314,Active,7,20,2013-11-03 22:40:07.953598,16456
5381548,315,Active,4,34,2013-11-03 22:40:07.959258,16456
5381549,316,Active,10,20,2013-11-03 22:40:07.964758,16456
5381550,317,Active,9,6,2013-11-03 22:40:07.970169,16456
5381551,318,Active,26,1,2013-11-03 22:40:07.975572,16456
5381552,319,Active,6,24,2013-11-03 22:40:07.98252,16456
5381553,320,Active,24,12,2013-11-03 22:40:07.988504,16456
5381554,321,Active,1,11,2013-11-03 22:40:07.994464,16456
5381555,322,Active,26,23,2013-11-03 22:40:07.99975,16456
5381556,332,Active,9,15,2013-11-03 22:40:08.005272,16456
5381557,327,Active,20,15,2013-11-03 22:40:08.014963,16456
5381558,328,Active,21,18,2013-11-03 22:40:08.020452,16456
5381559,331,Active,2,34,2013-11-03 22:40:08.025848,16456
5381560,323,Active,1,38,2013-11-03 22:40:08.031739,16456
5381561,324,Active,5,38,2013-11-03 22:40:08.037782,16456
5381562,329,Active,24,9,2013-11-03 22:40:08.043421,16456
5381563,325,Active,7,29,2013-11-03 22:40:08.049753,16456
5381564,326,Active,3,22,2013-11-03 22:40:08.05501,16456
5381565,1,Active,16,23,2013-11-03 22:50:04.655316,16457
5381566,2,Active,1,32,2013-11-03 22:50:04.665547,16457
5381567,3,Active,10,16,2013-11-03 22:50:04.670409,16457
5381568,4,Active,18,44,2013-11-03 22:50:04.676664,16457
5381569,5,Active,9,30,2013-11-03 22:50:04.680973,16457
5381570,6,Active,2,17,2013-11-03 22:50:04.685549,16457
5381571,7,Active,2,17,2013-11-03 22:50:04.689846,16457
5381572,8,Active,17,14,2013-11-03 22:50:04.694669,16457
5381573,9,Active,20,10,2013-11-03 22:50:04.698972,16457
5381574,10,Active,13,33,2013-11-03 22:50:04.704541,16457
5381575,11,Active,4,20,2013-11-03 22:50:04.70885,16457
5381576,12,Active,1,18,2013-11-03 22:50:04.713392,16457
5381577,13,Active,12,27,2013-11-03 22:50:04.717838,16457
5381578,14,Active,30,3,2013-11-03 22:50:04.7222,16457
5381579,15,Active,4,27,2013-11-03 22:50:04.726596,16457
5381580,16,Active,23,10,2013-11-03 22:50:04.730886,16457
5381581,17,Active,22,7,2013-11-03 22:50:04.735409,16457
5381582,18,Active,17,38,2013-11-03 22:50:04.739856,16457
5381583,19,Active,10,13,2013-11-03 22:50:04.744657,16457
5381584,20,Active,12,14,2013-11-03 22:50:04.749274,16457
5381585,21,Active,30,5,2013-11-03 22:50:04.753688,16457
5381586,22,Active,5,42,2013-11-03 22:50:04.757999,16457
5381587,23,Active,10,35,2013-11-03 22:50:04.762878,16457
5381588,24,Active,35,12,2013-11-03 22:50:04.767307,16457
5381589,25,Active,14,37,2013-11-03 22:50:04.771745,16457
5381590,26,Active,8,22,2013-11-03 22:50:04.776433,16457
5381591,27,Active,16,29,2013-11-03 22:50:04.781811,16457
5381592,28,Active,25,3,2013-11-03 22:50:04.786266,16457
5381593,29,Active,0,23,2013-11-03 22:50:04.790653,16457
5381594,30,Active,3,36,2013-11-03 22:50:04.7952,16457
5381595,31,Active,15,23,2013-11-03 22:50:04.799564,16457
5381596,32,Active,1,32,2013-11-03 22:50:04.803861,16457
5381597,33,Active,7,24,2013-11-03 22:50:04.808215,16457
5381598,34,Active,32,5,2013-11-03 22:50:04.812651,16457
5381599,35,Active,19,36,2013-11-03 22:50:04.816962,16457
5381600,36,Active,21,6,2013-11-03 22:50:04.821674,16457
5381601,37,Active,17,6,2013-11-03 22:50:04.826007,16457
5381602,38,Active,4,35,2013-11-03 22:50:04.831268,16457
5381603,39,Active,23,16,2013-11-03 22:50:04.835599,16457
5381604,40,Active,3,36,2013-11-03 22:50:04.839937,16457
5381605,41,Active,21,10,2013-11-03 22:50:04.844306,16457
5381606,42,Active,7,24,2013-11-03 22:50:04.848905,16457
5381607,43,Active,0,23,2013-11-03 22:50:04.853536,16457
5381608,44,Active,1,21,2013-11-03 22:50:04.858066,16457
5381609,45,Active,35,4,2013-11-03 22:50:04.862859,16457
5381610,46,Active,1,30,2013-11-03 22:50:04.867907,16457
5381611,47,Active,1,22,2013-11-03 22:50:04.872425,16457
5381612,48,Active,16,4,2013-11-03 22:50:04.877118,16457
5381613,49,Active,3,20,2013-11-03 22:50:04.884199,16457
5381614,50,Active,14,13,2013-11-03 22:50:04.889097,16457
5381615,51,Active,36,4,2013-11-03 22:50:04.894043,16457
5381616,52,Active,21,6,2013-11-03 22:50:04.899066,16457
5381617,53,Active,4,29,2013-11-03 22:50:04.903749,16457
5381618,54,Active,19,28,2013-11-03 22:50:04.908537,16457
5381619,55,Active,1,30,2013-11-03 22:50:04.913234,16457
5381620,56,Active,10,29,2013-11-03 22:50:04.941109,16457
5381621,57,Active,0,23,2013-11-03 22:50:04.946715,16457
5381622,58,Active,25,14,2013-11-03 22:50:04.952506,16457
5381623,59,Active,4,31,2013-11-03 22:50:04.958132,16457
5381624,60,Active,16,11,2013-11-03 22:50:04.963384,16457
5381625,61,Active,0,24,2013-11-03 22:50:04.968815,16457
5381626,62,Active,21,10,2013-11-03 22:50:04.974595,16457
5381627,63,Active,6,21,2013-11-03 22:50:04.98008,16457
5381628,64,Active,22,13,2013-11-03 22:50:04.985704,16457
5381629,65,Active,11,13,2013-11-03 22:50:04.991303,16457
5381630,66,Active,26,31,2013-11-03 22:50:04.997265,16457
5381631,67,Active,11,16,2013-11-03 22:50:05.003911,16457
5381632,68,Active,3,20,2013-11-03 22:50:05.013549,16457
5381633,69,Active,4,35,2013-11-03 22:50:05.018873,16457
5381634,70,Active,2,29,2013-11-03 22:50:05.024362,16457
5381635,71,Active,1,18,2013-11-03 22:50:05.036764,16457
5381636,72,Active,10,15,2013-11-03 22:50:05.042253,16457
5381637,73,Active,1,18,2013-11-03 22:50:05.047541,16457
5381638,74,Active,1,18,2013-11-03 22:50:05.052739,16457
5381639,75,Active,3,28,2013-11-03 22:50:05.058092,16457
5381640,76,Active,39,20,2013-11-03 22:50:05.066,16457
5381641,77,Active,6,21,2013-11-03 22:50:05.071416,16457
5381642,78,Active,27,16,2013-11-03 22:50:05.076613,16457
5381643,79,Active,41,6,2013-11-03 22:50:05.081806,16457
5381644,80,Active,1,18,2013-11-03 22:50:05.086864,16457
5381645,81,Active,8,21,2013-11-03 22:50:05.092103,16457
5381646,82,Active,0,20,2013-11-03 22:50:05.09749,16457
5381647,83,Active,30,25,2013-11-03 22:50:05.10301,16457
5381648,84,Active,20,11,2013-11-03 22:50:05.108447,16457
5381649,85,Active,4,20,2013-11-03 22:50:05.114,16457
5381650,86,Active,24,11,2013-11-03 22:50:05.119547,16457
5381651,87,Active,25,2,2013-11-03 22:50:05.125174,16457
5381652,88,Active,9,26,2013-11-03 22:50:05.130319,16457
5381653,89,Active,23,32,2013-11-03 22:50:05.135516,16457
5381654,90,Active,15,21,2013-11-03 22:50:05.141087,16457
5381655,91,Active,22,1,2013-11-03 22:50:05.146321,16457
5381656,92,Active,27,4,2013-11-03 22:50:05.15159,16457
5381657,93,Active,17,19,2013-11-03 22:50:05.15725,16457
5381658,94,Active,25,8,2013-11-03 22:50:05.162841,16457
5381659,95,Active,6,24,2013-11-03 22:50:05.16824,16457
5381660,96,Active,2,29,2013-11-03 22:50:05.173601,16457
5381661,97,Active,23,4,2013-11-03 22:50:05.178768,16457
5381662,98,Active,25,16,2013-11-03 22:50:05.185383,16457
5381663,99,Active,28,7,2013-11-03 22:50:05.190837,16457
5381664,100,Active,24,6,2013-11-03 22:50:05.196686,16457
5381665,101,Active,16,15,2013-11-03 22:50:05.202469,16457
5381666,102,Active,21,2,2013-11-03 22:50:05.207573,16457
5381667,103,Active,0,39,2013-11-03 22:50:05.212661,16457
5381668,104,Active,2,27,2013-11-03 22:50:05.217877,16457
5381669,105,Active,7,36,2013-11-03 22:50:05.223084,16457
5381670,106,Active,15,12,2013-11-03 22:50:05.228299,16457
5381671,107,Active,2,29,2013-11-03 22:50:05.233491,16457
5381672,108,Active,27,8,2013-11-03 22:50:05.239711,16457
5381673,109,Active,7,32,2013-11-03 22:50:05.245072,16457
5381674,110,Active,21,6,2013-11-03 22:50:05.25003,16457
5381675,111,Active,10,21,2013-11-03 22:50:05.254701,16457
5381676,112,Active,7,32,2013-11-03 22:50:05.282034,16457
5381677,113,Active,42,9,2013-11-03 22:50:05.287753,16457
5381678,114,Active,17,18,2013-11-03 22:50:05.293074,16457
5381679,115,Active,7,20,2013-11-03 22:50:05.298392,16457
5381680,116,Active,30,9,2013-11-03 22:50:05.303534,16457
5381681,117,Active,8,15,2013-11-03 22:50:05.309195,16457
5381682,118,Active,19,12,2013-11-03 22:50:05.314934,16457
5381683,119,Active,18,21,2013-11-03 22:50:05.320795,16457
5381684,120,Active,11,16,2013-11-03 22:50:05.326012,16457
5381685,121,Active,5,19,2013-11-03 22:50:05.331319,16457
5381686,122,Active,5,26,2013-11-03 22:50:05.336774,16457
5381687,123,Active,20,7,2013-11-03 22:50:05.342072,16457
5381688,124,Active,11,25,2013-11-03 22:50:05.347214,16457
5381689,125,Active,11,26,2013-11-03 22:50:05.352297,16457
5381690,126,Active,16,8,2013-11-03 22:50:05.357458,16457
5381691,127,Active,4,23,2013-11-03 22:50:05.362409,16457
5381692,128,Active,8,11,2013-11-03 22:50:05.367451,16457
5381693,129,Active,7,22,2013-11-03 22:50:05.372639,16457
5381694,130,Active,18,5,2013-11-03 22:50:05.377889,16457
5381695,131,Active,3,20,2013-11-03 22:50:05.383106,16457
5381696,132,Active,25,10,2013-11-03 22:50:05.388231,16457
5381697,133,Active,17,10,2013-11-03 22:50:05.393517,16457
5381698,134,Active,17,18,2013-11-03 22:50:05.398918,16457
5381699,135,Active,23,19,2013-11-03 22:50:05.404299,16457
5381700,136,Active,8,15,2013-11-03 22:50:05.409321,16457
5381701,137,Active,4,24,2013-11-03 22:50:05.414558,16457
5381702,138,Active,5,34,2013-11-03 22:50:05.419714,16457
5381703,139,Active,24,12,2013-11-03 22:50:05.424829,16457
5381704,140,Active,5,22,2013-11-03 22:50:05.43011,16457
5381705,141,Active,6,25,2013-11-03 22:50:05.435177,16457
5381706,142,Active,34,9,2013-11-03 22:50:05.440924,16457
5381707,143,Active,7,16,2013-11-03 22:50:05.449551,16457
5381708,144,Active,9,18,2013-11-03 22:50:05.454813,16457
5381709,145,Active,2,34,2013-11-03 22:50:05.460053,16457
5381710,146,Active,25,30,2013-11-03 22:50:05.465176,16457
5381711,147,Active,7,32,2013-11-03 22:50:05.470414,16457
5381712,148,Active,22,21,2013-11-03 22:50:05.475644,16457
5381713,149,Active,30,27,2013-11-03 22:50:05.48121,16457
5381714,150,Active,9,40,2013-11-03 22:50:05.48643,16457
5381715,151,Active,1,26,2013-11-03 22:50:05.49156,16457
5381716,152,Active,3,28,2013-11-03 22:50:05.496684,16457
5381717,153,Active,0,33,2013-11-03 22:50:05.502023,16457
5381718,154,Active,3,31,2013-11-03 22:50:05.509144,16457
5381719,155,Active,4,35,2013-11-03 22:50:05.514377,16457
5381720,156,Active,10,25,2013-11-03 22:50:05.519319,16457
5381721,157,Active,10,17,2013-11-03 22:50:05.524733,16457
5381722,158,Active,7,12,2013-11-03 22:50:05.530785,16457
5381723,159,Active,27,3,2013-11-03 22:50:05.53599,16457
5381724,160,Active,10,33,2013-11-03 22:50:05.541377,16457
5381725,161,Active,20,27,2013-11-03 22:50:05.546435,16457
5381726,162,Active,10,32,2013-11-03 22:50:05.551676,16457
5381727,163,Active,30,9,2013-11-03 22:50:05.556862,16457
5381728,164,Active,35,1,2013-11-03 22:50:05.562068,16457
5381729,165,Active,9,30,2013-11-03 22:50:05.567496,16457
5381730,166,Active,3,28,2013-11-03 22:50:05.573599,16457
5381731,167,Active,12,17,2013-11-03 22:50:05.579089,16457
5381732,168,Active,0,43,2013-11-03 22:50:05.606005,16457
5381733,169,Active,0,39,2013-11-03 22:50:05.612328,16457
5381734,170,Active,15,20,2013-11-03 22:50:05.617551,16457
5381735,171,Active,6,21,2013-11-03 22:50:05.622728,16457
5381736,172,Active,0,31,2013-11-03 22:50:05.627715,16457
5381737,173,Active,4,27,2013-11-03 22:50:05.633403,16457
5381738,174,Active,30,2,2013-11-03 22:50:05.638748,16457
5381739,175,Active,1,30,2013-11-03 22:50:05.643859,16457
5381740,176,Active,15,21,2013-11-03 22:50:05.653474,16457
5381741,177,Active,14,16,2013-11-03 22:50:05.658815,16457
5381742,178,Active,4,21,2013-11-03 22:50:05.664295,16457
5381743,179,Active,4,23,2013-11-03 22:50:05.669591,16457
5381744,180,Active,5,26,2013-11-03 22:50:05.675088,16457
5381745,181,Active,0,27,2013-11-03 22:50:05.680278,16457
5381746,182,Active,10,5,2013-11-03 22:50:05.685436,16457
5381747,183,Active,2,40,2013-11-03 22:50:05.690773,16457
5381748,184,Active,32,10,2013-11-03 22:50:05.69601,16457
5381749,185,Active,24,7,2013-11-03 22:50:05.701162,16457
5381750,186,Active,29,10,2013-11-03 22:50:05.70941,16457
5381751,187,Active,14,26,2013-11-03 22:50:05.714669,16457
5381752,188,Active,7,27,2013-11-03 22:50:05.719958,16457
5381753,189,Active,0,43,2013-11-03 22:50:05.725088,16457
5381754,190,Active,19,4,2013-11-03 22:50:05.730173,16457
5381755,191,Active,12,7,2013-11-03 22:50:05.735405,16457
5381756,192,Active,6,29,2013-11-03 22:50:05.74048,16457
5381757,193,Active,11,12,2013-11-03 22:50:05.745474,16457
5381758,194,Active,22,7,2013-11-03 22:50:05.750799,16457
5381759,195,Active,12,12,2013-11-03 22:50:05.755938,16457
5381760,196,Active,5,37,2013-11-03 22:50:05.760852,16457
5381761,197,Active,1,30,2013-11-03 22:50:05.766552,16457
5381762,198,Active,22,25,2013-11-03 22:50:05.77175,16457
5381763,199,Active,1,22,2013-11-03 22:50:05.776773,16457
5381764,200,Active,0,23,2013-11-03 22:50:05.781996,16457
5381765,201,Active,0,23,2013-11-03 22:50:05.787127,16457
5381766,202,Active,2,17,2013-11-03 22:50:05.792249,16457
5381767,203,Active,10,45,2013-11-03 22:50:05.797547,16457
5381768,204,Active,2,37,2013-11-03 22:50:05.802893,16457
5381769,205,Active,23,8,2013-11-03 22:50:05.808173,16457
5381770,206,Active,9,50,2013-11-03 22:50:05.813749,16457
5381771,207,Active,18,13,2013-11-03 22:50:05.818891,16457
5381772,208,Active,5,22,2013-11-03 22:50:05.824896,16457
5381773,209,Active,10,20,2013-11-03 22:50:05.830205,16457
5381774,210,Active,16,15,2013-11-03 22:50:05.835415,16457
5381775,211,Active,1,38,2013-11-03 22:50:05.840503,16457
5381776,212,Active,20,7,2013-11-03 22:50:05.845776,16457
5381777,213,Active,32,15,2013-11-03 22:50:05.850978,16457
5381778,214,Active,2,25,2013-11-03 22:50:05.856079,16457
5381779,215,Active,1,26,2013-11-03 22:50:05.861386,16457
5381780,216,Active,14,13,2013-11-03 22:50:05.866792,16457
5381781,217,Active,38,1,2013-11-03 22:50:05.871953,16457
5381782,218,Active,16,16,2013-11-03 22:50:05.877072,16457
5381783,219,Active,12,23,2013-11-03 22:50:05.882419,16457
5381784,220,Active,7,44,2013-11-03 22:50:05.887669,16457
5381785,221,Active,2,21,2013-11-03 22:50:05.892751,16457
5381786,222,Active,32,20,2013-11-03 22:50:05.898184,16457
5381787,223,Active,14,22,2013-11-03 22:50:05.90343,16457
5381788,224,Active,11,28,2013-11-03 22:50:05.930542,16457
5381789,225,Active,1,30,2013-11-03 22:50:05.936227,16457
5381790,226,Active,3,28,2013-11-03 22:50:05.942029,16457
5381791,227,Active,0,31,2013-11-03 22:50:05.947303,16457
5381792,228,Active,2,57,2013-11-03 22:50:05.952548,16457
5381793,229,Active,31,8,2013-11-03 22:50:05.957798,16457
5381794,230,Active,8,27,2013-11-03 22:50:05.962944,16457
5381795,231,Active,4,35,2013-11-03 22:50:05.969105,16457
5381796,232,Active,13,22,2013-11-03 22:50:05.974831,16457
5381797,233,Active,47,12,2013-11-03 22:50:05.980025,16457
5381798,234,Active,7,24,2013-11-03 22:50:05.985387,16457
5381799,235,Active,10,11,2013-11-03 22:50:05.991175,16457
5381800,236,Active,14,9,2013-11-03 22:50:05.99625,16457
5381801,237,Inactive,0,39,2013-11-03 22:50:06.001602,16457
5381802,238,Active,39,8,2013-11-03 22:50:06.009542,16457
5381803,239,Active,19,6,2013-11-03 22:50:06.014823,16457
5381804,240,Active,26,33,2013-11-03 22:50:06.019742,16457
5381805,241,Active,12,27,2013-11-03 22:50:06.024985,16457
5381806,242,Active,28,7,2013-11-03 22:50:06.030235,16457
5381807,243,Active,17,17,2013-11-03 22:50:06.036462,16457
5381808,244,Active,21,38,2013-11-03 22:50:06.041956,16457
5381809,245,Active,10,47,2013-11-03 22:50:06.047378,16457
5381810,246,Active,16,21,2013-11-03 22:50:06.052553,16457
5381811,247,Active,6,21,2013-11-03 22:50:06.057834,16457
5381812,248,Active,8,33,2013-11-03 22:50:06.06295,16457
5381813,249,Active,21,21,2013-11-03 22:50:06.068174,16457
5381814,250,Active,13,34,2013-11-03 22:50:06.073418,16457
5381815,251,Active,32,5,2013-11-03 22:50:06.078702,16457
5381816,252,Active,5,41,2013-11-03 22:50:06.083852,16457
5381817,253,Active,8,51,2013-11-03 22:50:06.089085,16457
5381818,254,Active,1,23,2013-11-03 22:50:06.094828,16457
5381819,255,Active,0,31,2013-11-03 22:50:06.10156,16457
5381820,256,Active,13,14,2013-11-03 22:50:06.107868,16457
5381821,257,Active,8,17,2013-11-03 22:50:06.113242,16457
5381822,258,Active,8,31,2013-11-03 22:50:06.121268,16457
5381823,259,Active,25,10,2013-11-03 22:50:06.126902,16457
5381824,260,Active,6,38,2013-11-03 22:50:06.132448,16457
5381825,261,Active,5,34,2013-11-03 22:50:06.13884,16457
5381826,262,Active,17,22,2013-11-03 22:50:06.14543,16457
5381827,263,Active,6,30,2013-11-03 22:50:06.150814,16457
5381828,264,Active,9,32,2013-11-03 22:50:06.156348,16457
5381829,265,Active,10,27,2013-11-03 22:50:06.161744,16457
5381830,266,Active,17,42,2013-11-03 22:50:06.168087,16457
5381831,267,Active,6,47,2013-11-03 22:50:06.173417,16457
5381832,268,Active,5,44,2013-11-03 22:50:06.178682,16457
5381833,269,Active,31,3,2013-11-03 22:50:06.184267,16457
5381834,270,Active,19,16,2013-11-03 22:50:06.189548,16457
5381835,271,Active,3,22,2013-11-03 22:50:06.195111,16457
5381836,272,Inactive,0,27,2013-11-03 22:50:06.200576,16457
5381837,273,Active,29,30,2013-11-03 22:50:06.206366,16457
5381838,274,Active,0,30,2013-11-03 22:50:06.211782,16457
5381839,275,Active,27,9,2013-11-03 22:50:06.217397,16457
5381840,276,Active,6,46,2013-11-03 22:50:06.222953,16457
5381841,277,Active,17,26,2013-11-03 22:50:06.229898,16457
5381842,330,Active,10,20,2013-11-03 22:50:06.236976,16457
5381843,278,Inactive,0,19,2013-11-03 22:50:06.242421,16457
5381844,279,Active,9,36,2013-11-03 22:50:06.270093,16457
5381845,280,Active,18,18,2013-11-03 22:50:06.275917,16457
5381846,281,Active,4,43,2013-11-03 22:50:06.281961,16457
5381847,282,Active,7,17,2013-11-03 22:50:06.287338,16457
5381848,283,Active,15,21,2013-11-03 22:50:06.292859,16457
5381849,284,Active,3,48,2013-11-03 22:50:06.298585,16457
5381850,285,Active,2,31,2013-11-03 22:50:06.303939,16457
5381851,286,Active,4,23,2013-11-03 22:50:06.309927,16457
5381852,287,Active,1,26,2013-11-03 22:50:06.315367,16457
5381853,288,Active,14,39,2013-11-03 22:50:06.320747,16457
5381854,289,Active,5,30,2013-11-03 22:50:06.325845,16457
5381855,290,Active,15,16,2013-11-03 22:50:06.33104,16457
5381856,291,Active,33,26,2013-11-03 22:50:06.336323,16457
5381857,292,Active,6,33,2013-11-03 22:50:06.341516,16457
5381858,293,Active,30,31,2013-11-03 22:50:06.346873,16457
5381859,294,Active,6,33,2013-11-03 22:50:06.352169,16457
5381860,295,Active,16,51,2013-11-03 22:50:06.35756,16457
5381861,296,Active,26,25,2013-11-03 22:50:06.362959,16457
5381862,297,Active,4,47,2013-11-03 22:50:06.368158,16457
5381863,298,Active,16,41,2013-11-03 22:50:06.37762,16457
5381864,299,Active,9,30,2013-11-03 22:50:06.382977,16457
5381865,300,Active,33,10,2013-11-03 22:50:06.388091,16457
5381866,301,Active,28,31,2013-11-03 22:50:06.394272,16457
5381867,302,Active,5,33,2013-11-03 22:50:06.399402,16457
5381868,303,Active,17,24,2013-11-03 22:50:06.404799,16457
5381869,305,Active,5,34,2013-11-03 22:50:06.410189,16457
5381870,306,Active,30,13,2013-11-03 22:50:06.41532,16457
5381871,307,Active,6,44,2013-11-03 22:50:06.42065,16457
5381872,308,Active,16,15,2013-11-03 22:50:06.42583,16457
5381873,309,Active,25,4,2013-11-03 22:50:06.430971,16457
5381874,310,Active,4,35,2013-11-03 22:50:06.436532,16457
5381875,311,Active,9,30,2013-11-03 22:50:06.442458,16457
5381876,312,Active,24,7,2013-11-03 22:50:06.449605,16457
5381877,313,Active,5,34,2013-11-03 22:50:06.454805,16457
5381878,314,Active,8,19,2013-11-03 22:50:06.46,16457
5381879,315,Active,4,34,2013-11-03 22:50:06.465256,16457
5381880,316,Active,9,21,2013-11-03 22:50:06.470719,16457
5381881,317,Active,9,6,2013-11-03 22:50:06.476119,16457
5381882,318,Active,27,0,2013-11-03 22:50:06.482022,16457
5381883,319,Active,8,22,2013-11-03 22:50:06.487327,16457
5381884,320,Active,24,12,2013-11-03 22:50:06.492434,16457
5381885,321,Active,1,11,2013-11-03 22:50:06.497692,16457
5381886,322,Active,26,23,2013-11-03 22:50:06.503111,16457
5381887,332,Active,9,15,2013-11-03 22:50:06.508602,16457
5381888,327,Active,20,15,2013-11-03 22:50:06.514193,16457
5381889,328,Active,21,18,2013-11-03 22:50:06.519901,16457
5381890,331,Active,4,32,2013-11-03 22:50:06.525289,16457
5381891,323,Active,1,38,2013-11-03 22:50:06.5306,16457
5381892,324,Active,2,41,2013-11-03 22:50:06.536061,16457
5381893,329,Active,24,9,2013-11-03 22:50:06.541521,16457
5381894,325,Active,7,29,2013-11-03 22:50:06.547184,16457
5381895,326,Active,5,20,2013-11-03 22:50:06.55239,16457
5381896,1,Active,16,23,2013-11-03 23:00:05.360888,16458
5381897,2,Active,2,31,2013-11-03 23:00:05.373428,16458
5381898,3,Active,10,16,2013-11-03 23:00:05.378145,16458
5381899,4,Active,17,45,2013-11-03 23:00:05.382832,16458
5381900,5,Active,12,27,2013-11-03 23:00:05.387804,16458
5381901,6,Active,2,17,2013-11-03 23:00:05.392256,16458
5381902,7,Active,3,16,2013-11-03 23:00:05.397208,16458
5381903,8,Active,16,15,2013-11-03 23:00:05.401907,16458
5381904,9,Active,23,7,2013-11-03 23:00:05.406261,16458
5381905,10,Active,11,35,2013-11-03 23:00:05.410943,16458
5381906,11,Active,4,20,2013-11-03 23:00:05.415278,16458
5381907,12,Active,1,18,2013-11-03 23:00:05.419717,16458
5381908,13,Active,13,26,2013-11-03 23:00:05.424194,16458
5381909,14,Active,30,3,2013-11-03 23:00:05.428558,16458
5381910,15,Active,3,28,2013-11-03 23:00:05.433267,16458
5381911,16,Active,23,10,2013-11-03 23:00:05.438222,16458
5381912,17,Active,22,7,2013-11-03 23:00:05.443355,16458
5381913,18,Active,17,38,2013-11-03 23:00:05.448848,16458
5381914,19,Active,10,13,2013-11-03 23:00:05.454154,16458
5381915,20,Active,12,14,2013-11-03 23:00:05.4587,16458
5381916,21,Active,29,6,2013-11-03 23:00:05.463922,16458
5381917,22,Active,6,41,2013-11-03 23:00:05.468598,16458
5381918,23,Active,10,35,2013-11-03 23:00:05.474132,16458
5381919,24,Active,34,13,2013-11-03 23:00:05.478962,16458
5381920,25,Active,14,37,2013-11-03 23:00:05.487378,16458
5381921,26,Active,8,22,2013-11-03 23:00:05.49219,16458
5381922,27,Active,17,28,2013-11-03 23:00:05.496873,16458
5381923,28,Active,25,3,2013-11-03 23:00:05.501399,16458
5381924,29,Active,0,23,2013-11-03 23:00:05.506008,16458
5381925,30,Active,3,36,2013-11-03 23:00:05.510771,16458
5381926,31,Active,15,23,2013-11-03 23:00:05.515002,16458
5381927,32,Active,3,30,2013-11-03 23:00:05.519349,16458
5381928,33,Active,8,23,2013-11-03 23:00:05.523802,16458
5381929,34,Active,32,5,2013-11-03 23:00:05.528202,16458
5381930,35,Active,18,37,2013-11-03 23:00:05.532608,16458
5381931,36,Active,21,6,2013-11-03 23:00:05.5373,16458
5381932,37,Active,17,6,2013-11-03 23:00:05.541612,16458
5381933,38,Active,5,34,2013-11-03 23:00:05.545958,16458
5381934,39,Active,25,14,2013-11-03 23:00:05.550317,16458
5381935,40,Active,4,35,2013-11-03 23:00:05.554708,16458
5381936,41,Active,21,10,2013-11-03 23:00:05.559569,16458
5381937,42,Active,7,24,2013-11-03 23:00:05.564486,16458
5381938,43,Active,0,23,2013-11-03 23:00:05.568891,16458
5381939,44,Active,1,21,2013-11-03 23:00:05.573397,16458
5381940,45,Active,35,4,2013-11-03 23:00:05.577701,16458
5381941,46,Active,0,31,2013-11-03 23:00:05.582078,16458
5381942,47,Active,1,22,2013-11-03 23:00:05.587027,16458
5381943,48,Active,14,6,2013-11-03 23:00:05.591518,16458
5381944,49,Active,1,22,2013-11-03 23:00:05.595925,16458
5381945,50,Active,14,13,2013-11-03 23:00:05.600545,16458
5381946,51,Active,36,4,2013-11-03 23:00:05.60517,16458
5381947,52,Active,22,5,2013-11-03 23:00:05.609573,16458
5381948,53,Active,3,30,2013-11-03 23:00:05.613943,16458
5381949,54,Active,18,29,2013-11-03 23:00:05.618438,16458
5381950,55,Active,1,30,2013-11-03 23:00:05.623566,16458
5381951,56,Active,11,28,2013-11-03 23:00:05.650641,16458
5381952,57,Active,1,22,2013-11-03 23:00:05.656527,16458
5381953,58,Active,25,14,2013-11-03 23:00:05.661771,16458
5381954,59,Active,4,31,2013-11-03 23:00:05.667864,16458
5381955,60,Active,16,11,2013-11-03 23:00:05.673161,16458
5381956,61,Active,0,24,2013-11-03 23:00:05.678638,16458
5381957,62,Active,20,11,2013-11-03 23:00:05.683853,16458
5381958,63,Active,8,19,2013-11-03 23:00:05.68914,16458
5381959,64,Active,21,14,2013-11-03 23:00:05.694756,16458
5381960,65,Active,12,12,2013-11-03 23:00:05.699926,16458
5381961,66,Active,26,31,2013-11-03 23:00:05.705104,16458
5381962,67,Active,10,17,2013-11-03 23:00:05.710685,16458
5381963,68,Active,5,18,2013-11-03 23:00:05.715966,16458
5381964,69,Active,4,35,2013-11-03 23:00:05.720969,16458
5381965,70,Active,2,29,2013-11-03 23:00:05.72629,16458
5381966,71,Active,1,18,2013-11-03 23:00:05.731274,16458
5381967,72,Active,9,16,2013-11-03 23:00:05.736509,16458
5381968,73,Active,1,18,2013-11-03 23:00:05.741875,16458
5381969,74,Active,1,18,2013-11-03 23:00:05.747091,16458
5381970,75,Active,3,28,2013-11-03 23:00:05.7522,16458
5381971,76,Active,37,22,2013-11-03 23:00:05.757331,16458
5381972,77,Active,6,21,2013-11-03 23:00:05.762579,16458
5381973,78,Active,26,17,2013-11-03 23:00:05.767733,16458
5381974,79,Active,42,5,2013-11-03 23:00:05.77284,16458
5381975,80,Active,1,18,2013-11-03 23:00:05.778121,16458
5381976,81,Active,8,21,2013-11-03 23:00:05.783292,16458
5381977,82,Active,1,19,2013-11-03 23:00:05.788712,16458
5381978,83,Active,30,25,2013-11-03 23:00:05.794646,16458
5381979,84,Active,19,12,2013-11-03 23:00:05.800297,16458
5381980,85,Active,7,17,2013-11-03 23:00:05.80545,16458
5381981,86,Active,26,9,2013-11-03 23:00:05.811523,16458
5381982,87,Active,25,2,2013-11-03 23:00:05.818014,16458
5381983,88,Active,8,27,2013-11-03 23:00:05.823529,16458
5381984,89,Active,24,31,2013-11-03 23:00:05.829595,16458
5381985,90,Active,15,21,2013-11-03 23:00:05.83532,16458
5381986,91,Active,22,1,2013-11-03 23:00:05.84033,16458
5381987,92,Active,27,4,2013-11-03 23:00:05.847742,16458
5381988,93,Active,17,19,2013-11-03 23:00:05.853796,16458
5381989,94,Active,24,9,2013-11-03 23:00:05.859537,16458
5381990,95,Active,8,22,2013-11-03 23:00:05.865406,16458
5381991,96,Active,1,30,2013-11-03 23:00:05.871356,16458
5381992,97,Active,23,4,2013-11-03 23:00:05.876538,16458
5381993,98,Active,25,16,2013-11-03 23:00:05.881986,16458
5381994,99,Active,27,8,2013-11-03 23:00:05.887211,16458
5381995,100,Active,22,8,2013-11-03 23:00:05.893003,16458
5381996,101,Active,18,13,2013-11-03 23:00:05.898153,16458
5381997,102,Active,21,2,2013-11-03 23:00:05.90342,16458
5381998,103,Active,0,39,2013-11-03 23:00:05.908686,16458
5381999,104,Active,1,28,2013-11-03 23:00:05.915073,16458
5382000,105,Active,8,35,2013-11-03 23:00:05.920504,16458
5382001,106,Active,16,11,2013-11-03 23:00:05.926573,16458
5382002,107,Active,4,27,2013-11-03 23:00:05.931904,16458
5382003,108,Active,27,8,2013-11-03 23:00:05.937214,16458
5382004,109,Active,8,31,2013-11-03 23:00:05.942511,16458
5382005,110,Active,21,6,2013-11-03 23:00:05.94766,16458
5382006,111,Active,9,22,2013-11-03 23:00:05.952704,16458
5382007,112,Active,7,32,2013-11-03 23:00:05.979686,16458
5382008,113,Active,43,8,2013-11-03 23:00:05.986501,16458
5382009,114,Active,20,15,2013-11-03 23:00:05.995661,16458
5382010,115,Active,7,20,2013-11-03 23:00:06.001126,16458
5382011,116,Active,30,9,2013-11-03 23:00:06.00643,16458
5382012,117,Active,11,12,2013-11-03 23:00:06.01164,16458
5382013,118,Active,19,12,2013-11-03 23:00:06.01692,16458
5382014,119,Active,18,21,2013-11-03 23:00:06.022114,16458
5382015,120,Active,11,16,2013-11-03 23:00:06.027145,16458
5382016,121,Active,5,19,2013-11-03 23:00:06.032422,16458
5382017,122,Active,6,25,2013-11-03 23:00:06.038359,16458
5382018,123,Active,21,6,2013-11-03 23:00:06.043432,16458
5382019,124,Active,10,26,2013-11-03 23:00:06.048567,16458
5382020,125,Active,11,26,2013-11-03 23:00:06.05376,16458
5382021,126,Active,16,8,2013-11-03 23:00:06.058819,16458
5382022,127,Active,4,23,2013-11-03 23:00:06.064264,16458
5382023,128,Active,8,11,2013-11-03 23:00:06.069502,16458
5382024,129,Active,7,22,2013-11-03 23:00:06.074889,16458
5382025,130,Active,18,5,2013-11-03 23:00:06.08084,16458
5382026,131,Active,2,21,2013-11-03 23:00:06.086523,16458
5382027,132,Active,26,9,2013-11-03 23:00:06.09237,16458
5382028,133,Active,18,9,2013-11-03 23:00:06.097605,16458
5382029,134,Active,14,21,2013-11-03 23:00:06.1037,16458
5382030,135,Active,23,19,2013-11-03 23:00:06.109177,16458
5382031,136,Active,9,14,2013-11-03 23:00:06.114353,16458
5382032,137,Active,4,24,2013-11-03 23:00:06.119864,16458
5382033,138,Active,5,34,2013-11-03 23:00:06.125078,16458
5382034,139,Active,24,12,2013-11-03 23:00:06.130013,16458
5382035,140,Active,5,22,2013-11-03 23:00:06.135423,16458
5382036,141,Active,6,25,2013-11-03 23:00:06.140741,16458
5382037,142,Active,35,8,2013-11-03 23:00:06.146599,16458
5382038,143,Active,8,15,2013-11-03 23:00:06.152164,16458
5382039,144,Active,9,18,2013-11-03 23:00:06.157738,16458
5382040,145,Active,0,36,2013-11-03 23:00:06.163213,16458
5382041,146,Active,25,30,2013-11-03 23:00:06.168616,16458
5382042,147,Active,7,32,2013-11-03 23:00:06.176152,16458
5382043,148,Active,21,22,2013-11-03 23:00:06.181972,16458
5382044,149,Active,30,27,2013-11-03 23:00:06.187508,16458
5382045,150,Active,11,38,2013-11-03 23:00:06.192754,16458
5382046,151,Active,2,25,2013-11-03 23:00:06.198022,16458
5382047,152,Active,3,28,2013-11-03 23:00:06.203196,16458
5382048,153,Active,2,31,2013-11-03 23:00:06.208502,16458
5382049,154,Active,3,31,2013-11-03 23:00:06.213881,16458
5382050,155,Active,4,35,2013-11-03 23:00:06.219222,16458
5382051,156,Active,13,22,2013-11-03 23:00:06.224505,16458
5382052,157,Active,10,17,2013-11-03 23:00:06.229721,16458
5382053,158,Active,9,10,2013-11-03 23:00:06.236715,16458
5382054,159,Active,26,4,2013-11-03 23:00:06.242523,16458
5382055,160,Active,11,32,2013-11-03 23:00:06.247844,16458
5382056,161,Active,19,28,2013-11-03 23:00:06.253435,16458
5382057,162,Active,9,33,2013-11-03 23:00:06.258815,16458
5382058,163,Active,34,5,2013-11-03 23:00:06.263952,16458
5382059,164,Active,31,5,2013-11-03 23:00:06.269877,16458
5382060,165,Active,11,28,2013-11-03 23:00:06.275304,16458
5382061,166,Active,5,26,2013-11-03 23:00:06.280457,16458
5382062,167,Active,10,19,2013-11-03 23:00:06.285857,16458
5382063,168,Active,1,42,2013-11-03 23:00:06.313186,16458
5382064,169,Active,0,39,2013-11-03 23:00:06.323999,16458
5382065,170,Active,15,20,2013-11-03 23:00:06.329384,16458
5382066,171,Active,6,21,2013-11-03 23:00:06.334921,16458
5382067,172,Active,0,31,2013-11-03 23:00:06.340637,16458
5382068,173,Active,3,28,2013-11-03 23:00:06.346175,16458
5382069,174,Active,30,2,2013-11-03 23:00:06.352087,16458
5382070,175,Active,0,31,2013-11-03 23:00:06.357661,16458
5382071,176,Active,16,20,2013-11-03 23:00:06.362812,16458
5382072,177,Active,14,16,2013-11-03 23:00:06.368378,16458
5382073,178,Active,4,21,2013-11-03 23:00:06.374029,16458
5382074,179,Active,4,23,2013-11-03 23:00:06.383507,16458
5382075,180,Active,5,26,2013-11-03 23:00:06.389415,16458
5382076,181,Active,0,27,2013-11-03 23:00:06.394883,16458
5382077,182,Active,10,5,2013-11-03 23:00:06.400404,16458
5382078,183,Active,2,40,2013-11-03 23:00:06.406089,16458
5382079,184,Active,30,12,2013-11-03 23:00:06.411724,16458
5382080,185,Active,24,7,2013-11-03 23:00:06.418157,16458
5382081,186,Active,28,11,2013-11-03 23:00:06.423174,16458
5382082,187,Active,11,29,2013-11-03 23:00:06.428618,16458
5382083,188,Active,7,27,2013-11-03 23:00:06.434245,16458
5382084,189,Active,0,43,2013-11-03 23:00:06.439734,16458
5382085,190,Active,19,4,2013-11-03 23:00:06.444702,16458
5382086,191,Active,12,7,2013-11-03 23:00:06.450445,16458
5382087,192,Active,5,30,2013-11-03 23:00:06.455959,16458
5382088,193,Active,11,12,2013-11-03 23:00:06.461555,16458
5382089,194,Active,23,6,2013-11-03 23:00:06.467028,16458
5382090,195,Active,12,12,2013-11-03 23:00:06.472652,16458
5382091,196,Active,5,37,2013-11-03 23:00:06.478337,16458
5382092,197,Active,1,30,2013-11-03 23:00:06.484444,16458
5382093,198,Active,22,25,2013-11-03 23:00:06.490387,16458
5382094,199,Active,3,20,2013-11-03 23:00:06.496059,16458
5382095,200,Active,0,23,2013-11-03 23:00:06.502149,16458
5382096,201,Active,0,23,2013-11-03 23:00:06.507889,16458
5382097,202,Active,2,17,2013-11-03 23:00:06.513546,16458
5382098,203,Active,11,44,2013-11-03 23:00:06.518897,16458
5382099,204,Active,0,39,2013-11-03 23:00:06.524876,16458
5382100,205,Active,23,8,2013-11-03 23:00:06.530171,16458
5382101,206,Active,9,50,2013-11-03 23:00:06.535673,16458
5382102,207,Active,19,12,2013-11-03 23:00:06.54215,16458
5382103,208,Active,5,22,2013-11-03 23:00:06.548126,16458
5382104,209,Active,10,20,2013-11-03 23:00:06.554358,16458
5382105,210,Active,19,12,2013-11-03 23:00:06.560117,16458
5382106,211,Active,2,37,2013-11-03 23:00:06.5663,16458
5382107,212,Active,20,7,2013-11-03 23:00:06.571864,16458
5382108,213,Active,32,15,2013-11-03 23:00:06.577807,16458
5382109,214,Active,2,25,2013-11-03 23:00:06.583578,16458
5382110,215,Active,1,26,2013-11-03 23:00:06.590446,16458
5382111,216,Active,17,10,2013-11-03 23:00:06.597237,16458
5382112,217,Active,38,1,2013-11-03 23:00:06.603019,16458
5382113,218,Active,14,18,2013-11-03 23:00:06.609967,16458
5382114,219,Active,13,22,2013-11-03 23:00:06.615665,16458
5382115,220,Active,6,45,2013-11-03 23:00:06.623443,16458
5382116,221,Active,2,21,2013-11-03 23:00:06.629587,16458
5382117,222,Active,35,17,2013-11-03 23:00:06.635831,16458
5382118,223,Active,17,19,2013-11-03 23:00:06.641987,16458
5382119,224,Active,14,25,2013-11-03 23:00:06.671505,16458
5382120,225,Active,0,31,2013-11-03 23:00:06.678313,16458
5382121,226,Active,2,29,2013-11-03 23:00:06.683491,16458
5382122,227,Active,0,31,2013-11-03 23:00:06.688856,16458
5382123,228,Active,4,55,2013-11-03 23:00:06.694942,16458
5382124,229,Active,30,9,2013-11-03 23:00:06.704408,16458
5382125,230,Active,9,26,2013-11-03 23:00:06.710793,16458
5382126,231,Active,4,35,2013-11-03 23:00:06.716993,16458
5382127,232,Active,13,22,2013-11-03 23:00:06.722815,16458
5382128,233,Active,48,11,2013-11-03 23:00:06.728348,16458
5382129,234,Active,7,24,2013-11-03 23:00:06.733514,16458
5382130,235,Active,11,10,2013-11-03 23:00:06.738996,16458
5382131,236,Active,13,10,2013-11-03 23:00:06.744517,16458
5382132,237,Inactive,0,39,2013-11-03 23:00:06.749883,16458
5382133,238,Active,37,10,2013-11-03 23:00:06.759504,16458
5382134,239,Active,19,6,2013-11-03 23:00:06.764727,16458
5382135,240,Active,27,32,2013-11-03 23:00:06.770086,16458
5382136,241,Active,11,28,2013-11-03 23:00:06.77523,16458
5382137,242,Active,26,9,2013-11-03 23:00:06.781194,16458
5382138,243,Active,18,16,2013-11-03 23:00:06.786485,16458
5382139,244,Active,19,40,2013-11-03 23:00:06.792217,16458
5382140,245,Active,10,47,2013-11-03 23:00:06.797735,16458
5382141,246,Active,16,21,2013-11-03 23:00:06.803108,16458
5382142,247,Active,5,22,2013-11-03 23:00:06.808377,16458
5382143,248,Active,9,32,2013-11-03 23:00:06.813836,16458
5382144,249,Active,21,21,2013-11-03 23:00:06.819225,16458
5382145,250,Active,13,34,2013-11-03 23:00:06.824539,16458
5382146,251,Active,32,5,2013-11-03 23:00:06.830028,16458
5382147,252,Active,5,41,2013-11-03 23:00:06.835377,16458
5382148,253,Active,6,53,2013-11-03 23:00:06.840785,16458
5382149,254,Active,1,23,2013-11-03 23:00:06.846025,16458
5382150,255,Active,0,31,2013-11-03 23:00:06.851101,16458
5382151,256,Active,14,13,2013-11-03 23:00:06.856215,16458
5382152,257,Active,9,16,2013-11-03 23:00:06.863401,16458
5382153,258,Active,8,31,2013-11-03 23:00:06.868798,16458
5382154,259,Active,25,10,2013-11-03 23:00:06.874542,16458
5382155,260,Active,6,38,2013-11-03 23:00:06.880244,16458
5382156,261,Active,6,33,2013-11-03 23:00:06.885753,16458
5382157,262,Active,15,24,2013-11-03 23:00:06.890949,16458
5382158,263,Active,8,28,2013-11-03 23:00:06.896091,16458
5382159,264,Active,11,30,2013-11-03 23:00:06.902051,16458
5382160,265,Active,10,27,2013-11-03 23:00:06.90722,16458
5382161,266,Active,19,40,2013-11-03 23:00:06.912493,16458
5382162,267,Active,8,45,2013-11-03 23:00:06.917888,16458
5382163,268,Active,4,45,2013-11-03 23:00:06.92348,16458
5382164,269,Active,28,6,2013-11-03 23:00:06.928972,16458
5382165,270,Active,18,17,2013-11-03 23:00:06.935867,16458
5382166,271,Active,4,21,2013-11-03 23:00:06.94119,16458
5382167,272,Inactive,0,27,2013-11-03 23:00:06.94643,16458
5382168,273,Active,27,32,2013-11-03 23:00:06.952196,16458
5382169,274,Active,0,30,2013-11-03 23:00:06.958032,16458
5382170,275,Active,29,7,2013-11-03 23:00:06.963745,16458
5382171,276,Active,7,45,2013-11-03 23:00:06.969234,16458
5382172,277,Active,17,26,2013-11-03 23:00:06.974554,16458
5382173,330,Active,10,20,2013-11-03 23:00:06.980008,16458
5382174,278,Inactive,0,19,2013-11-03 23:00:06.985314,16458
5382175,279,Active,10,35,2013-11-03 23:00:07.013391,16458
5382176,280,Active,17,19,2013-11-03 23:00:07.019552,16458
5382177,281,Active,3,44,2013-11-03 23:00:07.024876,16458
5382178,282,Active,7,17,2013-11-03 23:00:07.030867,16458
5382179,283,Active,16,20,2013-11-03 23:00:07.036971,16458
5382180,284,Active,3,48,2013-11-03 23:00:07.044397,16458
5382181,285,Active,1,32,2013-11-03 23:00:07.051931,16458
5382182,286,Active,5,22,2013-11-03 23:00:07.057703,16458
5382183,287,Active,0,27,2013-11-03 23:00:07.064645,16458
5382184,288,Active,14,39,2013-11-03 23:00:07.069889,16458
5382185,289,Active,3,32,2013-11-03 23:00:07.075719,16458
5382186,290,Active,16,15,2013-11-03 23:00:07.081844,16458
5382187,291,Active,33,26,2013-11-03 23:00:07.089701,16458
5382188,292,Active,6,33,2013-11-03 23:00:07.095773,16458
5382189,293,Active,29,32,2013-11-03 23:00:07.10133,16458
5382190,294,Active,5,34,2013-11-03 23:00:07.106587,16458
5382191,295,Active,12,55,2013-11-03 23:00:07.112273,16458
5382192,296,Active,23,28,2013-11-03 23:00:07.117837,16458
5382193,297,Active,3,48,2013-11-03 23:00:07.123236,16458
5382194,298,Active,16,41,2013-11-03 23:00:07.128495,16458
5382195,299,Active,9,30,2013-11-03 23:00:07.133727,16458
5382196,300,Active,31,12,2013-11-03 23:00:07.13877,16458
5382197,301,Active,29,30,2013-11-03 23:00:07.144039,16458
5382198,302,Active,9,29,2013-11-03 23:00:07.149264,16458
5382199,303,Active,17,24,2013-11-03 23:00:07.154839,16458
5382200,305,Active,10,29,2013-11-03 23:00:07.160091,16458
5382201,306,Active,28,15,2013-11-03 23:00:07.165476,16458
5382202,307,Active,4,46,2013-11-03 23:00:07.170535,16458
5382203,308,Active,15,16,2013-11-03 23:00:07.176135,16458
5382204,309,Active,26,3,2013-11-03 23:00:07.181324,16458
5382205,310,Active,5,34,2013-11-03 23:00:07.186682,16458
5382206,311,Active,8,31,2013-11-03 23:00:07.192887,16458
5382207,312,Active,24,7,2013-11-03 23:00:07.198461,16458
5382208,313,Active,4,35,2013-11-03 23:00:07.20385,16458
5382209,314,Active,9,18,2013-11-03 23:00:07.212233,16458
5382210,315,Active,4,34,2013-11-03 23:00:07.21803,16458
5382211,316,Active,10,20,2013-11-03 23:00:07.223393,16458
5382212,317,Active,10,5,2013-11-03 23:00:07.229375,16458
5382213,318,Active,26,1,2013-11-03 23:00:07.23503,16458
5382214,319,Active,7,23,2013-11-03 23:00:07.240778,16458
5382215,320,Active,24,12,2013-11-03 23:00:07.246328,16458
5382216,321,Active,1,11,2013-11-03 23:00:07.251798,16458
5382217,322,Active,26,23,2013-11-03 23:00:07.257804,16458
5382218,332,Active,8,16,2013-11-03 23:00:07.263426,16458
5382219,327,Active,20,15,2013-11-03 23:00:07.269224,16458
5382220,328,Active,22,17,2013-11-03 23:00:07.275249,16458
5382221,331,Active,5,31,2013-11-03 23:00:07.280726,16458
5382222,323,Active,1,38,2013-11-03 23:00:07.286526,16458
5382223,324,Active,0,43,2013-11-03 23:00:07.292123,16458
5382224,329,Active,23,10,2013-11-03 23:00:07.297774,16458
5382225,325,Active,7,29,2013-11-03 23:00:07.303305,16458
5382226,326,Active,7,18,2013-11-03 23:00:07.309018,16458
5382227,1,Active,15,24,2013-11-03 23:10:05.659556,16459
5382228,2,Active,0,33,2013-11-03 23:10:05.669196,16459
5382229,3,Active,10,16,2013-11-03 23:10:05.675409,16459
5382230,4,Active,17,45,2013-11-03 23:10:05.685778,16459
5382231,5,Active,11,28,2013-11-03 23:10:05.690958,16459
5382232,6,Active,2,17,2013-11-03 23:10:05.695534,16459
5382233,7,Active,3,16,2013-11-03 23:10:05.700054,16459
5382234,8,Active,19,12,2013-11-03 23:10:05.704828,16459
5382235,9,Active,21,9,2013-11-03 23:10:05.709185,16459
5382236,10,Active,10,36,2013-11-03 23:10:05.713618,16459
5382237,11,Active,4,20,2013-11-03 23:10:05.718154,16459
5382238,12,Active,1,18,2013-11-03 23:10:05.722888,16459
5382239,13,Active,13,26,2013-11-03 23:10:05.727277,16459
5382240,14,Active,32,1,2013-11-03 23:10:05.731714,16459
5382241,15,Active,2,29,2013-11-03 23:10:05.736124,16459
5382242,16,Active,19,14,2013-11-03 23:10:05.740506,16459
5382243,17,Active,23,6,2013-11-03 23:10:05.74497,16459
5382244,18,Active,16,39,2013-11-03 23:10:05.750898,16459
5382245,19,Active,10,13,2013-11-03 23:10:05.757823,16459
5382246,20,Active,12,14,2013-11-03 23:10:05.76269,16459
5382247,21,Active,29,6,2013-11-03 23:10:05.767649,16459
5382248,22,Active,6,41,2013-11-03 23:10:05.772362,16459
5382249,23,Active,9,36,2013-11-03 23:10:05.777161,16459
5382250,24,Active,35,12,2013-11-03 23:10:05.782561,16459
5382251,25,Active,14,37,2013-11-03 23:10:05.787238,16459
5382252,26,Active,8,22,2013-11-03 23:10:05.791547,16459
5382253,27,Active,16,29,2013-11-03 23:10:05.796818,16459
5382254,28,Active,24,4,2013-11-03 23:10:05.801355,16459
5382255,29,Active,0,23,2013-11-03 23:10:05.806041,16459
5382256,30,Active,5,34,2013-11-03 23:10:05.811161,16459
5382257,31,Active,16,22,2013-11-03 23:10:05.816346,16459
5382258,32,Active,3,30,2013-11-03 23:10:05.822032,16459
5382259,33,Active,9,22,2013-11-03 23:10:05.827046,16459
5382260,34,Active,31,6,2013-11-03 23:10:05.831882,16459
5382261,35,Active,19,36,2013-11-03 23:10:05.836814,16459
5382262,36,Active,22,5,2013-11-03 23:10:05.841708,16459
5382263,37,Active,18,5,2013-11-03 23:10:05.846761,16459
5382264,38,Active,5,34,2013-11-03 23:10:05.851449,16459
5382265,39,Active,26,13,2013-11-03 23:10:05.85648,16459
5382266,40,Active,5,34,2013-11-03 23:10:05.861577,16459
5382267,41,Active,20,11,2013-11-03 23:10:05.870937,16459
5382268,42,Active,5,26,2013-11-03 23:10:05.875875,16459
5382269,43,Active,1,22,2013-11-03 23:10:05.881294,16459
5382270,44,Active,1,21,2013-11-03 23:10:05.886377,16459
5382271,45,Active,32,7,2013-11-03 23:10:05.891546,16459
5382272,46,Active,1,30,2013-11-03 23:10:05.896397,16459
5382273,47,Active,1,22,2013-11-03 23:10:05.901316,16459
5382274,48,Active,17,3,2013-11-03 23:10:05.909651,16459
5382275,49,Active,0,23,2013-11-03 23:10:05.914333,16459
5382276,50,Active,14,13,2013-11-03 23:10:05.920466,16459
5382277,51,Active,34,6,2013-11-03 23:10:05.926092,16459
5382278,52,Active,23,4,2013-11-03 23:10:05.930983,16459
5382279,53,Active,3,30,2013-11-03 23:10:05.935833,16459
5382280,54,Active,18,29,2013-11-03 23:10:05.942242,16459
5382281,55,Active,1,30,2013-11-03 23:10:05.978282,16459
5382282,56,Active,13,26,2013-11-03 23:10:06.011286,16459
5382283,57,Active,1,22,2013-11-03 23:10:06.018399,16459
5382284,58,Active,25,14,2013-11-03 23:10:06.052187,16459
5382285,59,Active,4,31,2013-11-03 23:10:06.059604,16459
5382286,60,Active,16,11,2013-11-03 23:10:06.065477,16459
5382287,61,Active,1,23,2013-11-03 23:10:06.071014,16459
5382288,62,Active,18,13,2013-11-03 23:10:06.077364,16459
5382289,63,Active,8,19,2013-11-03 23:10:06.083934,16459
5382290,64,Active,22,13,2013-11-03 23:10:06.090323,16459
5382291,65,Active,12,12,2013-11-03 23:10:06.097226,16459
5382292,66,Active,26,31,2013-11-03 23:10:06.103182,16459
5382293,67,Active,10,17,2013-11-03 23:10:06.108337,16459
5382294,68,Active,5,18,2013-11-03 23:10:06.114772,16459
5382295,69,Active,3,36,2013-11-03 23:10:06.120225,16459
5382296,70,Active,2,29,2013-11-03 23:10:06.129701,16459
5382297,71,Active,2,17,2013-11-03 23:10:06.137186,16459
5382298,72,Active,9,16,2013-11-03 23:10:06.144576,16459
5382299,73,Active,1,18,2013-11-03 23:10:06.151599,16459
5382300,74,Active,1,18,2013-11-03 23:10:06.158485,16459
5382301,75,Active,3,28,2013-11-03 23:10:06.165197,16459
5382302,76,Active,37,22,2013-11-03 23:10:06.17183,16459
5382303,77,Active,6,21,2013-11-03 23:10:06.178607,16459
5382304,78,Active,27,16,2013-11-03 23:10:06.184632,16459
5382305,79,Active,31,16,2013-11-03 23:10:06.190123,16459
5382306,80,Active,1,18,2013-11-03 23:10:06.195386,16459
5382307,81,Active,9,20,2013-11-03 23:10:06.201355,16459
5382308,82,Active,1,19,2013-11-03 23:10:06.207553,16459
5382309,83,Active,27,28,2013-11-03 23:10:06.212797,16459
5382310,84,Active,19,12,2013-11-03 23:10:06.218767,16459
5382311,85,Active,7,17,2013-11-03 23:10:06.2247,16459
5382312,86,Active,28,7,2013-11-03 23:10:06.230612,16459
5382313,87,Active,22,5,2013-11-03 23:10:06.238976,16459
5382314,88,Active,9,26,2013-11-03 23:10:06.244885,16459
5382315,89,Active,24,31,2013-11-03 23:10:06.25073,16459
5382316,90,Active,16,20,2013-11-03 23:10:06.256234,16459
5382317,91,Active,22,1,2013-11-03 23:10:06.261431,16459
5382318,92,Active,23,8,2013-11-03 23:10:06.267067,16459
5382319,93,Active,16,20,2013-11-03 23:10:06.274191,16459
5382320,94,Active,25,8,2013-11-03 23:10:06.279879,16459
5382321,95,Active,7,23,2013-11-03 23:10:06.285114,16459
5382322,96,Active,0,31,2013-11-03 23:10:06.290573,16459
5382323,97,Active,23,4,2013-11-03 23:10:06.2959,16459
5382324,98,Active,25,16,2013-11-03 23:10:06.30182,16459
5382325,99,Active,27,8,2013-11-03 23:10:06.307511,16459
5382326,100,Active,22,8,2013-11-03 23:10:06.313071,16459
5382327,101,Active,20,11,2013-11-03 23:10:06.318788,16459
5382328,102,Active,21,2,2013-11-03 23:10:06.324512,16459
5382329,103,Active,0,39,2013-11-03 23:10:06.330499,16459
5382330,104,Active,1,28,2013-11-03 23:10:06.336295,16459
5382331,105,Active,8,35,2013-11-03 23:10:06.34192,16459
5382332,106,Active,14,13,2013-11-03 23:10:06.347416,16459
5382333,107,Active,4,27,2013-11-03 23:10:06.352748,16459
5382334,108,Active,27,8,2013-11-03 23:10:06.358094,16459
5382335,109,Active,9,30,2013-11-03 23:10:06.364567,16459
5382336,110,Active,21,6,2013-11-03 23:10:06.370912,16459
5382337,111,Active,9,22,2013-11-03 23:10:06.376211,16459
5382338,112,Active,8,31,2013-11-03 23:10:06.408615,16459
5382339,113,Active,43,8,2013-11-03 23:10:06.416156,16459
5382340,114,Active,21,14,2013-11-03 23:10:06.421982,16459
5382341,115,Active,7,20,2013-11-03 23:10:06.430092,16459
5382342,116,Active,30,9,2013-11-03 23:10:06.435612,16459
5382343,117,Active,11,12,2013-11-03 23:10:06.441435,16459
5382344,118,Active,18,13,2013-11-03 23:10:06.44732,16459
5382345,119,Active,18,21,2013-11-03 23:10:06.453308,16459
5382346,120,Active,11,16,2013-11-03 23:10:06.458781,16459
5382347,121,Active,6,18,2013-11-03 23:10:06.464502,16459
5382348,122,Active,7,24,2013-11-03 23:10:06.469988,16459
5382349,123,Active,20,7,2013-11-03 23:10:06.475694,16459
5382350,124,Active,11,25,2013-11-03 23:10:06.48141,16459
5382351,125,Active,11,26,2013-11-03 23:10:06.487424,16459
5382352,126,Active,17,7,2013-11-03 23:10:06.49356,16459
5382353,127,Active,5,22,2013-11-03 23:10:06.500197,16459
5382354,128,Active,8,11,2013-11-03 23:10:06.506263,16459
5382355,129,Active,8,21,2013-11-03 23:10:06.511667,16459
5382356,130,Active,18,5,2013-11-03 23:10:06.517317,16459
5382357,131,Active,1,22,2013-11-03 23:10:06.522994,16459
5382358,132,Active,25,10,2013-11-03 23:10:06.528097,16459
5382359,133,Active,18,9,2013-11-03 23:10:06.534184,16459
5382360,134,Active,14,21,2013-11-03 23:10:06.540488,16459
5382361,135,Active,23,19,2013-11-03 23:10:06.546208,16459
5382362,136,Active,8,15,2013-11-03 23:10:06.551873,16459
5382363,137,Active,6,22,2013-11-03 23:10:06.558548,16459
5382364,138,Active,7,32,2013-11-03 23:10:06.56483,16459
5382365,139,Active,25,11,2013-11-03 23:10:06.571316,16459
5382366,140,Active,3,24,2013-11-03 23:10:06.577274,16459
5382367,141,Active,6,25,2013-11-03 23:10:06.583019,16459
5382368,142,Active,35,8,2013-11-03 23:10:06.589696,16459
5382369,143,Active,8,15,2013-11-03 23:10:06.596554,16459
5382370,144,Active,9,18,2013-11-03 23:10:06.603141,16459
5382371,145,Active,1,35,2013-11-03 23:10:06.609571,16459
5382372,146,Active,25,30,2013-11-03 23:10:06.615548,16459
5382373,147,Active,7,32,2013-11-03 23:10:06.621496,16459
5382374,148,Active,21,22,2013-11-03 23:10:06.627333,16459
5382375,149,Active,30,27,2013-11-03 23:10:06.633403,16459
5382376,150,Active,9,40,2013-11-03 23:10:06.639179,16459
5382377,151,Active,2,25,2013-11-03 23:10:06.646168,16459
5382378,152,Active,4,27,2013-11-03 23:10:06.652809,16459
5382379,153,Active,4,29,2013-11-03 23:10:06.658871,16459
5382380,154,Active,3,31,2013-11-03 23:10:06.665903,16459
5382381,155,Active,4,35,2013-11-03 23:10:06.671871,16459
5382382,156,Active,14,21,2013-11-03 23:10:06.677457,16459
5382383,157,Active,10,17,2013-11-03 23:10:06.682946,16459
5382384,158,Active,9,10,2013-11-03 23:10:06.688387,16459
5382385,159,Active,26,4,2013-11-03 23:10:06.694785,16459
5382386,160,Active,11,32,2013-11-03 23:10:06.702126,16459
5382387,161,Active,20,27,2013-11-03 23:10:06.707569,16459
5382388,162,Active,9,33,2013-11-03 23:10:06.712875,16459
5382389,163,Active,32,7,2013-11-03 23:10:06.718662,16459
5382390,164,Active,31,5,2013-11-03 23:10:06.724228,16459
5382391,165,Active,11,28,2013-11-03 23:10:06.730727,16459
5382392,166,Active,5,26,2013-11-03 23:10:06.736384,16459
5382393,167,Active,10,19,2013-11-03 23:10:06.742083,16459
5382394,168,Active,1,42,2013-11-03 23:10:06.774623,16459
5382395,169,Active,0,39,2013-11-03 23:10:06.781587,16459
5382396,170,Active,15,20,2013-11-03 23:10:06.78727,16459
5382397,171,Active,6,21,2013-11-03 23:10:06.793226,16459
5382398,172,Active,0,31,2013-11-03 23:10:06.798732,16459
5382399,173,Active,3,28,2013-11-03 23:10:06.804143,16459
5382400,174,Active,30,2,2013-11-03 23:10:06.809654,16459
5382401,175,Active,0,31,2013-11-03 23:10:06.815164,16459
5382402,176,Active,16,20,2013-11-03 23:10:06.820739,16459
5382403,177,Active,14,16,2013-11-03 23:10:06.827096,16459
5382404,178,Active,4,21,2013-11-03 23:10:06.832707,16459
5382405,179,Active,4,23,2013-11-03 23:10:06.838125,16459
5382406,180,Active,6,25,2013-11-03 23:10:06.843595,16459
5382407,181,Active,1,26,2013-11-03 23:10:06.85006,16459
5382408,182,Active,10,5,2013-11-03 23:10:06.859161,16459
5382409,183,Active,2,40,2013-11-03 23:10:06.865249,16459
5382410,184,Active,28,14,2013-11-03 23:10:06.870684,16459
5382411,185,Active,23,8,2013-11-03 23:10:06.876477,16459
5382412,186,Active,31,8,2013-11-03 23:10:06.883056,16459
5382413,187,Active,10,30,2013-11-03 23:10:06.889787,16459
5382414,188,Active,7,27,2013-11-03 23:10:06.896308,16459
5382415,189,Active,0,43,2013-11-03 23:10:06.903239,16459
5382416,190,Active,19,4,2013-11-03 23:10:06.909759,16459
5382417,191,Active,11,8,2013-11-03 23:10:06.916132,16459
5382418,192,Active,7,28,2013-11-03 23:10:06.921994,16459
5382419,193,Active,9,14,2013-11-03 23:10:06.927977,16459
5382420,194,Active,23,6,2013-11-03 23:10:06.934385,16459
5382421,195,Active,12,12,2013-11-03 23:10:06.93992,16459
5382422,196,Active,5,37,2013-11-03 23:10:06.945777,16459
5382423,197,Active,0,31,2013-11-03 23:10:06.951942,16459
5382424,198,Active,22,25,2013-11-03 23:10:06.957365,16459
5382425,199,Active,3,20,2013-11-03 23:10:06.963309,16459
5382426,200,Active,0,23,2013-11-03 23:10:06.969042,16459
5382427,201,Active,0,23,2013-11-03 23:10:06.974252,16459
5382428,202,Active,2,17,2013-11-03 23:10:06.979459,16459
5382429,203,Active,11,44,2013-11-03 23:10:06.985031,16459
5382430,204,Active,0,39,2013-11-03 23:10:06.990431,16459
5382431,205,Active,24,7,2013-11-03 23:10:06.996813,16459
5382432,206,Active,9,50,2013-11-03 23:10:07.002308,16459
5382433,207,Active,22,9,2013-11-03 23:10:07.007646,16459
5382434,208,Active,4,23,2013-11-03 23:10:07.013805,16459
5382435,209,Active,10,20,2013-11-03 23:10:07.019107,16459
5382436,210,Active,19,12,2013-11-03 23:10:07.024535,16459
5382437,211,Active,1,38,2013-11-03 23:10:07.030716,16459
5382438,212,Active,20,7,2013-11-03 23:10:07.037595,16459
5382439,213,Active,31,16,2013-11-03 23:10:07.044799,16459
5382440,214,Active,2,25,2013-11-03 23:10:07.050368,16459
5382441,215,Active,0,27,2013-11-03 23:10:07.084851,16459
5382442,216,Active,20,7,2013-11-03 23:10:07.090977,16459
5382443,217,Active,38,1,2013-11-03 23:10:07.096268,16459
5382444,218,Active,14,18,2013-11-03 23:10:07.102248,16459
5382445,219,Active,16,19,2013-11-03 23:10:07.107602,16459
5382446,220,Active,5,46,2013-11-03 23:10:07.11313,16459
5382447,221,Active,2,21,2013-11-03 23:10:07.118919,16459
5382448,222,Active,35,17,2013-11-03 23:10:07.124862,16459
5382449,223,Active,17,19,2013-11-03 23:10:07.161509,16459
5382450,224,Active,17,22,2013-11-03 23:10:07.195705,16459
5382451,225,Active,1,30,2013-11-03 23:10:07.202577,16459
5382452,226,Active,3,28,2013-11-03 23:10:07.238934,16459
5382453,227,Active,0,31,2013-11-03 23:10:07.245194,16459
5382454,228,Active,4,55,2013-11-03 23:10:07.250576,16459
5382455,229,Active,34,5,2013-11-03 23:10:07.256786,16459
5382456,230,Active,11,24,2013-11-03 23:10:07.262779,16459
5382457,231,Active,5,34,2013-11-03 23:10:07.268733,16459
5382458,232,Active,13,22,2013-11-03 23:10:07.274728,16459
5382459,233,Active,45,14,2013-11-03 23:10:07.281934,16459
5382460,234,Active,7,24,2013-11-03 23:10:07.317404,16459
5382461,235,Active,12,9,2013-11-03 23:10:07.326775,16459
5382462,236,Active,12,11,2013-11-03 23:10:07.332075,16459
5382463,237,Inactive,0,39,2013-11-03 23:10:07.338215,16459
5382464,238,Active,39,8,2013-11-03 23:10:07.347454,16459
5382465,239,Active,17,8,2013-11-03 23:10:07.353128,16459
5382466,240,Active,26,33,2013-11-03 23:10:07.388564,16459
5382467,241,Active,10,29,2013-11-03 23:10:07.398864,16459
5382468,242,Active,29,6,2013-11-03 23:10:07.405445,16459
5382469,243,Active,17,17,2013-11-03 23:10:07.42042,16459
5382470,244,Active,19,40,2013-11-03 23:10:07.425876,16459
5382471,245,Active,10,47,2013-11-03 23:10:07.460088,16459
5382472,246,Active,16,21,2013-11-03 23:10:07.466226,16459
5382473,247,Active,5,22,2013-11-03 23:10:07.472103,16459
5382474,248,Active,9,32,2013-11-03 23:10:07.478171,16459
5382475,249,Active,22,20,2013-11-03 23:10:07.483753,16459
5382476,250,Active,13,34,2013-11-03 23:10:07.489798,16459
5382477,251,Active,31,6,2013-11-03 23:10:07.495081,16459
5382478,252,Active,5,41,2013-11-03 23:10:07.500485,16459
5382479,253,Active,6,53,2013-11-03 23:10:07.533907,16459
5382480,254,Active,1,23,2013-11-03 23:10:07.540413,16459
5382481,255,Active,3,28,2013-11-03 23:10:07.546084,16459
5382482,256,Active,14,13,2013-11-03 23:10:07.552105,16459
5382483,257,Active,8,17,2013-11-03 23:10:07.558003,16459
5382484,258,Active,9,30,2013-11-03 23:10:07.563525,16459
5382485,259,Active,25,10,2013-11-03 23:10:07.568925,16459
5382486,260,Active,6,38,2013-11-03 23:10:07.605692,16459
5382487,261,Active,6,33,2013-11-03 23:10:07.612686,16459
5382488,262,Active,15,24,2013-11-03 23:10:07.622402,16459
5382489,263,Active,8,28,2013-11-03 23:10:07.628183,16459
5382490,264,Active,10,31,2013-11-03 23:10:07.634252,16459
5382491,265,Active,8,29,2013-11-03 23:10:07.639598,16459
5382492,266,Active,15,44,2013-11-03 23:10:07.64718,16459
5382493,267,Active,7,46,2013-11-03 23:10:07.68319,16459
5382494,268,Active,4,45,2013-11-03 23:10:07.690699,16459
5382495,269,Active,31,3,2013-11-03 23:10:07.696912,16459
5382496,270,Active,18,17,2013-11-03 23:10:07.702903,16459
5382497,271,Active,3,22,2013-11-03 23:10:07.709247,16459
5382498,272,Inactive,0,27,2013-11-03 23:10:07.715075,16459
5382499,273,Active,30,29,2013-11-03 23:10:07.720593,16459
5382500,274,Active,1,29,2013-11-03 23:10:07.725901,16459
5382501,275,Active,32,4,2013-11-03 23:10:07.760615,16459
5382502,276,Active,6,46,2013-11-03 23:10:07.767192,16459
5382503,277,Active,17,26,2013-11-03 23:10:07.773336,16459
5382504,330,Active,10,20,2013-11-03 23:10:07.778892,16459
5382505,278,Inactive,0,19,2013-11-03 23:10:07.784824,16459
5382506,279,Active,10,35,2013-11-03 23:10:07.817972,16459
5382507,280,Active,16,20,2013-11-03 23:10:07.833279,16459
5382508,281,Active,8,39,2013-11-03 23:10:07.840891,16459
5382509,282,Active,7,17,2013-11-03 23:10:07.847264,16459
5382510,283,Active,22,14,2013-11-03 23:10:07.853882,16459
5382511,284,Active,4,47,2013-11-03 23:10:07.860896,16459
5382512,285,Active,2,31,2013-11-03 23:10:07.866839,16459
5382513,286,Active,5,22,2013-11-03 23:10:07.873812,16459
5382514,287,Active,1,26,2013-11-03 23:10:07.908173,16459
5382515,288,Active,14,39,2013-11-03 23:10:07.91471,16459
5382516,289,Active,6,29,2013-11-03 23:10:07.921288,16459
5382517,290,Active,16,15,2013-11-03 23:10:07.928581,16459
5382518,291,Active,33,26,2013-11-03 23:10:07.935425,16459
5382519,292,Active,7,32,2013-11-03 23:10:07.941682,16459
5382520,293,Active,27,34,2013-11-03 23:10:07.947843,16459
5382521,294,Active,4,35,2013-11-03 23:10:07.983502,16459
5382522,295,Active,13,54,2013-11-03 23:10:07.99,16459
5382523,296,Active,23,28,2013-11-03 23:10:07.995322,16459
5382524,297,Active,3,48,2013-11-03 23:10:08.000638,16459
5382525,298,Active,14,43,2013-11-03 23:10:08.006157,16459
5382526,299,Active,9,30,2013-11-03 23:10:08.012124,16459
5382527,300,Active,31,12,2013-11-03 23:10:08.01748,16459
5382528,301,Active,29,30,2013-11-03 23:10:08.023465,16459
5382529,302,Active,8,30,2013-11-03 23:10:08.059575,16459
5382530,303,Active,17,24,2013-11-03 23:10:08.066142,16459
5382531,305,Active,11,28,2013-11-03 23:10:08.072704,16459
5382532,306,Active,28,15,2013-11-03 23:10:08.078684,16459
5382533,307,Active,4,46,2013-11-03 23:10:08.084735,16459
5382534,308,Active,16,15,2013-11-03 23:10:08.091646,16459
5382535,309,Active,26,3,2013-11-03 23:10:08.099296,16459
5382536,310,Active,4,35,2013-11-03 23:10:08.138254,16459
5382537,311,Active,9,30,2013-11-03 23:10:08.146818,16459
5382538,312,Active,24,7,2013-11-03 23:10:08.154055,16459
5382539,313,Active,4,35,2013-11-03 23:10:08.160503,16459
5382540,314,Active,8,19,2013-11-03 23:10:08.167571,16459
5382541,315,Active,5,33,2013-11-03 23:10:08.173843,16459
5382542,316,Active,11,19,2013-11-03 23:10:08.208074,16459
5382543,317,Active,10,5,2013-11-03 23:10:08.215894,16459
5382544,318,Active,25,2,2013-11-03 23:10:08.222363,16459
5382545,319,Active,7,23,2013-11-03 23:10:08.231303,16459
5382546,320,Active,22,14,2013-11-03 23:10:08.237463,16459
5382547,321,Active,1,11,2013-11-03 23:10:08.244394,16459
5382548,322,Active,26,23,2013-11-03 23:10:08.280273,16459
5382549,332,Active,7,17,2013-11-03 23:10:08.287359,16459
5382550,327,Active,21,14,2013-11-03 23:10:08.293183,16459
5382551,328,Active,22,17,2013-11-03 23:10:08.298723,16459
5382552,331,Active,7,29,2013-11-03 23:10:08.304196,16459
5382553,323,Active,1,38,2013-11-03 23:10:08.314543,16459
5382554,324,Active,0,43,2013-11-03 23:10:08.320224,16459
5382555,329,Active,23,10,2013-11-03 23:10:08.353812,16459
5382556,325,Active,7,29,2013-11-03 23:10:08.35923,16459
5382557,326,Active,9,16,2013-11-03 23:10:08.364537,16459
5382558,1,Active,15,24,2013-11-03 23:20:05.459294,16460
5382559,2,Active,0,33,2013-11-03 23:20:05.469632,16460
5382560,3,Active,10,16,2013-11-03 23:20:05.474391,16460
5382561,4,Active,17,45,2013-11-03 23:20:05.479552,16460
5382562,5,Active,10,29,2013-11-03 23:20:05.485276,16460
5382563,6,Active,2,17,2013-11-03 23:20:05.490817,16460
5382564,7,Active,5,14,2013-11-03 23:20:05.49541,16460
5382565,8,Active,20,11,2013-11-03 23:20:05.500633,16460
5382566,9,Active,21,9,2013-11-03 23:20:05.505422,16460
5382567,10,Active,9,37,2013-11-03 23:20:05.509793,16460
5382568,11,Active,4,20,2013-11-03 23:20:05.514505,16460
5382569,12,Active,1,18,2013-11-03 23:20:05.519285,16460
5382570,13,Active,13,26,2013-11-03 23:20:05.523938,16460
5382571,14,Active,31,2,2013-11-03 23:20:05.528978,16460
5382572,15,Active,1,30,2013-11-03 23:20:05.533437,16460
5382573,16,Active,18,15,2013-11-03 23:20:05.53786,16460
5382574,17,Active,24,5,2013-11-03 23:20:05.542707,16460
5382575,18,Active,18,37,2013-11-03 23:20:05.547259,16460
5382576,19,Active,11,12,2013-11-03 23:20:05.551753,16460
5382577,20,Active,12,14,2013-11-03 23:20:05.556471,16460
5382578,21,Active,29,6,2013-11-03 23:20:05.560969,16460
5382579,22,Active,6,41,2013-11-03 23:20:05.565469,16460
5382580,23,Active,10,35,2013-11-03 23:20:05.571858,16460
5382581,24,Active,34,13,2013-11-03 23:20:05.576376,16460
5382582,25,Active,16,35,2013-11-03 23:20:05.580908,16460
5382583,26,Active,8,22,2013-11-03 23:20:05.585565,16460
5382584,27,Active,19,26,2013-11-03 23:20:05.589933,16460
5382585,28,Active,25,3,2013-11-03 23:20:05.594415,16460
5382586,29,Active,0,23,2013-11-03 23:20:05.598791,16460
5382587,30,Active,4,35,2013-11-03 23:20:05.603398,16460
5382588,31,Active,16,22,2013-11-03 23:20:05.608239,16460
5382589,32,Active,4,29,2013-11-03 23:20:05.612752,16460
5382590,33,Active,7,24,2013-11-03 23:20:05.617888,16460
5382591,34,Active,31,6,2013-11-03 23:20:05.62371,16460
5382592,35,Active,20,35,2013-11-03 23:20:05.629135,16460
5382593,36,Active,20,7,2013-11-03 23:20:05.634718,16460
5382594,37,Active,18,5,2013-11-03 23:20:05.640423,16460
5382595,38,Active,5,34,2013-11-03 23:20:05.645228,16460
5382596,39,Active,27,12,2013-11-03 23:20:05.650379,16460
5382597,40,Active,6,33,2013-11-03 23:20:05.655678,16460
5382598,41,Active,21,10,2013-11-03 23:20:05.660358,16460
5382599,42,Active,5,26,2013-11-03 23:20:05.664916,16460
5382600,43,Active,1,22,2013-11-03 23:20:05.669606,16460
5382601,44,Active,1,21,2013-11-03 23:20:05.674171,16460
5382602,45,Active,32,7,2013-11-03 23:20:05.679644,16460
5382603,46,Active,1,30,2013-11-03 23:20:05.684189,16460
5382604,47,Active,1,22,2013-11-03 23:20:05.688724,16460
5382605,48,Active,18,2,2013-11-03 23:20:05.693295,16460
5382606,49,Active,1,22,2013-11-03 23:20:05.698449,16460
5382607,50,Active,16,11,2013-11-03 23:20:05.703741,16460
5382608,51,Active,32,8,2013-11-03 23:20:05.709215,16460
5382609,52,Active,23,4,2013-11-03 23:20:05.713682,16460
5382610,53,Active,1,32,2013-11-03 23:20:05.71807,16460
5382611,54,Active,19,28,2013-11-03 23:20:05.722796,16460
5382612,55,Active,1,30,2013-11-03 23:20:05.727352,16460
5382613,56,Active,11,28,2013-11-03 23:20:05.759124,16460
5382614,57,Active,1,22,2013-11-03 23:20:05.765038,16460
5382615,58,Active,25,14,2013-11-03 23:20:05.771182,16460
5382616,59,Active,4,31,2013-11-03 23:20:05.777283,16460
5382617,60,Active,15,12,2013-11-03 23:20:05.782797,16460
5382618,61,Active,1,23,2013-11-03 23:20:05.789422,16460
5382619,62,Active,20,11,2013-11-03 23:20:05.795519,16460
5382620,63,Active,9,18,2013-11-03 23:20:05.801515,16460
5382621,64,Active,22,13,2013-11-03 23:20:05.807083,16460
5382622,65,Active,12,12,2013-11-03 23:20:05.812926,16460
5382623,66,Active,26,31,2013-11-03 23:20:05.818583,16460
5382624,67,Active,10,17,2013-11-03 23:20:05.824202,16460
5382625,68,Active,6,17,2013-11-03 23:20:05.836562,16460
5382626,69,Active,3,36,2013-11-03 23:20:05.842066,16460
5382627,70,Active,1,30,2013-11-03 23:20:05.847416,16460
5382628,71,Active,2,17,2013-11-03 23:20:05.853061,16460
5382629,72,Active,9,16,2013-11-03 23:20:05.85856,16460
5382630,73,Active,2,17,2013-11-03 23:20:05.863901,16460
5382631,74,Active,1,18,2013-11-03 23:20:05.869319,16460
5382632,75,Active,3,28,2013-11-03 23:20:05.875142,16460
5382633,76,Active,36,23,2013-11-03 23:20:05.880929,16460
5382634,77,Active,6,21,2013-11-03 23:20:05.886769,16460
5382635,78,Active,27,16,2013-11-03 23:20:05.892891,16460
5382636,79,Active,20,27,2013-11-03 23:20:05.898179,16460
5382637,80,Active,2,17,2013-11-03 23:20:05.904374,16460
5382638,81,Active,7,22,2013-11-03 23:20:05.911048,16460
5382639,82,Active,2,18,2013-11-03 23:20:05.917916,16460
5382640,83,Active,26,29,2013-11-03 23:20:05.923322,16460
5382641,84,Active,16,15,2013-11-03 23:20:05.930003,16460
5382642,85,Active,6,18,2013-11-03 23:20:05.93632,16460
5382643,86,Active,29,6,2013-11-03 23:20:05.941445,16460
5382644,87,Active,22,5,2013-11-03 23:20:05.947254,16460
5382645,88,Active,9,26,2013-11-03 23:20:05.953926,16460
5382646,89,Active,25,30,2013-11-03 23:20:05.959517,16460
5382647,90,Active,19,17,2013-11-03 23:20:05.972285,16460
5382648,91,Active,22,1,2013-11-03 23:20:05.978451,16460
5382649,92,Active,23,8,2013-11-03 23:20:05.98547,16460
5382650,93,Active,16,20,2013-11-03 23:20:05.99105,16460
5382651,94,Active,25,8,2013-11-03 23:20:05.997407,16460
5382652,95,Active,7,23,2013-11-03 23:20:06.004195,16460
5382653,96,Active,4,27,2013-11-03 23:20:06.010532,16460
5382654,97,Active,23,4,2013-11-03 23:20:06.016766,16460
5382655,98,Active,25,16,2013-11-03 23:20:06.023489,16460
5382656,99,Active,25,10,2013-11-03 23:20:06.030325,16460
5382657,100,Active,22,8,2013-11-03 23:20:06.036637,16460
5382658,101,Active,19,12,2013-11-03 23:20:06.042147,16460
5382659,102,Active,21,2,2013-11-03 23:20:06.047662,16460
5382660,103,Active,0,39,2013-11-03 23:20:06.053299,16460
5382661,104,Active,1,28,2013-11-03 23:20:06.059455,16460
5382662,105,Active,9,34,2013-11-03 23:20:06.067063,16460
5382663,106,Active,14,13,2013-11-03 23:20:06.074458,16460
5382664,107,Active,3,28,2013-11-03 23:20:06.080502,16460
5382665,108,Active,27,8,2013-11-03 23:20:06.085925,16460
5382666,109,Active,7,32,2013-11-03 23:20:06.091434,16460
5382667,110,Active,20,7,2013-11-03 23:20:06.097159,16460
5382668,111,Active,9,22,2013-11-03 23:20:06.10252,16460
5382669,112,Active,8,31,2013-11-03 23:20:06.144607,16460
5382670,113,Active,43,8,2013-11-03 23:20:06.151803,16460
5382671,114,Active,23,12,2013-11-03 23:20:06.158121,16460
5382672,115,Active,4,23,2013-11-03 23:20:06.164091,16460
5382673,116,Active,30,9,2013-11-03 23:20:06.169984,16460
5382674,117,Active,11,12,2013-11-03 23:20:06.175378,16460
5382675,118,Active,18,13,2013-11-03 23:20:06.181008,16460
5382676,119,Active,18,21,2013-11-03 23:20:06.186592,16460
5382677,120,Active,11,16,2013-11-03 23:20:06.191962,16460
5382678,121,Active,6,18,2013-11-03 23:20:06.197329,16460
5382679,122,Active,8,23,2013-11-03 23:20:06.203112,16460
5382680,123,Active,20,7,2013-11-03 23:20:06.209235,16460
5382681,124,Active,11,25,2013-11-03 23:20:06.214572,16460
5382682,125,Active,10,27,2013-11-03 23:20:06.220903,16460
5382683,126,Active,17,7,2013-11-03 23:20:06.226801,16460
5382684,127,Active,4,23,2013-11-03 23:20:06.231994,16460
5382685,128,Active,8,11,2013-11-03 23:20:06.237275,16460
5382686,129,Active,9,20,2013-11-03 23:20:06.242832,16460
5382687,130,Active,18,5,2013-11-03 23:20:06.248812,16460
5382688,131,Active,0,23,2013-11-03 23:20:06.254746,16460
5382689,132,Active,25,10,2013-11-03 23:20:06.260261,16460
5382690,133,Active,19,8,2013-11-03 23:20:06.265833,16460
5382691,134,Active,14,21,2013-11-03 23:20:06.278592,16460
5382692,135,Active,24,18,2013-11-03 23:20:06.285632,16460
5382693,136,Active,7,16,2013-11-03 23:20:06.291915,16460
5382694,137,Active,6,22,2013-11-03 23:20:06.29815,16460
5382695,138,Active,7,32,2013-11-03 23:20:06.304596,16460
5382696,139,Active,25,11,2013-11-03 23:20:06.309899,16460
5382697,140,Active,3,24,2013-11-03 23:20:06.316172,16460
5382698,141,Active,4,27,2013-11-03 23:20:06.323069,16460
5382699,142,Active,35,8,2013-11-03 23:20:06.329051,16460
5382700,143,Active,8,15,2013-11-03 23:20:06.334939,16460
5382701,144,Active,9,18,2013-11-03 23:20:06.341354,16460
5382702,145,Active,0,36,2013-11-03 23:20:06.347217,16460
5382703,146,Active,24,31,2013-11-03 23:20:06.352784,16460
5382704,147,Active,7,32,2013-11-03 23:20:06.358188,16460
5382705,148,Active,21,22,2013-11-03 23:20:06.36395,16460
5382706,149,Active,29,28,2013-11-03 23:20:06.370341,16460
5382707,150,Active,9,40,2013-11-03 23:20:06.377081,16460
5382708,151,Active,4,23,2013-11-03 23:20:06.383144,16460
5382709,152,Active,5,26,2013-11-03 23:20:06.388862,16460
5382710,153,Active,4,29,2013-11-03 23:20:06.394386,16460
5382711,154,Active,3,31,2013-11-03 23:20:06.400402,16460
5382712,155,Active,2,37,2013-11-03 23:20:06.406261,16460
5382713,156,Active,13,22,2013-11-03 23:20:06.411994,16460
5382714,157,Active,10,17,2013-11-03 23:20:06.428475,16460
5382715,158,Active,9,10,2013-11-03 23:20:06.434516,16460
5382716,159,Active,25,5,2013-11-03 23:20:06.44231,16460
5382717,160,Active,12,31,2013-11-03 23:20:06.448414,16460
5382718,161,Active,20,27,2013-11-03 23:20:06.454887,16460
5382719,162,Active,9,33,2013-11-03 23:20:06.461273,16460
5382720,163,Active,34,5,2013-11-03 23:20:06.466962,16460
5382721,164,Active,30,6,2013-11-03 23:20:06.473187,16460
5382722,165,Active,9,30,2013-11-03 23:20:06.479498,16460
5382723,166,Active,5,26,2013-11-03 23:20:06.485769,16460
5382724,167,Active,10,19,2013-11-03 23:20:06.491549,16460
5382725,168,Active,1,42,2013-11-03 23:20:06.521628,16460
5382726,169,Active,0,39,2013-11-03 23:20:06.528818,16460
5382727,170,Active,15,20,2013-11-03 23:20:06.535988,16460
5382728,171,Active,7,20,2013-11-03 23:20:06.542853,16460
5382729,172,Active,0,31,2013-11-03 23:20:06.549536,16460
5382730,173,Active,3,28,2013-11-03 23:20:06.555921,16460
5382731,174,Active,30,2,2013-11-03 23:20:06.562682,16460
5382732,175,Active,1,30,2013-11-03 23:20:06.568891,16460
5382733,176,Active,14,22,2013-11-03 23:20:06.575755,16460
5382734,177,Active,15,15,2013-11-03 23:20:06.582401,16460
5382735,178,Active,3,22,2013-11-03 23:20:06.588596,16460
5382736,179,Active,4,23,2013-11-03 23:20:06.599106,16460
5382737,180,Active,6,25,2013-11-03 23:20:06.606037,16460
5382738,181,Active,0,27,2013-11-03 23:20:06.612861,16460
5382739,182,Active,10,5,2013-11-03 23:20:06.620292,16460
5382740,183,Active,0,42,2013-11-03 23:20:06.626767,16460
5382741,184,Active,26,16,2013-11-03 23:20:06.633344,16460
5382742,185,Active,25,6,2013-11-03 23:20:06.639449,16460
5382743,186,Active,31,8,2013-11-03 23:20:06.645663,16460
5382744,187,Active,9,31,2013-11-03 23:20:06.651694,16460
5382745,188,Active,7,27,2013-11-03 23:20:06.658318,16460
5382746,189,Active,0,43,2013-11-03 23:20:06.664758,16460
5382747,190,Active,19,4,2013-11-03 23:20:06.671782,16460
5382748,191,Active,11,8,2013-11-03 23:20:06.678451,16460
5382749,192,Active,8,27,2013-11-03 23:20:06.684304,16460
5382750,193,Active,9,14,2013-11-03 23:20:06.689946,16460
5382751,194,Active,20,9,2013-11-03 23:20:06.695872,16460
5382752,195,Active,13,11,2013-11-03 23:20:06.701435,16460
5382753,196,Active,5,37,2013-11-03 23:20:06.706878,16460
5382754,197,Active,0,31,2013-11-03 23:20:06.71252,16460
5382755,198,Active,21,26,2013-11-03 23:20:06.7185,16460
5382756,199,Active,2,21,2013-11-03 23:20:06.724265,16460
5382757,200,Active,0,23,2013-11-03 23:20:06.730252,16460
5382758,201,Active,1,22,2013-11-03 23:20:06.737599,16460
5382759,202,Active,2,17,2013-11-03 23:20:06.743235,16460
5382760,203,Active,14,41,2013-11-03 23:20:06.749382,16460
5382761,204,Active,1,38,2013-11-03 23:20:06.755152,16460
5382762,205,Active,22,9,2013-11-03 23:20:06.761659,16460
5382763,206,Active,9,50,2013-11-03 23:20:06.768205,16460
5382764,207,Active,21,10,2013-11-03 23:20:06.774433,16460
5382765,208,Active,4,23,2013-11-03 23:20:06.780423,16460
5382766,209,Active,10,20,2013-11-03 23:20:06.786391,16460
5382767,210,Active,19,12,2013-11-03 23:20:06.792687,16460
5382768,211,Active,1,38,2013-11-03 23:20:06.798402,16460
5382769,212,Active,20,7,2013-11-03 23:20:06.808991,16460
5382770,213,Active,32,15,2013-11-03 23:20:06.815381,16460
5382771,214,Active,2,25,2013-11-03 23:20:06.821645,16460
5382772,215,Active,1,26,2013-11-03 23:20:06.828719,16460
5382773,216,Active,19,8,2013-11-03 23:20:06.836131,16460
5382774,217,Active,38,1,2013-11-03 23:20:06.843102,16460
5382775,218,Active,14,18,2013-11-03 23:20:06.849702,16460
5382776,219,Active,15,20,2013-11-03 23:20:06.856208,16460
5382777,220,Active,4,47,2013-11-03 23:20:06.863069,16460
5382778,221,Active,2,21,2013-11-03 23:20:06.8695,16460
5382779,222,Active,35,17,2013-11-03 23:20:06.875535,16460
5382780,223,Active,17,19,2013-11-03 23:20:06.882942,16460
5382781,224,Active,17,22,2013-11-03 23:20:06.912791,16460
5382782,225,Active,0,31,2013-11-03 23:20:06.919056,16460
5382783,226,Active,5,26,2013-11-03 23:20:06.925289,16460
5382784,227,Active,0,31,2013-11-03 23:20:06.933277,16460
5382785,228,Active,3,56,2013-11-03 23:20:06.939532,16460
5382786,229,Active,32,7,2013-11-03 23:20:06.945706,16460
5382787,230,Active,11,24,2013-11-03 23:20:06.959596,16460
5382788,231,Active,5,34,2013-11-03 23:20:06.965962,16460
5382789,232,Active,13,22,2013-11-03 23:20:06.972125,16460
5382790,233,Active,44,15,2013-11-03 23:20:06.978123,16460
5382791,234,Active,7,24,2013-11-03 23:20:06.984074,16460
5382792,235,Active,12,9,2013-11-03 23:20:06.989461,16460
5382793,236,Active,12,11,2013-11-03 23:20:06.995041,16460
5382794,237,Inactive,0,39,2013-11-03 23:20:07.000398,16460
5382795,238,Active,39,8,2013-11-03 23:20:07.008007,16460
5382796,239,Active,19,6,2013-11-03 23:20:07.013836,16460
5382797,240,Active,26,33,2013-11-03 23:20:07.019227,16460
5382798,241,Active,8,31,2013-11-03 23:20:07.024623,16460
5382799,242,Active,27,8,2013-11-03 23:20:07.030287,16460
5382800,243,Active,17,17,2013-11-03 23:20:07.035919,16460
5382801,244,Active,19,40,2013-11-03 23:20:07.041492,16460
5382802,245,Active,10,47,2013-11-03 23:20:07.047022,16460
5382803,246,Active,12,25,2013-11-03 23:20:07.052756,16460
5382804,247,Active,5,22,2013-11-03 23:20:07.05878,16460
5382805,248,Active,9,32,2013-11-03 23:20:07.079229,16460
5382806,249,Active,23,19,2013-11-03 23:20:07.087348,16460
5382807,250,Active,13,34,2013-11-03 23:20:07.093679,16460
5382808,251,Active,32,5,2013-11-03 23:20:07.100081,16460
5382809,252,Active,5,41,2013-11-03 23:20:07.106317,16460
5382810,253,Active,5,54,2013-11-03 23:20:07.112066,16460
5382811,254,Active,0,24,2013-11-03 23:20:07.118855,16460
5382812,255,Active,8,23,2013-11-03 23:20:07.125706,16460
5382813,256,Active,14,13,2013-11-03 23:20:07.131953,16460
5382814,257,Active,8,17,2013-11-03 23:20:07.138225,16460
5382815,258,Active,10,29,2013-11-03 23:20:07.144807,16460
5382816,259,Active,23,12,2013-11-03 23:20:07.151311,16460
5382817,260,Active,7,37,2013-11-03 23:20:07.157956,16460
5382818,261,Active,6,33,2013-11-03 23:20:07.164378,16460
5382819,262,Active,17,22,2013-11-03 23:20:07.170684,16460
5382820,263,Active,8,28,2013-11-03 23:20:07.177561,16460
5382821,264,Active,9,32,2013-11-03 23:20:07.184663,16460
5382822,265,Active,7,30,2013-11-03 23:20:07.191161,16460
5382823,266,Active,15,44,2013-11-03 23:20:07.197734,16460
5382824,267,Active,7,46,2013-11-03 23:20:07.204389,16460
5382825,268,Active,1,48,2013-11-03 23:20:07.217945,16460
5382826,269,Active,31,3,2013-11-03 23:20:07.224391,16460
5382827,270,Active,16,19,2013-11-03 23:20:07.231373,16460
5382828,271,Active,2,23,2013-11-03 23:20:07.237739,16460
5382829,272,Inactive,0,27,2013-11-03 23:20:07.243475,16460
5382830,273,Active,25,34,2013-11-03 23:20:07.250463,16460
5382831,274,Active,5,25,2013-11-03 23:20:07.256267,16460
5382832,275,Active,32,4,2013-11-03 23:20:07.263216,16460
5382833,276,Active,6,46,2013-11-03 23:20:07.26987,16460
5382834,277,Active,18,25,2013-11-03 23:20:07.275769,16460
5382835,330,Active,11,19,2013-11-03 23:20:07.282217,16460
5382836,278,Inactive,0,19,2013-11-03 23:20:07.288696,16460
5382837,279,Active,12,33,2013-11-03 23:20:07.321361,16460
5382838,280,Active,13,23,2013-11-03 23:20:07.328248,16460
5382839,281,Active,10,37,2013-11-03 23:20:07.335518,16460
5382840,282,Active,7,17,2013-11-03 23:20:07.341472,16460
5382841,283,Active,23,13,2013-11-03 23:20:07.347497,16460
5382842,284,Active,2,49,2013-11-03 23:20:07.354364,16460
5382843,285,Active,3,30,2013-11-03 23:20:07.36136,16460
5382844,286,Active,6,21,2013-11-03 23:20:07.368248,16460
5382845,287,Active,1,26,2013-11-03 23:20:07.374516,16460
5382846,288,Active,15,38,2013-11-03 23:20:07.380267,16460
5382847,289,Active,9,26,2013-11-03 23:20:07.388548,16460
5382848,290,Active,16,15,2013-11-03 23:20:07.394324,16460
5382849,291,Active,33,26,2013-11-03 23:20:07.400529,16460
5382850,292,Active,7,32,2013-11-03 23:20:07.407504,16460
5382851,293,Active,27,34,2013-11-03 23:20:07.413906,16460
5382852,294,Active,2,37,2013-11-03 23:20:07.419397,16460
5382853,295,Active,14,53,2013-11-03 23:20:07.425122,16460
5382854,296,Active,23,28,2013-11-03 23:20:07.430909,16460
5382855,297,Active,3,48,2013-11-03 23:20:07.436421,16460
5382856,298,Active,15,42,2013-11-03 23:20:07.44249,16460
5382857,299,Active,8,31,2013-11-03 23:20:07.44959,16460
5382858,300,Active,29,14,2013-11-03 23:20:07.455592,16460
5382859,301,Active,32,27,2013-11-03 23:20:07.461886,16460
5382860,302,Active,6,32,2013-11-03 23:20:07.468818,16460
5382861,303,Active,17,24,2013-11-03 23:20:07.476115,16460
5382862,305,Active,11,28,2013-11-03 23:20:07.482298,16460
5382863,306,Active,28,15,2013-11-03 23:20:07.48855,16460
5382864,307,Active,5,45,2013-11-03 23:20:07.494266,16460
5382865,308,Active,16,15,2013-11-03 23:20:07.499598,16460
5382866,309,Active,24,5,2013-11-03 23:20:07.505858,16460
5382867,310,Active,4,35,2013-11-03 23:20:07.512102,16460
5382868,311,Active,10,29,2013-11-03 23:20:07.518196,16460
5382869,312,Active,24,7,2013-11-03 23:20:07.529299,16460
5382870,313,Active,4,35,2013-11-03 23:20:07.534918,16460
5382871,314,Active,7,20,2013-11-03 23:20:07.541055,16460
5382872,315,Active,5,33,2013-11-03 23:20:07.547453,16460
5382873,316,Active,11,19,2013-11-03 23:20:07.553499,16460
5382874,317,Active,9,6,2013-11-03 23:20:07.559079,16460
5382875,318,Active,27,0,2013-11-03 23:20:07.565064,16460
5382876,319,Active,6,24,2013-11-03 23:20:07.570921,16460
5382877,320,Active,20,16,2013-11-03 23:20:07.577386,16460
5382878,321,Active,1,11,2013-11-03 23:20:07.584287,16460
5382879,322,Active,26,23,2013-11-03 23:20:07.590375,16460
5382880,332,Active,8,16,2013-11-03 23:20:07.596691,16460
5382881,327,Active,21,14,2013-11-03 23:20:07.602432,16460
5382882,328,Active,23,16,2013-11-03 23:20:07.608116,16460
5382883,331,Active,7,29,2013-11-03 23:20:07.613729,16460
5382884,323,Active,3,36,2013-11-03 23:20:07.619748,16460
5382885,324,Active,1,42,2013-11-03 23:20:07.625287,16460
5382886,329,Active,24,9,2013-11-03 23:20:07.631159,16460
5382887,325,Active,7,29,2013-11-03 23:20:07.636823,16460
5382888,326,Active,8,17,2013-11-03 23:20:07.642765,16460
5382889,1,Active,15,24,2013-11-03 23:30:05.5873,16461
5382890,2,Active,1,32,2013-11-03 23:30:05.599136,16461
5382891,3,Active,10,16,2013-11-03 23:30:05.603883,16461
5382892,4,Active,17,45,2013-11-03 23:30:05.608892,16461
5382893,5,Active,9,30,2013-11-03 23:30:05.613907,16461
5382894,6,Active,2,17,2013-11-03 23:30:05.618383,16461
5382895,7,Active,5,14,2013-11-03 23:30:05.62323,16461
5382896,8,Active,21,10,2013-11-03 23:30:05.627937,16461
5382897,9,Active,21,9,2013-11-03 23:30:05.633096,16461
5382898,10,Active,9,37,2013-11-03 23:30:05.637809,16461
5382899,11,Active,4,20,2013-11-03 23:30:05.642775,16461
5382900,12,Active,1,18,2013-11-03 23:30:05.647618,16461
5382901,13,Active,14,25,2013-11-03 23:30:05.652539,16461
5382902,14,Active,33,0,2013-11-03 23:30:05.661208,16461
5382903,15,Active,1,30,2013-11-03 23:30:05.665799,16461
5382904,16,Active,17,16,2013-11-03 23:30:05.670585,16461
5382905,17,Active,23,6,2013-11-03 23:30:05.675511,16461
5382906,18,Active,18,37,2013-11-03 23:30:05.680541,16461
5382907,19,Active,11,12,2013-11-03 23:30:05.685627,16461
5382908,20,Active,13,13,2013-11-03 23:30:05.690588,16461
5382909,21,Active,28,7,2013-11-03 23:30:05.695673,16461
5382910,22,Active,7,40,2013-11-03 23:30:05.700432,16461
5382911,23,Active,7,38,2013-11-03 23:30:05.705178,16461
5382912,24,Active,36,11,2013-11-03 23:30:05.709681,16461
5382913,25,Active,16,35,2013-11-03 23:30:05.714638,16461
5382914,26,Active,10,20,2013-11-03 23:30:05.719186,16461
5382915,27,Active,17,28,2013-11-03 23:30:05.723932,16461
5382916,28,Active,26,2,2013-11-03 23:30:05.728781,16461
5382917,29,Active,0,23,2013-11-03 23:30:05.733361,16461
5382918,30,Active,4,35,2013-11-03 23:30:05.738459,16461
5382919,31,Active,16,22,2013-11-03 23:30:05.74291,16461
5382920,32,Active,4,29,2013-11-03 23:30:05.747733,16461
5382921,33,Active,7,24,2013-11-03 23:30:05.752454,16461
5382922,34,Active,31,6,2013-11-03 23:30:05.757561,16461
5382923,35,Active,19,36,2013-11-03 23:30:05.762215,16461
5382924,36,Active,24,3,2013-11-03 23:30:05.769358,16461
5382925,37,Active,17,6,2013-11-03 23:30:05.773984,16461
5382926,38,Active,5,34,2013-11-03 23:30:05.778552,16461
5382927,39,Active,25,14,2013-11-03 23:30:05.783233,16461
5382928,40,Active,8,31,2013-11-03 23:30:05.787812,16461
5382929,41,Active,21,10,2013-11-03 23:30:05.793832,16461
5382930,42,Active,5,26,2013-11-03 23:30:05.798494,16461
5382931,43,Active,2,21,2013-11-03 23:30:05.803207,16461
5382932,44,Active,1,21,2013-11-03 23:30:05.808084,16461
5382933,45,Active,32,7,2013-11-03 23:30:05.812881,16461
5382934,46,Active,1,30,2013-11-03 23:30:05.817701,16461
5382935,47,Active,1,22,2013-11-03 23:30:05.822404,16461
5382936,48,Active,18,2,2013-11-03 23:30:05.827696,16461
5382937,49,Active,0,23,2013-11-03 23:30:05.833872,16461
5382938,50,Active,18,9,2013-11-03 23:30:05.839509,16461
5382939,51,Active,31,9,2013-11-03 23:30:05.844281,16461
5382940,52,Active,23,4,2013-11-03 23:30:05.849282,16461
5382941,53,Active,3,30,2013-11-03 23:30:05.853983,16461
5382942,54,Active,19,28,2013-11-03 23:30:05.858503,16461
5382943,55,Active,2,29,2013-11-03 23:30:05.862846,16461
5382944,56,Active,12,27,2013-11-03 23:30:05.891219,16461
5382945,57,Active,2,21,2013-11-03 23:30:05.897656,16461
5382946,58,Active,25,14,2013-11-03 23:30:05.903242,16461
5382947,59,Active,4,31,2013-11-03 23:30:05.9087,16461
5382948,60,Active,15,12,2013-11-03 23:30:05.913916,16461
5382949,61,Active,1,23,2013-11-03 23:30:05.919537,16461
5382950,62,Active,20,11,2013-11-03 23:30:05.924964,16461
5382951,63,Active,9,18,2013-11-03 23:30:05.934146,16461
5382952,64,Active,20,15,2013-11-03 23:30:05.940269,16461
5382953,65,Active,12,12,2013-11-03 23:30:05.946334,16461
5382954,66,Active,26,31,2013-11-03 23:30:05.951852,16461
5382955,67,Active,10,17,2013-11-03 23:30:05.957246,16461
5382956,68,Active,6,17,2013-11-03 23:30:05.962953,16461
5382957,69,Active,4,35,2013-11-03 23:30:05.968391,16461
5382958,70,Active,0,31,2013-11-03 23:30:05.974044,16461
5382959,71,Active,2,17,2013-11-03 23:30:05.979368,16461
5382960,72,Active,9,16,2013-11-03 23:30:05.984888,16461
5382961,73,Active,2,17,2013-11-03 23:30:05.990365,16461
5382962,74,Active,1,18,2013-11-03 23:30:05.99603,16461
5382963,75,Active,4,27,2013-11-03 23:30:06.001332,16461
5382964,76,Active,37,22,2013-11-03 23:30:06.007249,16461
5382965,77,Active,6,21,2013-11-03 23:30:06.012538,16461
5382966,78,Active,32,11,2013-11-03 23:30:06.019112,16461
5382967,79,Active,20,27,2013-11-03 23:30:06.024612,16461
5382968,80,Active,2,17,2013-11-03 23:30:06.029889,16461
5382969,81,Active,9,20,2013-11-03 23:30:06.035249,16461
5382970,82,Active,3,17,2013-11-03 23:30:06.040691,16461
5382971,83,Active,26,29,2013-11-03 23:30:06.045919,16461
5382972,84,Active,15,16,2013-11-03 23:30:06.051291,16461
5382973,85,Active,5,19,2013-11-03 23:30:06.056768,16461
5382974,86,Active,28,7,2013-11-03 23:30:06.061977,16461
5382975,87,Active,20,7,2013-11-03 23:30:06.06726,16461
5382976,88,Active,9,26,2013-11-03 23:30:06.072437,16461
5382977,89,Active,28,27,2013-11-03 23:30:06.07834,16461
5382978,90,Active,17,19,2013-11-03 23:30:06.083588,16461
5382979,91,Active,22,1,2013-11-03 23:30:06.088823,16461
5382980,92,Active,22,9,2013-11-03 23:30:06.094171,16461
5382981,93,Active,15,21,2013-11-03 23:30:06.100018,16461
5382982,94,Active,23,10,2013-11-03 23:30:06.105314,16461
5382983,95,Active,6,24,2013-11-03 23:30:06.110499,16461
5382984,96,Active,5,26,2013-11-03 23:30:06.117072,16461
5382985,97,Active,22,5,2013-11-03 23:30:06.122278,16461
5382986,98,Active,25,16,2013-11-03 23:30:06.127519,16461
5382987,99,Active,24,11,2013-11-03 23:30:06.132644,16461
5382988,100,Active,21,9,2013-11-03 23:30:06.13809,16461
5382989,101,Active,21,10,2013-11-03 23:30:06.143201,16461
5382990,102,Active,21,2,2013-11-03 23:30:06.148345,16461
5382991,103,Active,0,39,2013-11-03 23:30:06.154072,16461
5382992,104,Active,1,28,2013-11-03 23:30:06.159357,16461
5382993,105,Active,9,34,2013-11-03 23:30:06.164568,16461
5382994,106,Active,13,14,2013-11-03 23:30:06.170406,16461
5382995,107,Active,1,30,2013-11-03 23:30:06.175454,16461
5382996,108,Active,26,9,2013-11-03 23:30:06.183087,16461
5382997,109,Active,7,32,2013-11-03 23:30:06.188214,16461
5382998,110,Active,20,7,2013-11-03 23:30:06.19372,16461
5382999,111,Active,9,22,2013-11-03 23:30:06.198782,16461
5383000,112,Active,9,30,2013-11-03 23:30:06.226034,16461
5383001,113,Active,43,8,2013-11-03 23:30:06.232305,16461
5383002,114,Active,24,11,2013-11-03 23:30:06.237827,16461
5383003,115,Active,8,19,2013-11-03 23:30:06.243057,16461
5383004,116,Active,28,11,2013-11-03 23:30:06.248909,16461
5383005,117,Active,12,11,2013-11-03 23:30:06.254254,16461
5383006,118,Active,18,13,2013-11-03 23:30:06.262045,16461
5383007,119,Active,18,21,2013-11-03 23:30:06.267462,16461
5383008,120,Active,11,16,2013-11-03 23:30:06.273439,16461
5383009,121,Active,6,18,2013-11-03 23:30:06.278874,16461
5383010,122,Active,7,24,2013-11-03 23:30:06.284176,16461
5383011,123,Active,22,5,2013-11-03 23:30:06.289434,16461
5383012,124,Active,11,25,2013-11-03 23:30:06.294642,16461
5383013,125,Active,10,27,2013-11-03 23:30:06.300299,16461
5383014,126,Active,17,7,2013-11-03 23:30:06.305912,16461
5383015,127,Active,5,22,2013-11-03 23:30:06.311418,16461
5383016,128,Active,8,11,2013-11-03 23:30:06.317066,16461
5383017,129,Active,9,20,2013-11-03 23:30:06.322467,16461
5383018,130,Active,18,5,2013-11-03 23:30:06.328107,16461
5383019,131,Active,0,23,2013-11-03 23:30:06.333978,16461
5383020,132,Active,25,10,2013-11-03 23:30:06.339107,16461
5383021,133,Active,20,7,2013-11-03 23:30:06.344316,16461
5383022,134,Active,15,20,2013-11-03 23:30:06.349644,16461
5383023,135,Active,25,17,2013-11-03 23:30:06.354676,16461
5383024,136,Active,9,14,2013-11-03 23:30:06.360209,16461
5383025,137,Active,7,21,2013-11-03 23:30:06.365938,16461
5383026,138,Active,7,32,2013-11-03 23:30:06.37102,16461
5383027,139,Active,25,11,2013-11-03 23:30:06.376659,16461
5383028,140,Active,3,24,2013-11-03 23:30:06.386114,16461
5383029,141,Active,3,28,2013-11-03 23:30:06.391649,16461
5383030,142,Active,32,11,2013-11-03 23:30:06.397437,16461
5383031,143,Active,10,13,2013-11-03 23:30:06.403086,16461
5383032,144,Active,9,18,2013-11-03 23:30:06.408465,16461
5383033,145,Active,0,36,2013-11-03 23:30:06.4143,16461
5383034,146,Active,24,31,2013-11-03 23:30:06.419548,16461
5383035,147,Active,9,30,2013-11-03 23:30:06.425119,16461
5383036,148,Active,20,23,2013-11-03 23:30:06.430761,16461
5383037,149,Active,29,28,2013-11-03 23:30:06.436033,16461
5383038,150,Active,9,40,2013-11-03 23:30:06.442666,16461
5383039,151,Active,4,23,2013-11-03 23:30:06.448795,16461
5383040,152,Active,6,25,2013-11-03 23:30:06.454505,16461
5383041,153,Active,4,29,2013-11-03 23:30:06.460154,16461
5383042,154,Active,3,31,2013-11-03 23:30:06.466245,16461
5383043,155,Active,2,37,2013-11-03 23:30:06.471741,16461
5383044,156,Active,12,23,2013-11-03 23:30:06.477302,16461
5383045,157,Active,9,18,2013-11-03 23:30:06.483032,16461
5383046,158,Active,9,10,2013-11-03 23:30:06.490181,16461
5383047,159,Active,24,6,2013-11-03 23:30:06.495819,16461
5383048,160,Active,13,30,2013-11-03 23:30:06.501457,16461
5383049,161,Active,20,27,2013-11-03 23:30:06.506828,16461
5383050,162,Active,9,33,2013-11-03 23:30:06.512979,16461
5383051,163,Active,35,4,2013-11-03 23:30:06.518433,16461
5383052,164,Active,32,4,2013-11-03 23:30:06.524341,16461
5383053,165,Active,9,30,2013-11-03 23:30:06.530191,16461
5383054,166,Active,8,23,2013-11-03 23:30:06.536323,16461
5383055,167,Active,11,18,2013-11-03 23:30:06.541753,16461
5383056,168,Active,1,42,2013-11-03 23:30:06.571511,16461
5383057,169,Active,0,39,2013-11-03 23:30:06.578072,16461
5383058,170,Active,15,20,2013-11-03 23:30:06.584193,16461
5383059,171,Active,7,20,2013-11-03 23:30:06.590108,16461
5383060,172,Active,0,31,2013-11-03 23:30:06.595746,16461
5383061,173,Active,3,28,2013-11-03 23:30:06.600961,16461
5383062,174,Active,30,2,2013-11-03 23:30:06.606648,16461
5383063,175,Active,2,29,2013-11-03 23:30:06.612185,16461
5383064,176,Active,12,24,2013-11-03 23:30:06.617705,16461
5383065,177,Active,15,15,2013-11-03 23:30:06.623351,16461
5383066,178,Active,4,21,2013-11-03 23:30:06.62877,16461
5383067,179,Active,4,23,2013-11-03 23:30:06.63411,16461
5383068,180,Active,6,25,2013-11-03 23:30:06.640333,16461
5383069,181,Active,0,27,2013-11-03 23:30:06.650691,16461
5383070,182,Active,10,5,2013-11-03 23:30:06.655997,16461
5383071,183,Active,3,39,2013-11-03 23:30:06.6618,16461
5383072,184,Active,26,16,2013-11-03 23:30:06.667734,16461
5383073,185,Active,26,5,2013-11-03 23:30:06.672872,16461
5383074,186,Active,31,8,2013-11-03 23:30:06.6784,16461
5383075,187,Active,10,30,2013-11-03 23:30:06.683762,16461
5383076,188,Active,6,28,2013-11-03 23:30:06.689125,16461
5383077,189,Active,0,43,2013-11-03 23:30:06.69453,16461
5383078,190,Active,19,4,2013-11-03 23:30:06.699674,16461
5383079,191,Active,11,8,2013-11-03 23:30:06.705251,16461
5383080,192,Active,7,28,2013-11-03 23:30:06.711544,16461
5383081,193,Active,11,12,2013-11-03 23:30:06.718732,16461
5383082,194,Active,20,9,2013-11-03 23:30:06.724739,16461
5383083,195,Active,13,11,2013-11-03 23:30:06.730546,16461
5383084,196,Active,5,37,2013-11-03 23:30:06.735965,16461
5383085,197,Active,1,30,2013-11-03 23:30:06.741514,16461
5383086,198,Active,21,26,2013-11-03 23:30:06.746999,16461
5383087,199,Active,3,20,2013-11-03 23:30:06.752413,16461
5383088,200,Active,0,23,2013-11-03 23:30:06.757867,16461
5383089,201,Active,1,22,2013-11-03 23:30:06.762962,16461
5383090,202,Active,2,17,2013-11-03 23:30:06.768754,16461
5383091,203,Active,14,41,2013-11-03 23:30:06.777973,16461
5383092,204,Active,1,38,2013-11-03 23:30:06.784115,16461
5383093,205,Active,22,9,2013-11-03 23:30:06.78945,16461
5383094,206,Active,9,50,2013-11-03 23:30:06.795755,16461
5383095,207,Active,22,9,2013-11-03 23:30:06.801521,16461
5383096,208,Active,3,24,2013-11-03 23:30:06.807085,16461
5383097,209,Active,10,20,2013-11-03 23:30:06.812313,16461
5383098,210,Active,19,12,2013-11-03 23:30:06.817545,16461
5383099,211,Active,1,38,2013-11-03 23:30:06.822858,16461
5383100,212,Active,20,7,2013-11-03 23:30:06.829843,16461
5383101,213,Active,36,11,2013-11-03 23:30:06.835269,16461
5383102,214,Active,2,25,2013-11-03 23:30:06.841059,16461
5383103,215,Active,1,26,2013-11-03 23:30:06.846457,16461
5383104,216,Active,18,9,2013-11-03 23:30:06.851818,16461
5383105,217,Active,36,3,2013-11-03 23:30:06.858059,16461
5383106,218,Active,14,18,2013-11-03 23:30:06.863717,16461
5383107,219,Active,13,22,2013-11-03 23:30:06.869136,16461
5383108,220,Active,3,48,2013-11-03 23:30:06.875012,16461
5383109,221,Active,2,21,2013-11-03 23:30:06.880167,16461
5383110,222,Active,35,17,2013-11-03 23:30:06.885537,16461
5383111,223,Active,16,20,2013-11-03 23:30:06.890826,16461
5383112,224,Active,19,20,2013-11-03 23:30:06.918079,16461
5383113,225,Active,2,29,2013-11-03 23:30:06.926611,16461
5383114,226,Active,5,26,2013-11-03 23:30:06.931843,16461
5383115,227,Active,0,31,2013-11-03 23:30:06.937177,16461
5383116,228,Active,5,54,2013-11-03 23:30:06.943554,16461
5383117,229,Active,30,9,2013-11-03 23:30:06.948956,16461
5383118,230,Active,11,24,2013-11-03 23:30:06.954042,16461
5383119,231,Active,6,33,2013-11-03 23:30:06.959394,16461
5383120,232,Active,14,21,2013-11-03 23:30:06.964892,16461
5383121,233,Active,47,12,2013-11-03 23:30:06.970778,16461
5383122,234,Active,8,23,2013-11-03 23:30:06.976256,16461
5383123,235,Active,12,9,2013-11-03 23:30:06.981671,16461
5383124,236,Active,12,11,2013-11-03 23:30:06.987217,16461
5383125,237,Inactive,0,39,2013-11-03 23:30:06.993056,16461
5383126,238,Active,40,7,2013-11-03 23:30:07.002233,16461
5383127,239,Active,20,5,2013-11-03 23:30:07.007706,16461
5383128,240,Active,26,33,2013-11-03 23:30:07.012573,16461
5383129,241,Active,7,32,2013-11-03 23:30:07.018275,16461
5383130,242,Active,28,7,2013-11-03 23:30:07.023519,16461
5383131,243,Active,17,17,2013-11-03 23:30:07.029387,16461
5383132,244,Active,16,43,2013-11-03 23:30:07.034671,16461
5383133,245,Active,9,48,2013-11-03 23:30:07.039871,16461
5383134,246,Active,13,24,2013-11-03 23:30:07.045339,16461
5383135,247,Active,6,21,2013-11-03 23:30:07.050812,16461
5383136,248,Active,11,30,2013-11-03 23:30:07.056449,16461
5383137,249,Active,23,19,2013-11-03 23:30:07.062208,16461
5383138,250,Active,12,35,2013-11-03 23:30:07.067577,16461
5383139,251,Active,30,7,2013-11-03 23:30:07.072588,16461
5383140,252,Active,8,38,2013-11-03 23:30:07.078591,16461
5383141,253,Active,4,55,2013-11-03 23:30:07.086106,16461
5383142,254,Active,0,24,2013-11-03 23:30:07.091536,16461
5383143,255,Active,6,25,2013-11-03 23:30:07.097168,16461
5383144,256,Active,13,14,2013-11-03 23:30:07.102359,16461
5383145,257,Active,9,16,2013-11-03 23:30:07.107754,16461
5383146,258,Active,11,28,2013-11-03 23:30:07.113553,16461
5383147,259,Active,23,12,2013-11-03 23:30:07.118731,16461
5383148,260,Active,5,39,2013-11-03 23:30:07.124171,16461
5383149,261,Active,4,35,2013-11-03 23:30:07.129561,16461
5383150,262,Active,13,26,2013-11-03 23:30:07.134869,16461
5383151,263,Active,9,27,2013-11-03 23:30:07.140047,16461
5383152,264,Active,8,33,2013-11-03 23:30:07.145502,16461
5383153,265,Active,7,30,2013-11-03 23:30:07.15107,16461
5383154,266,Active,15,44,2013-11-03 23:30:07.156314,16461
5383155,267,Active,8,45,2013-11-03 23:30:07.162141,16461
5383156,268,Active,1,48,2013-11-03 23:30:07.167809,16461
5383157,269,Active,31,3,2013-11-03 23:30:07.173285,16461
5383158,270,Active,16,19,2013-11-03 23:30:07.17864,16461
5383159,271,Active,2,23,2013-11-03 23:30:07.18456,16461
5383160,272,Inactive,0,27,2013-11-03 23:30:07.19046,16461
5383161,273,Active,27,32,2013-11-03 23:30:07.196238,16461
5383162,274,Active,6,24,2013-11-03 23:30:07.201685,16461
5383163,275,Active,32,4,2013-11-03 23:30:07.210246,16461
5383164,276,Active,4,48,2013-11-03 23:30:07.215548,16461
5383165,277,Active,17,26,2013-11-03 23:30:07.221147,16461
5383166,330,Active,13,17,2013-11-03 23:30:07.227058,16461
5383167,278,Inactive,0,19,2013-11-03 23:30:07.232883,16461
5383168,279,Active,14,31,2013-11-03 23:30:07.260909,16461
5383169,280,Active,12,24,2013-11-03 23:30:07.267238,16461
5383170,281,Active,8,39,2013-11-03 23:30:07.27258,16461
5383171,282,Active,7,17,2013-11-03 23:30:07.278978,16461
5383172,283,Active,22,14,2013-11-03 23:30:07.284765,16461
5383173,284,Active,1,50,2013-11-03 23:30:07.289985,16461
5383174,285,Active,3,30,2013-11-03 23:30:07.295363,16461
5383175,286,Active,5,22,2013-11-03 23:30:07.300576,16461
5383176,287,Active,1,26,2013-11-03 23:30:07.305847,16461
5383177,288,Active,15,38,2013-11-03 23:30:07.311351,16461
5383178,289,Active,11,24,2013-11-03 23:30:07.316399,16461
5383179,290,Active,16,15,2013-11-03 23:30:07.322106,16461
5383180,291,Active,32,27,2013-11-03 23:30:07.327333,16461
5383181,292,Active,6,33,2013-11-03 23:30:07.332886,16461
5383182,293,Active,27,34,2013-11-03 23:30:07.338218,16461
5383183,294,Active,2,37,2013-11-03 23:30:07.343514,16461
5383184,295,Active,15,52,2013-11-03 23:30:07.348908,16461
5383185,296,Active,23,28,2013-11-03 23:30:07.354765,16461
5383186,297,Active,4,47,2013-11-03 23:30:07.360049,16461
5383187,298,Active,13,44,2013-11-03 23:30:07.365477,16461
5383188,299,Active,8,31,2013-11-03 23:30:07.371005,16461
5383189,300,Active,29,14,2013-11-03 23:30:07.376517,16461
5383190,301,Active,32,27,2013-11-03 23:30:07.382004,16461
5383191,302,Active,8,30,2013-11-03 23:30:07.387265,16461
5383192,303,Active,18,23,2013-11-03 23:30:07.392536,16461
5383193,305,Active,10,29,2013-11-03 23:30:07.397845,16461
5383194,306,Active,28,15,2013-11-03 23:30:07.403211,16461
5383195,307,Active,5,45,2013-11-03 23:30:07.408417,16461
5383196,308,Active,16,15,2013-11-03 23:30:07.415314,16461
5383197,309,Active,22,7,2013-11-03 23:30:07.421789,16461
5383198,310,Active,5,34,2013-11-03 23:30:07.428617,16461
5383199,311,Active,10,29,2013-11-03 23:30:07.433888,16461
5383200,312,Active,23,8,2013-11-03 23:30:07.438965,16461
5383201,313,Active,4,35,2013-11-03 23:30:07.444739,16461
5383202,314,Active,8,19,2013-11-03 23:30:07.450715,16461
5383203,315,Active,7,31,2013-11-03 23:30:07.457676,16461
5383204,316,Active,10,20,2013-11-03 23:30:07.46321,16461
5383205,317,Active,9,6,2013-11-03 23:30:07.469955,16461
5383206,318,Active,27,0,2013-11-03 23:30:07.475758,16461
5383207,319,Active,6,24,2013-11-03 23:30:07.481107,16461
5383208,320,Active,20,16,2013-11-03 23:30:07.486522,16461
5383209,321,Active,1,11,2013-11-03 23:30:07.491796,16461
5383210,322,Active,26,23,2013-11-03 23:30:07.497439,16461
5383211,332,Active,8,16,2013-11-03 23:30:07.503015,16461
5383212,327,Active,20,15,2013-11-03 23:30:07.509387,16461
5383213,328,Active,22,17,2013-11-03 23:30:07.515537,16461
5383214,331,Active,11,25,2013-11-03 23:30:07.52178,16461
5383215,323,Active,3,36,2013-11-03 23:30:07.528099,16461
5383216,324,Active,1,42,2013-11-03 23:30:07.534067,16461
5383217,329,Active,25,8,2013-11-03 23:30:07.540472,16461
5383218,325,Active,6,30,2013-11-03 23:30:07.546817,16461
5383219,326,Active,7,18,2013-11-03 23:30:07.552553,16461
5383220,1,Active,17,22,2013-11-03 23:40:05.310959,16462
5383221,2,Active,2,31,2013-11-03 23:40:05.319756,16462
5383222,3,Active,10,16,2013-11-03 23:40:05.324335,16462
5383223,4,Active,17,45,2013-11-03 23:40:05.328923,16462
5383224,5,Active,9,30,2013-11-03 23:40:05.333898,16462
5383225,6,Active,2,17,2013-11-03 23:40:05.338458,16462
5383226,7,Active,5,14,2013-11-03 23:40:05.342843,16462
5383227,8,Active,19,12,2013-11-03 23:40:05.347219,16462
5383228,9,Active,19,11,2013-11-03 23:40:05.351764,16462
5383229,10,Active,8,38,2013-11-03 23:40:05.35628,16462
5383230,11,Active,4,20,2013-11-03 23:40:05.360997,16462
5383231,12,Active,1,18,2013-11-03 23:40:05.365499,16462
5383232,13,Active,17,22,2013-11-03 23:40:05.369927,16462
5383233,14,Active,33,0,2013-11-03 23:40:05.378859,16462
5383234,15,Active,2,29,2013-11-03 23:40:05.384889,16462
5383235,16,Active,16,17,2013-11-03 23:40:05.389457,16462
5383236,17,Active,22,7,2013-11-03 23:40:05.394263,16462
5383237,18,Active,18,37,2013-11-03 23:40:05.398868,16462
5383238,19,Active,12,11,2013-11-03 23:40:05.403453,16462
5383239,20,Active,13,13,2013-11-03 23:40:05.408238,16462
5383240,21,Active,29,6,2013-11-03 23:40:05.413006,16462
5383241,22,Active,7,40,2013-11-03 23:40:05.417741,16462
5383242,23,Active,7,38,2013-11-03 23:40:05.422247,16462
5383243,24,Active,33,14,2013-11-03 23:40:05.426961,16462
5383244,25,Active,15,36,2013-11-03 23:40:05.43184,16462
5383245,26,Active,8,22,2013-11-03 23:40:05.437083,16462
5383246,27,Active,18,27,2013-11-03 23:40:05.441825,16462
5383247,28,Active,26,2,2013-11-03 23:40:05.446467,16462
5383248,29,Active,0,23,2013-11-03 23:40:05.450989,16462
5383249,30,Active,4,35,2013-11-03 23:40:05.456714,16462
5383250,31,Active,16,22,2013-11-03 23:40:05.461447,16462
5383251,32,Active,3,30,2013-11-03 23:40:05.466078,16462
5383252,33,Active,6,25,2013-11-03 23:40:05.470668,16462
5383253,34,Active,31,6,2013-11-03 23:40:05.475483,16462
5383254,35,Active,21,34,2013-11-03 23:40:05.480327,16462
5383255,36,Active,25,2,2013-11-03 23:40:05.484938,16462
5383256,37,Active,17,6,2013-11-03 23:40:05.489765,16462
5383257,38,Active,5,34,2013-11-03 23:40:05.49417,16462
5383258,39,Active,28,11,2013-11-03 23:40:05.498611,16462
5383259,40,Active,8,31,2013-11-03 23:40:05.50326,16462
5383260,41,Active,21,10,2013-11-03 23:40:05.507737,16462
5383261,42,Active,5,26,2013-11-03 23:40:05.512437,16462
5383262,43,Active,2,21,2013-11-03 23:40:05.517021,16462
5383263,44,Active,1,21,2013-11-03 23:40:05.521532,16462
5383264,45,Active,32,7,2013-11-03 23:40:05.527961,16462
5383265,46,Active,1,30,2013-11-03 23:40:05.532648,16462
5383266,47,Active,1,22,2013-11-03 23:40:05.538531,16462
5383267,48,Active,17,3,2013-11-03 23:40:05.543623,16462
5383268,49,Active,0,23,2013-11-03 23:40:05.548216,16462
5383269,50,Active,21,6,2013-11-03 23:40:05.553018,16462
5383270,51,Active,33,7,2013-11-03 23:40:05.557755,16462
5383271,52,Active,23,4,2013-11-03 23:40:05.562304,16462
5383272,53,Active,6,27,2013-11-03 23:40:05.567156,16462
5383273,54,Active,19,28,2013-11-03 23:40:05.571605,16462
5383274,55,Active,0,31,2013-11-03 23:40:05.598625,16462
5383275,56,Active,12,27,2013-11-03 23:40:05.604758,16462
5383276,57,Active,2,21,2013-11-03 23:40:05.609995,16462
5383277,58,Active,25,14,2013-11-03 23:40:05.615032,16462
5383278,59,Active,4,31,2013-11-03 23:40:05.62048,16462
5383279,60,Active,15,12,2013-11-03 23:40:05.625776,16462
5383280,61,Active,1,23,2013-11-03 23:40:05.630889,16462
5383281,62,Active,19,12,2013-11-03 23:40:05.635964,16462
5383282,63,Active,9,18,2013-11-03 23:40:05.641097,16462
5383283,64,Active,20,15,2013-11-03 23:40:05.646548,16462
5383284,65,Active,12,12,2013-11-03 23:40:05.651858,16462
5383285,66,Active,26,31,2013-11-03 23:40:05.65688,16462
5383286,67,Active,12,15,2013-11-03 23:40:05.662884,16462
5383287,68,Active,6,17,2013-11-03 23:40:05.668249,16462
5383288,69,Active,5,34,2013-11-03 23:40:05.675049,16462
5383289,70,Active,0,31,2013-11-03 23:40:05.68123,16462
5383290,71,Active,2,17,2013-11-03 23:40:05.686802,16462
5383291,72,Active,9,16,2013-11-03 23:40:05.69193,16462
5383292,73,Active,2,17,2013-11-03 23:40:05.697976,16462
5383293,74,Active,1,18,2013-11-03 23:40:05.703406,16462
5383294,75,Active,4,27,2013-11-03 23:40:05.708696,16462
5383295,76,Active,36,23,2013-11-03 23:40:05.713766,16462
5383296,77,Active,6,21,2013-11-03 23:40:05.723437,16462
5383297,78,Active,31,12,2013-11-03 23:40:05.728549,16462
5383298,79,Active,19,28,2013-11-03 23:40:05.733404,16462
5383299,80,Active,2,17,2013-11-03 23:40:05.738509,16462
5383300,81,Active,7,22,2013-11-03 23:40:05.743497,16462
5383301,82,Active,3,17,2013-11-03 23:40:05.748579,16462
5383302,83,Active,25,30,2013-11-03 23:40:05.753866,16462
5383303,84,Active,15,16,2013-11-03 23:40:05.759025,16462
5383304,85,Active,5,19,2013-11-03 23:40:05.764052,16462
5383305,86,Active,27,8,2013-11-03 23:40:05.769301,16462
5383306,87,Active,21,6,2013-11-03 23:40:05.774787,16462
5383307,88,Active,9,26,2013-11-03 23:40:05.780093,16462
5383308,89,Active,27,28,2013-11-03 23:40:05.785392,16462
5383309,90,Active,15,21,2013-11-03 23:40:05.791249,16462
5383310,91,Active,22,1,2013-11-03 23:40:05.797455,16462
5383311,92,Active,23,8,2013-11-03 23:40:05.802889,16462
5383312,93,Active,15,21,2013-11-03 23:40:05.808548,16462
5383313,94,Active,23,10,2013-11-03 23:40:05.814095,16462
5383314,95,Active,8,22,2013-11-03 23:40:05.81952,16462
5383315,96,Active,6,25,2013-11-03 23:40:05.825136,16462
5383316,97,Active,21,6,2013-11-03 23:40:05.830633,16462
5383317,98,Active,23,18,2013-11-03 23:40:05.836206,16462
5383318,99,Active,24,11,2013-11-03 23:40:05.841772,16462
5383319,100,Active,19,11,2013-11-03 23:40:05.847195,16462
5383320,101,Active,20,11,2013-11-03 23:40:05.852334,16462
5383321,102,Active,21,2,2013-11-03 23:40:05.858099,16462
5383322,103,Active,0,39,2013-11-03 23:40:05.863216,16462
5383323,104,Active,1,28,2013-11-03 23:40:05.868666,16462
5383324,105,Active,7,36,2013-11-03 23:40:05.874056,16462
5383325,106,Active,12,15,2013-11-03 23:40:05.879186,16462
5383326,107,Active,1,30,2013-11-03 23:40:05.884522,16462
5383327,108,Active,26,9,2013-11-03 23:40:05.890024,16462
5383328,109,Active,7,32,2013-11-03 23:40:05.8958,16462
5383329,110,Active,20,7,2013-11-03 23:40:05.900926,16462
5383330,111,Active,10,21,2013-11-03 23:40:05.906359,16462
5383331,112,Active,9,30,2013-11-03 23:40:05.934581,16462
5383332,113,Active,43,8,2013-11-03 23:40:05.940219,16462
5383333,114,Active,24,11,2013-11-03 23:40:05.947218,16462
5383334,115,Active,10,17,2013-11-03 23:40:05.952626,16462
5383335,116,Active,29,10,2013-11-03 23:40:05.958041,16462
5383336,117,Active,11,12,2013-11-03 23:40:05.964209,16462
5383337,118,Active,19,12,2013-11-03 23:40:05.971436,16462
5383338,119,Active,18,21,2013-11-03 23:40:05.976807,16462
5383339,120,Active,11,16,2013-11-03 23:40:05.983029,16462
5383340,121,Active,8,16,2013-11-03 23:40:05.988322,16462
5383341,122,Active,6,25,2013-11-03 23:40:05.993603,16462
5383342,123,Active,21,6,2013-11-03 23:40:05.998738,16462
5383343,124,Active,9,27,2013-11-03 23:40:06.003919,16462
5383344,125,Active,10,27,2013-11-03 23:40:06.008815,16462
5383345,126,Active,17,7,2013-11-03 23:40:06.014457,16462
5383346,127,Active,4,23,2013-11-03 23:40:06.019841,16462
5383347,128,Active,9,10,2013-11-03 23:40:06.025157,16462
5383348,129,Active,9,20,2013-11-03 23:40:06.030246,16462
5383349,130,Active,18,5,2013-11-03 23:40:06.035499,16462
5383350,131,Active,0,23,2013-11-03 23:40:06.040681,16462
5383351,132,Active,24,11,2013-11-03 23:40:06.046228,16462
5383352,133,Active,21,6,2013-11-03 23:40:06.051445,16462
5383353,134,Active,14,21,2013-11-03 23:40:06.057188,16462
5383354,135,Active,25,17,2013-11-03 23:40:06.062885,16462
5383355,136,Active,8,15,2013-11-03 23:40:06.071592,16462
5383356,137,Active,7,21,2013-11-03 23:40:06.077441,16462
5383357,138,Active,7,32,2013-11-03 23:40:06.082422,16462
5383358,139,Active,24,12,2013-11-03 23:40:06.087789,16462
5383359,140,Active,3,24,2013-11-03 23:40:06.093458,16462
5383360,141,Active,3,28,2013-11-03 23:40:06.098763,16462
5383361,142,Active,33,10,2013-11-03 23:40:06.10385,16462
5383362,143,Active,11,12,2013-11-03 23:40:06.109396,16462
5383363,144,Active,8,19,2013-11-03 23:40:06.114669,16462
5383364,145,Active,0,36,2013-11-03 23:40:06.119891,16462
5383365,146,Active,24,31,2013-11-03 23:40:06.125349,16462
5383366,147,Active,9,30,2013-11-03 23:40:06.131343,16462
5383367,148,Active,19,24,2013-11-03 23:40:06.137026,16462
5383368,149,Active,29,28,2013-11-03 23:40:06.142181,16462
5383369,150,Active,9,40,2013-11-03 23:40:06.147436,16462
5383370,151,Active,4,23,2013-11-03 23:40:06.152713,16462
5383371,152,Active,6,25,2013-11-03 23:40:06.15788,16462
5383372,153,Active,5,28,2013-11-03 23:40:06.163428,16462
5383373,154,Active,3,31,2013-11-03 23:40:06.168719,16462
5383374,155,Active,3,36,2013-11-03 23:40:06.174401,16462
5383375,156,Active,13,22,2013-11-03 23:40:06.180218,16462
5383376,157,Active,9,18,2013-11-03 23:40:06.185878,16462
5383377,158,Active,9,10,2013-11-03 23:40:06.240288,16462
5383378,159,Active,24,6,2013-11-03 23:40:06.246735,16462
5383379,160,Active,13,30,2013-11-03 23:40:06.252466,16462
5383380,161,Active,20,27,2013-11-03 23:40:06.258019,16462
5383381,162,Active,9,33,2013-11-03 23:40:06.263604,16462
5383382,163,Active,36,3,2013-11-03 23:40:06.269609,16462
5383383,164,Active,32,4,2013-11-03 23:40:06.274959,16462
5383384,165,Active,9,30,2013-11-03 23:40:06.280271,16462
5383385,166,Active,8,23,2013-11-03 23:40:06.28579,16462
5383386,167,Active,11,18,2013-11-03 23:40:06.315395,16462
5383387,168,Active,1,42,2013-11-03 23:40:06.349671,16462
5383388,169,Active,1,38,2013-11-03 23:40:06.355049,16462
5383389,170,Active,16,19,2013-11-03 23:40:06.360289,16462
5383390,171,Active,7,20,2013-11-03 23:40:06.365572,16462
5383391,172,Active,0,31,2013-11-03 23:40:06.3714,16462
5383392,173,Active,2,29,2013-11-03 23:40:06.376736,16462
5383393,174,Active,30,2,2013-11-03 23:40:06.382225,16462
5383394,175,Active,2,29,2013-11-03 23:40:06.387766,16462
5383395,176,Active,12,24,2013-11-03 23:40:06.393418,16462
5383396,177,Active,14,16,2013-11-03 23:40:06.399012,16462
5383397,178,Active,5,20,2013-11-03 23:40:06.404871,16462
5383398,179,Active,4,23,2013-11-03 23:40:06.411106,16462
5383399,180,Active,6,25,2013-11-03 23:40:06.417264,16462
5383400,181,Active,1,26,2013-11-03 23:40:06.45252,16462
5383401,182,Active,10,5,2013-11-03 23:40:06.457866,16462
5383402,183,Active,3,39,2013-11-03 23:40:06.463271,16462
5383403,184,Active,26,16,2013-11-03 23:40:06.468707,16462
5383404,185,Active,28,3,2013-11-03 23:40:06.474041,16462
5383405,186,Active,30,9,2013-11-03 23:40:06.47917,16462
5383406,187,Active,10,30,2013-11-03 23:40:06.484614,16462
5383407,188,Active,7,27,2013-11-03 23:40:06.490121,16462
5383408,189,Active,0,43,2013-11-03 23:40:06.495448,16462
5383409,190,Active,19,4,2013-11-03 23:40:06.500367,16462
5383410,191,Active,11,8,2013-11-03 23:40:06.50652,16462
5383411,192,Active,5,30,2013-11-03 23:40:06.512506,16462
5383412,193,Active,12,11,2013-11-03 23:40:06.517636,16462
5383413,194,Active,19,10,2013-11-03 23:40:06.523391,16462
5383414,195,Active,12,12,2013-11-03 23:40:06.528697,16462
5383415,196,Active,5,37,2013-11-03 23:40:06.563501,16462
5383416,197,Active,2,29,2013-11-03 23:40:06.568966,16462
5383417,198,Active,21,26,2013-11-03 23:40:06.574529,16462
5383418,199,Active,3,20,2013-11-03 23:40:06.579822,16462
5383419,200,Active,0,23,2013-11-03 23:40:06.585256,16462
5383420,201,Active,0,23,2013-11-03 23:40:06.591431,16462
5383421,202,Active,2,17,2013-11-03 23:40:06.596901,16462
5383422,203,Active,15,40,2013-11-03 23:40:06.603332,16462
5383423,204,Active,1,38,2013-11-03 23:40:06.608488,16462
5383424,205,Active,22,9,2013-11-03 23:40:06.61392,16462
5383425,206,Active,9,50,2013-11-03 23:40:06.619717,16462
5383426,207,Active,21,10,2013-11-03 23:40:06.6251,16462
5383427,208,Active,3,24,2013-11-03 23:40:06.631389,16462
5383428,209,Active,10,20,2013-11-03 23:40:06.636541,16462
5383429,210,Active,17,14,2013-11-03 23:40:06.641608,16462
5383430,211,Active,1,38,2013-11-03 23:40:06.647139,16462
5383431,212,Active,21,6,2013-11-03 23:40:06.652434,16462
5383432,213,Active,37,10,2013-11-03 23:40:06.657766,16462
5383433,214,Active,2,25,2013-11-03 23:40:06.663433,16462
5383434,215,Active,0,27,2013-11-03 23:40:06.669841,16462
5383435,216,Active,21,6,2013-11-03 23:40:06.675591,16462
5383436,217,Active,38,1,2013-11-03 23:40:06.681251,16462
5383437,218,Active,13,19,2013-11-03 23:40:06.686621,16462
5383438,219,Active,16,19,2013-11-03 23:40:06.692527,16462
5383439,220,Active,4,47,2013-11-03 23:40:06.698196,16462
5383440,221,Active,2,21,2013-11-03 23:40:06.704142,16462
5383441,222,Active,20,32,2013-11-03 23:40:06.710093,16462
5383442,223,Active,15,21,2013-11-03 23:40:06.738686,16462
5383443,224,Active,18,21,2013-11-03 23:40:06.74557,16462
5383444,225,Active,0,31,2013-11-03 23:40:06.756079,16462
5383445,226,Active,5,26,2013-11-03 23:40:06.761595,16462
5383446,227,Active,0,31,2013-11-03 23:40:06.76687,16462
5383447,228,Active,6,53,2013-11-03 23:40:06.772022,16462
5383448,229,Active,32,7,2013-11-03 23:40:06.777347,16462
5383449,230,Active,11,24,2013-11-03 23:40:06.782826,16462
5383450,231,Active,5,34,2013-11-03 23:40:06.78813,16462
5383451,232,Active,14,21,2013-11-03 23:40:06.793538,16462
5383452,233,Active,46,13,2013-11-03 23:40:06.799108,16462
5383453,234,Active,6,25,2013-11-03 23:40:06.804696,16462
5383454,235,Active,11,10,2013-11-03 23:40:06.810584,16462
5383455,236,Active,12,11,2013-11-03 23:40:06.816392,16462
5383456,237,Inactive,0,39,2013-11-03 23:40:06.821975,16462
5383457,238,Active,37,10,2013-11-03 23:40:06.831889,16462
5383458,239,Active,23,2,2013-11-03 23:40:06.838274,16462
5383459,240,Active,27,32,2013-11-03 23:40:06.844326,16462
5383460,241,Active,10,29,2013-11-03 23:40:06.84974,16462
5383461,242,Active,28,7,2013-11-03 23:40:06.855674,16462
5383462,243,Active,17,17,2013-11-03 23:40:06.860858,16462
5383463,244,Active,16,43,2013-11-03 23:40:06.866286,16462
5383464,245,Active,9,48,2013-11-03 23:40:06.87192,16462
5383465,246,Active,12,25,2013-11-03 23:40:06.877385,16462
5383466,247,Active,6,21,2013-11-03 23:40:06.882559,16462
5383467,248,Active,10,31,2013-11-03 23:40:06.88782,16462
5383468,249,Active,23,19,2013-11-03 23:40:06.893372,16462
5383469,250,Active,13,34,2013-11-03 23:40:06.898918,16462
5383470,251,Active,32,5,2013-11-03 23:40:06.904376,16462
5383471,252,Active,8,38,2013-11-03 23:40:06.910775,16462
5383472,253,Active,4,55,2013-11-03 23:40:06.916639,16462
5383473,254,Active,1,23,2013-11-03 23:40:06.922318,16462
5383474,255,Active,6,25,2013-11-03 23:40:06.927798,16462
5383475,256,Active,13,14,2013-11-03 23:40:06.933235,16462
5383476,257,Active,9,16,2013-11-03 23:40:06.938576,16462
5383477,258,Active,13,26,2013-11-03 23:40:06.944234,16462
5383478,259,Active,24,11,2013-11-03 23:40:06.949733,16462
5383479,260,Active,5,39,2013-11-03 23:40:06.955167,16462
5383480,261,Active,4,35,2013-11-03 23:40:06.960561,16462
5383481,262,Active,14,25,2013-11-03 23:40:06.966006,16462
5383482,263,Active,9,27,2013-11-03 23:40:06.971271,16462
5383483,264,Active,8,33,2013-11-03 23:40:06.977055,16462
5383484,265,Active,9,28,2013-11-03 23:40:06.983092,16462
5383485,266,Active,13,46,2013-11-03 23:40:06.988617,16462
5383486,267,Active,7,46,2013-11-03 23:40:06.9943,16462
5383487,268,Active,2,47,2013-11-03 23:40:07.000042,16462
5383488,269,Active,31,3,2013-11-03 23:40:07.005863,16462
5383489,270,Active,16,19,2013-11-03 23:40:07.01162,16462
5383490,271,Active,2,23,2013-11-03 23:40:07.017144,16462
5383491,272,Inactive,0,27,2013-11-03 23:40:07.022615,16462
5383492,273,Active,28,31,2013-11-03 23:40:07.031368,16462
5383493,274,Active,6,24,2013-11-03 23:40:07.037511,16462
5383494,275,Active,30,6,2013-11-03 23:40:07.043815,16462
5383495,276,Active,4,48,2013-11-03 23:40:07.049461,16462
5383496,277,Active,17,26,2013-11-03 23:40:07.055021,16462
5383497,330,Active,13,17,2013-11-03 23:40:07.060697,16462
5383498,278,Inactive,0,19,2013-11-03 23:40:07.088873,16462
5383499,279,Active,12,33,2013-11-03 23:40:07.095342,16462
5383500,280,Active,13,23,2013-11-03 23:40:07.10102,16462
5383501,281,Active,10,37,2013-11-03 23:40:07.10674,16462
5383502,282,Active,6,18,2013-11-03 23:40:07.112205,16462
5383503,283,Active,20,16,2013-11-03 23:40:07.117177,16462
5383504,284,Active,1,50,2013-11-03 23:40:07.122614,16462
5383505,285,Active,4,29,2013-11-03 23:40:07.128135,16462
5383506,286,Active,4,23,2013-11-03 23:40:07.134006,16462
5383507,287,Active,1,26,2013-11-03 23:40:07.139745,16462
5383508,288,Active,14,39,2013-11-03 23:40:07.145462,16462
5383509,289,Active,14,21,2013-11-03 23:40:07.151058,16462
5383510,290,Active,16,15,2013-11-03 23:40:07.156373,16462
5383511,291,Active,32,27,2013-11-03 23:40:07.163095,16462
5383512,292,Active,5,34,2013-11-03 23:40:07.168568,16462
5383513,293,Active,27,34,2013-11-03 23:40:07.174451,16462
5383514,294,Active,1,38,2013-11-03 23:40:07.180358,16462
5383515,295,Active,16,51,2013-11-03 23:40:07.186168,16462
5383516,296,Active,23,28,2013-11-03 23:40:07.191938,16462
5383517,297,Active,4,47,2013-11-03 23:40:07.197618,16462
5383518,298,Active,14,43,2013-11-03 23:40:07.203457,16462
5383519,299,Active,8,31,2013-11-03 23:40:07.209188,16462
5383520,300,Active,30,13,2013-11-03 23:40:07.215074,16462
5383521,301,Active,35,24,2013-11-03 23:40:07.221028,16462
5383522,302,Active,8,30,2013-11-03 23:40:07.226722,16462
5383523,303,Active,18,23,2013-11-03 23:40:07.232877,16462
5383524,305,Active,10,29,2013-11-03 23:40:07.238249,16462
5383525,306,Active,29,14,2013-11-03 23:40:07.244111,16462
5383526,307,Active,5,45,2013-11-03 23:40:07.249518,16462
5383527,308,Active,16,15,2013-11-03 23:40:07.254596,16462
5383528,309,Active,22,7,2013-11-03 23:40:07.260111,16462
5383529,310,Active,7,32,2013-11-03 23:40:07.265984,16462
5383530,311,Active,10,29,2013-11-03 23:40:07.271503,16462
5383531,312,Active,23,8,2013-11-03 23:40:07.276875,16462
5383532,313,Active,7,32,2013-11-03 23:40:07.282561,16462
5383533,314,Active,4,23,2013-11-03 23:40:07.291297,16462
5383534,315,Active,8,30,2013-11-03 23:40:07.297201,16462
5383535,316,Active,11,19,2013-11-03 23:40:07.30253,16462
5383536,317,Active,9,6,2013-11-03 23:40:07.307806,16462
5383537,318,Active,27,0,2013-11-03 23:40:07.313405,16462
5383538,319,Active,8,22,2013-11-03 23:40:07.318954,16462
5383539,320,Active,20,16,2013-11-03 23:40:07.324578,16462
5383540,321,Active,1,11,2013-11-03 23:40:07.330056,16462
5383541,322,Active,25,24,2013-11-03 23:40:07.335832,16462
5383542,332,Active,8,16,2013-11-03 23:40:07.341531,16462
5383543,327,Active,20,15,2013-11-03 23:40:07.347051,16462
5383544,328,Active,22,17,2013-11-03 23:40:07.352913,16462
5383545,331,Active,11,25,2013-11-03 23:40:07.358398,16462
5383546,323,Active,1,38,2013-11-03 23:40:07.363822,16462
5383547,324,Active,1,42,2013-11-03 23:40:07.369131,16462
5383548,329,Active,25,8,2013-11-03 23:40:07.374314,16462
5383549,325,Active,6,30,2013-11-03 23:40:07.380069,16462
5383550,326,Active,4,21,2013-11-03 23:40:07.385403,16462
5383551,1,Active,15,24,2013-11-03 23:50:05.775595,16463
5383552,2,Active,2,31,2013-11-03 23:50:05.785252,16463
5383553,3,Active,10,16,2013-11-03 23:50:05.79033,16463
5383554,4,Active,17,45,2013-11-03 23:50:05.797003,16463
5383555,5,Active,10,29,2013-11-03 23:50:05.8018,16463
5383556,6,Active,2,17,2013-11-03 23:50:05.806365,16463
5383557,7,Active,5,14,2013-11-03 23:50:05.811327,16463
5383558,8,Active,19,12,2013-11-03 23:50:05.843565,16463
5383559,9,Active,21,9,2013-11-03 23:50:05.85007,16463
5383560,10,Active,7,39,2013-11-03 23:50:05.854926,16463
5383561,11,Active,4,20,2013-11-03 23:50:05.859901,16463
5383562,12,Active,1,18,2013-11-03 23:50:05.864709,16463
5383563,13,Active,17,22,2013-11-03 23:50:05.869388,16463
5383564,14,Active,33,0,2013-11-03 23:50:05.873992,16463
5383565,15,Active,2,29,2013-11-03 23:50:05.879049,16463
5383566,16,Active,15,18,2013-11-03 23:50:05.911276,16463
5383567,17,Active,18,11,2013-11-03 23:50:05.916685,16463
5383568,18,Active,17,38,2013-11-03 23:50:05.921543,16463
5383569,19,Active,12,11,2013-11-03 23:50:05.926531,16463
5383570,20,Active,13,13,2013-11-03 23:50:05.931571,16463
5383571,21,Active,29,6,2013-11-03 23:50:05.936559,16463
5383572,22,Active,6,41,2013-11-03 23:50:05.941133,16463
5383573,23,Active,6,39,2013-11-03 23:50:05.948012,16463
5383574,24,Active,36,11,2013-11-03 23:50:05.982193,16463
5383575,25,Active,16,35,2013-11-03 23:50:05.987457,16463
5383576,26,Active,8,22,2013-11-03 23:50:05.992457,16463
5383577,27,Active,19,26,2013-11-03 23:50:05.997435,16463
5383578,28,Active,25,3,2013-11-03 23:50:06.002278,16463
5383579,29,Active,0,23,2013-11-03 23:50:06.00737,16463
5383580,30,Active,4,35,2013-11-03 23:50:06.011851,16463
5383581,31,Active,15,23,2013-11-03 23:50:06.016497,16463
5383582,32,Active,1,32,2013-11-03 23:50:06.021081,16463
5383583,33,Active,5,26,2013-11-03 23:50:06.025986,16463
5383584,34,Active,31,6,2013-11-03 23:50:06.030443,16463
5383585,35,Active,22,33,2013-11-03 23:50:06.03523,16463
5383586,36,Active,25,2,2013-11-03 23:50:06.039989,16463
5383587,37,Active,18,5,2013-11-03 23:50:06.044507,16463
5383588,38,Active,5,34,2013-11-03 23:50:06.049847,16463
5383589,39,Active,33,6,2013-11-03 23:50:06.056054,16463
5383590,40,Active,6,33,2013-11-03 23:50:06.062656,16463
5383591,41,Active,21,10,2013-11-03 23:50:06.068814,16463
5383592,42,Active,5,26,2013-11-03 23:50:06.074822,16463
5383593,43,Active,1,22,2013-11-03 23:50:06.080307,16463
5383594,44,Active,1,21,2013-11-03 23:50:06.08572,16463
5383595,45,Active,32,7,2013-11-03 23:50:06.091276,16463
5383596,46,Active,1,30,2013-11-03 23:50:06.097015,16463
5383597,47,Active,2,21,2013-11-03 23:50:06.102013,16463
5383598,48,Active,15,5,2013-11-03 23:50:06.106348,16463
5383599,49,Active,0,23,2013-11-03 23:50:06.111264,16463
5383600,50,Active,20,7,2013-11-03 23:50:06.11604,16463
5383601,51,Active,31,9,2013-11-03 23:50:06.12043,16463
5383602,52,Active,25,2,2013-11-03 23:50:06.12507,16463
5383603,53,Active,7,26,2013-11-03 23:50:06.12946,16463
5383604,54,Active,17,30,2013-11-03 23:50:06.134015,16463
5383605,55,Active,0,31,2013-11-03 23:50:06.138914,16463
5383606,56,Active,12,27,2013-11-03 23:50:06.168297,16463
5383607,57,Active,2,21,2013-11-03 23:50:06.192402,16463
5383608,58,Active,25,14,2013-11-03 23:50:06.198744,16463
5383609,59,Active,4,31,2013-11-03 23:50:06.204123,16463
5383610,60,Active,14,13,2013-11-03 23:50:06.209862,16463
5383611,61,Active,1,23,2013-11-03 23:50:06.215343,16463
5383612,62,Active,19,12,2013-11-03 23:50:06.220544,16463
5383613,63,Active,9,18,2013-11-03 23:50:06.225966,16463
5383614,64,Active,19,16,2013-11-03 23:50:06.231639,16463
5383615,65,Active,12,12,2013-11-03 23:50:06.23744,16463
5383616,66,Active,25,32,2013-11-03 23:50:06.2431,16463
5383617,67,Active,11,16,2013-11-03 23:50:06.248598,16463
5383618,68,Active,6,17,2013-11-03 23:50:06.257075,16463
5383619,69,Active,4,35,2013-11-03 23:50:06.264026,16463
5383620,70,Active,1,30,2013-11-03 23:50:06.27138,16463
5383621,71,Active,3,16,2013-11-03 23:50:06.277942,16463
5383622,72,Active,9,16,2013-11-03 23:50:06.284394,16463
5383623,73,Active,2,17,2013-11-03 23:50:06.290504,16463
5383624,74,Active,1,18,2013-11-03 23:50:06.29674,16463
5383625,75,Active,3,28,2013-11-03 23:50:06.302875,16463
5383626,76,Active,36,23,2013-11-03 23:50:06.309138,16463
5383627,77,Active,6,21,2013-11-03 23:50:06.314556,16463
5383628,78,Active,30,13,2013-11-03 23:50:06.320576,16463
5383629,79,Active,21,26,2013-11-03 23:50:06.32612,16463
5383630,80,Active,2,17,2013-11-03 23:50:06.331249,16463
5383631,81,Active,8,21,2013-11-03 23:50:06.336382,16463
5383632,82,Active,5,15,2013-11-03 23:50:06.341552,16463
5383633,83,Active,26,29,2013-11-03 23:50:06.346845,16463
5383634,84,Active,14,17,2013-11-03 23:50:06.352268,16463
5383635,85,Active,5,19,2013-11-03 23:50:06.35751,16463
5383636,86,Active,27,8,2013-11-03 23:50:06.363026,16463
5383637,87,Active,20,7,2013-11-03 23:50:06.370213,16463
5383638,88,Active,9,26,2013-11-03 23:50:06.375543,16463
5383639,89,Active,29,26,2013-11-03 23:50:06.380634,16463
5383640,90,Active,12,24,2013-11-03 23:50:06.388176,16463
5383641,91,Active,22,1,2013-11-03 23:50:06.393483,16463
5383642,92,Active,22,9,2013-11-03 23:50:06.399251,16463
5383643,93,Active,15,21,2013-11-03 23:50:06.405031,16463
5383644,94,Active,26,7,2013-11-03 23:50:06.412583,16463
5383645,95,Active,6,24,2013-11-03 23:50:06.418005,16463
5383646,96,Active,8,23,2013-11-03 23:50:06.423684,16463
5383647,97,Active,19,8,2013-11-03 23:50:06.429347,16463
5383648,98,Active,24,17,2013-11-03 23:50:06.434912,16463
5383649,99,Active,23,12,2013-11-03 23:50:06.44144,16463
5383650,100,Active,21,9,2013-11-03 23:50:06.447184,16463
5383651,101,Active,19,12,2013-11-03 23:50:06.480023,16463
5383652,102,Active,21,2,2013-11-03 23:50:06.485273,16463
5383653,103,Active,0,39,2013-11-03 23:50:06.491249,16463
5383654,104,Active,1,28,2013-11-03 23:50:06.4975,16463
5383655,105,Active,7,36,2013-11-03 23:50:06.502874,16463
5383656,106,Active,13,14,2013-11-03 23:50:06.508298,16463
5383657,107,Active,1,30,2013-11-03 23:50:06.513957,16463
5383658,108,Active,26,9,2013-11-03 23:50:06.520068,16463
5383659,109,Active,8,31,2013-11-03 23:50:06.526237,16463
5383660,110,Active,20,7,2013-11-03 23:50:06.559634,16463
5383661,111,Active,11,20,2013-11-03 23:50:06.564294,16463
5383662,112,Active,8,31,2013-11-03 23:50:06.593243,16463
5383663,113,Active,43,8,2013-11-03 23:50:06.599279,16463
5383664,114,Active,25,10,2013-11-03 23:50:06.60503,16463
5383665,115,Active,12,15,2013-11-03 23:50:06.61094,16463
5383666,116,Active,29,10,2013-11-03 23:50:06.616873,16463
5383667,117,Active,12,11,2013-11-03 23:50:06.622597,16463
5383668,118,Active,19,12,2013-11-03 23:50:06.628191,16463
5383669,119,Active,18,21,2013-11-03 23:50:06.633592,16463
5383670,120,Active,11,16,2013-11-03 23:50:06.63911,16463
5383671,121,Active,7,17,2013-11-03 23:50:06.64469,16463
5383672,122,Active,7,24,2013-11-03 23:50:06.65058,16463
5383673,123,Active,22,5,2013-11-03 23:50:06.65664,16463
5383674,124,Active,6,30,2013-11-03 23:50:06.662234,16463
5383675,125,Active,10,27,2013-11-03 23:50:06.667632,16463
5383676,126,Active,17,7,2013-11-03 23:50:06.673651,16463
5383677,127,Active,3,24,2013-11-03 23:50:06.678747,16463
5383678,128,Active,10,9,2013-11-03 23:50:06.683855,16463
5383679,129,Active,9,20,2013-11-03 23:50:06.689281,16463
5383680,130,Active,18,5,2013-11-03 23:50:06.695052,16463
5383681,131,Active,1,22,2013-11-03 23:50:06.700445,16463
5383682,132,Active,24,11,2013-11-03 23:50:06.705992,16463
5383683,133,Active,22,5,2013-11-03 23:50:06.711359,16463
5383684,134,Active,14,21,2013-11-03 23:50:06.716918,16463
5383685,135,Active,24,18,2013-11-03 23:50:06.72436,16463
5383686,136,Active,9,14,2013-11-03 23:50:06.730111,16463
5383687,137,Active,7,21,2013-11-03 23:50:06.73615,16463
5383688,138,Active,7,32,2013-11-03 23:50:06.741775,16463
5383689,139,Active,24,12,2013-11-03 23:50:06.74754,16463
5383690,140,Active,3,24,2013-11-03 23:50:06.753489,16463
5383691,141,Active,2,29,2013-11-03 23:50:06.758991,16463
5383692,142,Active,33,10,2013-11-03 23:50:06.764624,16463
5383693,143,Active,10,13,2013-11-03 23:50:06.770445,16463
5383694,144,Active,8,19,2013-11-03 23:50:06.776596,16463
5383695,145,Active,0,36,2013-11-03 23:50:06.782319,16463
5383696,146,Active,25,30,2013-11-03 23:50:06.788138,16463
5383697,147,Active,8,31,2013-11-03 23:50:06.793574,16463
5383698,148,Active,18,25,2013-11-03 23:50:06.799092,16463
5383699,149,Active,29,28,2013-11-03 23:50:06.80486,16463
5383700,150,Active,9,40,2013-11-03 23:50:06.810505,16463
5383701,151,Active,4,23,2013-11-03 23:50:06.815848,16463
5383702,152,Active,6,25,2013-11-03 23:50:06.821619,16463
5383703,153,Active,5,28,2013-11-03 23:50:06.827044,16463
5383704,154,Active,3,31,2013-11-03 23:50:06.832361,16463
5383705,155,Active,4,35,2013-11-03 23:50:06.837561,16463
5383706,156,Active,15,20,2013-11-03 23:50:06.842797,16463
5383707,157,Active,9,18,2013-11-03 23:50:06.851402,16463
5383708,158,Active,9,10,2013-11-03 23:50:06.856607,16463
5383709,159,Active,25,5,2013-11-03 23:50:06.861638,16463
5383710,160,Active,13,30,2013-11-03 23:50:06.867106,16463
5383711,161,Active,19,28,2013-11-03 23:50:06.872292,16463
5383712,162,Active,6,36,2013-11-03 23:50:06.877553,16463
5383713,163,Active,35,4,2013-11-03 23:50:06.883085,16463
5383714,164,Active,32,4,2013-11-03 23:50:06.888474,16463
5383715,165,Active,6,33,2013-11-03 23:50:06.893956,16463
5383716,166,Active,7,24,2013-11-03 23:50:06.89921,16463
5383717,167,Active,10,19,2013-11-03 23:50:06.90501,16463
5383718,168,Active,1,42,2013-11-03 23:50:06.932779,16463
5383719,169,Active,1,38,2013-11-03 23:50:06.938675,16463
5383720,170,Active,17,18,2013-11-03 23:50:06.943986,16463
5383721,171,Active,6,21,2013-11-03 23:50:06.949572,16463
5383722,172,Active,0,31,2013-11-03 23:50:06.954738,16463
5383723,173,Active,1,30,2013-11-03 23:50:06.960244,16463
5383724,174,Active,30,2,2013-11-03 23:50:06.965686,16463
5383725,175,Active,1,30,2013-11-03 23:50:06.971121,16463
5383726,176,Active,12,24,2013-11-03 23:50:06.976667,16463
5383727,177,Active,14,16,2013-11-03 23:50:06.982333,16463
5383728,178,Active,5,20,2013-11-03 23:50:06.988531,16463
5383729,179,Active,5,22,2013-11-03 23:50:06.993968,16463
5383730,180,Active,6,25,2013-11-03 23:50:06.999297,16463
5383731,181,Active,1,26,2013-11-03 23:50:07.004538,16463
5383732,182,Active,10,5,2013-11-03 23:50:07.009589,16463
5383733,183,Active,2,40,2013-11-03 23:50:07.015541,16463
5383734,184,Active,28,14,2013-11-03 23:50:07.020611,16463
5383735,185,Active,26,5,2013-11-03 23:50:07.026904,16463
5383736,186,Active,30,9,2013-11-03 23:50:07.032196,16463
5383737,187,Active,11,29,2013-11-03 23:50:07.037618,16463
5383738,188,Active,7,27,2013-11-03 23:50:07.043825,16463
5383739,189,Active,0,43,2013-11-03 23:50:07.050279,16463
5383740,190,Active,19,4,2013-11-03 23:50:07.056264,16463
5383741,191,Active,11,8,2013-11-03 23:50:07.061467,16463
5383742,192,Active,7,28,2013-11-03 23:50:07.067759,16463
5383743,193,Active,12,11,2013-11-03 23:50:07.073265,16463
5383744,194,Active,19,10,2013-11-03 23:50:07.07925,16463
5383745,195,Active,12,12,2013-11-03 23:50:07.084924,16463
5383746,196,Active,5,37,2013-11-03 23:50:07.090344,16463
5383747,197,Active,2,29,2013-11-03 23:50:07.097203,16463
5383748,198,Active,19,28,2013-11-03 23:50:07.102635,16463
5383749,199,Active,3,20,2013-11-03 23:50:07.108177,16463
5383750,200,Active,0,23,2013-11-03 23:50:07.11412,16463
5383751,201,Active,0,23,2013-11-03 23:50:07.119713,16463
5383752,202,Active,2,17,2013-11-03 23:50:07.128883,16463
5383753,203,Active,16,39,2013-11-03 23:50:07.134956,16463
5383754,204,Active,0,39,2013-11-03 23:50:07.140443,16463
5383755,205,Active,22,9,2013-11-03 23:50:07.146,16463
5383756,206,Active,9,50,2013-11-03 23:50:07.151447,16463
5383757,207,Active,20,11,2013-11-03 23:50:07.157336,16463
5383758,208,Active,3,24,2013-11-03 23:50:07.163356,16463
5383759,209,Active,10,20,2013-11-03 23:50:07.169147,16463
5383760,210,Active,14,17,2013-11-03 23:50:07.174753,16463
5383761,211,Active,2,37,2013-11-03 23:50:07.181402,16463
5383762,212,Active,20,7,2013-11-03 23:50:07.186789,16463
5383763,213,Active,38,9,2013-11-03 23:50:07.192433,16463
5383764,214,Active,1,26,2013-11-03 23:50:07.198485,16463
5383765,215,Active,0,27,2013-11-03 23:50:07.208891,16463
5383766,216,Active,20,7,2013-11-03 23:50:07.214488,16463
5383767,217,Active,34,5,2013-11-03 23:50:07.21988,16463
5383768,218,Active,13,19,2013-11-03 23:50:07.225418,16463
5383769,219,Active,16,19,2013-11-03 23:50:07.231735,16463
5383770,220,Active,4,47,2013-11-03 23:50:07.237244,16463
5383771,221,Active,2,21,2013-11-03 23:50:07.244621,16463
5383772,222,Active,15,37,2013-11-03 23:50:07.250445,16463
5383773,223,Active,17,19,2013-11-03 23:50:07.256404,16463
5383774,224,Active,20,19,2013-11-03 23:50:07.286347,16463
5383775,225,Active,1,30,2013-11-03 23:50:07.292897,16463
5383776,226,Active,5,26,2013-11-03 23:50:07.298693,16463
5383777,227,Active,2,29,2013-11-03 23:50:07.304262,16463
5383778,228,Active,6,53,2013-11-03 23:50:07.310106,16463
5383779,229,Active,31,8,2013-11-03 23:50:07.315997,16463
5383780,230,Active,11,24,2013-11-03 23:50:07.322345,16463
5383781,231,Active,5,34,2013-11-03 23:50:07.328254,16463
5383782,232,Active,13,22,2013-11-03 23:50:07.335345,16463
5383783,233,Active,43,16,2013-11-03 23:50:07.341031,16463
5383784,234,Active,6,25,2013-11-03 23:50:07.346644,16463
5383785,235,Active,11,10,2013-11-03 23:50:07.352241,16463
5383786,236,Active,12,11,2013-11-03 23:50:07.358782,16463
5383787,237,Inactive,0,39,2013-11-03 23:50:07.364067,16463
5383788,238,Active,39,8,2013-11-03 23:50:07.376644,16463
5383789,239,Active,23,2,2013-11-03 23:50:07.383189,16463
5383790,240,Active,27,32,2013-11-03 23:50:07.389482,16463
5383791,241,Active,10,29,2013-11-03 23:50:07.395582,16463
5383792,242,Active,27,8,2013-11-03 23:50:07.401422,16463
5383793,243,Active,18,16,2013-11-03 23:50:07.406931,16463
5383794,244,Active,15,44,2013-11-03 23:50:07.412338,16463
5383795,245,Active,8,49,2013-11-03 23:50:07.417846,16463
5383796,246,Active,13,24,2013-11-03 23:50:07.423327,16463
5383797,247,Active,6,21,2013-11-03 23:50:07.428965,16463
5383798,248,Active,9,32,2013-11-03 23:50:07.434833,16463
5383799,249,Active,22,20,2013-11-03 23:50:07.440706,16463
5383800,250,Active,11,36,2013-11-03 23:50:07.449095,16463
5383801,251,Active,33,4,2013-11-03 23:50:07.455271,16463
5383802,252,Active,7,39,2013-11-03 23:50:07.461247,16463
5383803,253,Active,5,54,2013-11-03 23:50:07.467683,16463
5383804,254,Active,2,22,2013-11-03 23:50:07.473422,16463
5383805,255,Active,12,19,2013-11-03 23:50:07.479618,16463
5383806,256,Active,13,14,2013-11-03 23:50:07.485596,16463
5383807,257,Active,9,16,2013-11-03 23:50:07.491411,16463
5383808,258,Active,10,29,2013-11-03 23:50:07.497105,16463
5383809,259,Active,20,15,2013-11-03 23:50:07.502923,16463
5383810,260,Active,5,39,2013-11-03 23:50:07.509805,16463
5383811,261,Active,4,35,2013-11-03 23:50:07.51568,16463
5383812,262,Active,14,25,2013-11-03 23:50:07.522955,16463
5383813,263,Active,8,28,2013-11-03 23:50:07.529695,16463
5383814,264,Active,11,30,2013-11-03 23:50:07.535145,16463
5383815,265,Active,9,28,2013-11-03 23:50:07.540751,16463
5383816,266,Active,10,49,2013-11-03 23:50:07.546134,16463
5383817,267,Active,7,46,2013-11-03 23:50:07.551334,16463
5383818,268,Active,1,48,2013-11-03 23:50:07.556628,16463
5383819,269,Active,30,4,2013-11-03 23:50:07.561822,16463
5383820,270,Active,16,19,2013-11-03 23:50:07.567136,16463
5383821,271,Active,2,23,2013-11-03 23:50:07.572983,16463
5383822,272,Inactive,0,27,2013-11-03 23:50:07.579419,16463
5383823,273,Active,29,30,2013-11-03 23:50:07.585302,16463
5383824,274,Active,8,22,2013-11-03 23:50:07.591148,16463
5383825,275,Active,27,9,2013-11-03 23:50:07.596827,16463
5383826,276,Active,5,47,2013-11-03 23:50:07.602348,16463
5383827,277,Active,18,25,2013-11-03 23:50:07.612735,16463
5383828,330,Active,13,17,2013-11-03 23:50:07.618412,16463
5383829,278,Inactive,0,19,2013-11-03 23:50:07.62373,16463
5383830,279,Active,9,36,2013-11-03 23:50:07.653657,16463
5383831,280,Active,11,25,2013-11-03 23:50:07.661198,16463
5383832,281,Active,9,38,2013-11-03 23:50:07.667678,16463
5383833,282,Active,6,18,2013-11-03 23:50:07.673754,16463
5383834,283,Active,20,16,2013-11-03 23:50:07.679289,16463
5383835,284,Active,1,50,2013-11-03 23:50:07.684562,16463
5383836,285,Active,4,29,2013-11-03 23:50:07.689778,16463
5383837,286,Active,5,22,2013-11-03 23:50:07.696148,16463
5383838,287,Active,1,26,2013-11-03 23:50:07.701505,16463
5383839,288,Active,13,40,2013-11-03 23:50:07.706596,16463
5383840,289,Active,14,21,2013-11-03 23:50:07.716744,16463
5383841,290,Active,16,15,2013-11-03 23:50:07.721955,16463
5383842,291,Active,30,29,2013-11-03 23:50:07.727255,16463
5383843,292,Active,3,36,2013-11-03 23:50:07.732677,16463
5383844,293,Active,26,35,2013-11-03 23:50:07.738173,16463
5383845,294,Active,1,38,2013-11-03 23:50:07.743641,16463
5383846,295,Active,16,51,2013-11-03 23:50:07.749101,16463
5383847,296,Active,24,27,2013-11-03 23:50:07.754165,16463
5383848,297,Active,5,46,2013-11-03 23:50:07.759557,16463
5383849,298,Active,14,43,2013-11-03 23:50:07.764576,16463
5383850,299,Active,8,31,2013-11-03 23:50:07.76994,16463
5383851,300,Active,30,13,2013-11-03 23:50:07.775569,16463
5383852,301,Active,36,23,2013-11-03 23:50:07.780654,16463
5383853,302,Active,6,32,2013-11-03 23:50:07.786591,16463
5383854,303,Active,18,23,2013-11-03 23:50:07.792105,16463
5383855,305,Active,10,29,2013-11-03 23:50:07.79764,16463
5383856,306,Active,28,15,2013-11-03 23:50:07.802828,16463
5383857,307,Active,5,45,2013-11-03 23:50:07.807921,16463
5383858,308,Active,15,16,2013-11-03 23:50:07.813378,16463
5383859,309,Active,22,7,2013-11-03 23:50:07.818934,16463
5383860,310,Active,8,31,2013-11-03 23:50:07.824574,16463
5383861,311,Active,8,31,2013-11-03 23:50:07.830249,16463
5383862,312,Active,21,10,2013-11-03 23:50:07.835637,16463
5383863,313,Active,7,32,2013-11-03 23:50:07.841002,16463
5383864,314,Active,5,22,2013-11-03 23:50:07.84646,16463
5383865,315,Active,8,30,2013-11-03 23:50:07.85156,16463
5383866,316,Active,11,19,2013-11-03 23:50:07.85678,16463
5383867,317,Active,9,6,2013-11-03 23:50:07.862333,16463
5383868,318,Active,27,0,2013-11-03 23:50:07.867471,16463
5383869,319,Active,8,22,2013-11-03 23:50:07.872818,16463
5383870,320,Active,20,16,2013-11-03 23:50:07.878518,16463
5383871,321,Active,1,11,2013-11-03 23:50:07.883875,16463
5383872,322,Active,26,23,2013-11-03 23:50:07.889349,16463
5383873,332,Active,8,16,2013-11-03 23:50:07.894992,16463
5383874,327,Active,20,15,2013-11-03 23:50:07.93183,16463
5383875,328,Active,23,16,2013-11-03 23:50:07.941436,16463
5383876,331,Active,11,25,2013-11-03 23:50:07.948177,16463
5383877,323,Active,1,38,2013-11-03 23:50:07.954748,16463
5383878,324,Active,1,42,2013-11-03 23:50:07.960971,16463
5383879,329,Active,28,5,2013-11-03 23:50:07.966616,16463
5383880,325,Active,6,30,2013-11-03 23:50:07.972545,16463
5383881,326,Active,4,21,2013-11-03 23:50:08.003895,16463
5383882,1,Active,15,24,2013-11-04 00:00:04.737548,16464
5383883,2,Active,2,31,2013-11-04 00:00:04.746773,16464
5383884,3,Active,10,16,2013-11-04 00:00:04.751715,16464
5383885,4,Active,19,43,2013-11-04 00:00:04.756444,16464
5383886,5,Active,9,30,2013-11-04 00:00:04.761255,16464
5383887,6,Active,2,17,2013-11-04 00:00:04.765989,16464
5383888,7,Active,6,13,2013-11-04 00:00:04.770428,16464
5383889,8,Active,19,12,2013-11-04 00:00:04.775312,16464
5383890,9,Active,22,8,2013-11-04 00:00:04.779646,16464
5383891,10,Active,8,38,2013-11-04 00:00:04.784107,16464
5383892,11,Active,3,21,2013-11-04 00:00:04.788738,16464
5383893,12,Active,1,18,2013-11-04 00:00:04.793248,16464
5383894,13,Active,18,21,2013-11-04 00:00:04.79767,16464
5383895,14,Active,33,0,2013-11-04 00:00:04.802318,16464
5383896,15,Active,2,29,2013-11-04 00:00:04.80676,16464
5383897,16,Active,14,19,2013-11-04 00:00:04.811403,16464
5383898,17,Active,18,11,2013-11-04 00:00:04.815886,16464
5383899,18,Active,16,39,2013-11-04 00:00:04.820331,16464
5383900,19,Active,12,11,2013-11-04 00:00:04.825292,16464
5383901,20,Active,12,14,2013-11-04 00:00:04.829619,16464
5383902,21,Active,29,6,2013-11-04 00:00:04.83433,16464
5383903,22,Active,5,42,2013-11-04 00:00:04.840604,16464
5383904,23,Active,5,40,2013-11-04 00:00:04.845059,16464
5383905,24,Active,35,12,2013-11-04 00:00:04.849422,16464
5383906,25,Active,17,34,2013-11-04 00:00:04.853767,16464
5383907,26,Active,8,22,2013-11-04 00:00:04.858136,16464
5383908,27,Active,19,26,2013-11-04 00:00:04.862641,16464
5383909,28,Active,25,3,2013-11-04 00:00:04.866924,16464
5383910,29,Active,0,23,2013-11-04 00:00:04.871453,16464
5383911,30,Active,4,35,2013-11-04 00:00:04.875785,16464
5383912,31,Active,15,23,2013-11-04 00:00:04.880218,16464
5383913,32,Active,2,31,2013-11-04 00:00:04.884601,16464
5383914,33,Active,6,25,2013-11-04 00:00:04.889138,16464
5383915,34,Active,30,7,2013-11-04 00:00:04.893673,16464
5383916,35,Active,23,32,2013-11-04 00:00:04.901055,16464
5383917,36,Active,25,2,2013-11-04 00:00:04.905924,16464
5383918,37,Active,18,5,2013-11-04 00:00:04.910686,16464
5383919,38,Active,5,34,2013-11-04 00:00:04.915367,16464
5383920,39,Active,36,3,2013-11-04 00:00:04.920217,16464
5383921,40,Active,2,37,2013-11-04 00:00:04.925656,16464
5383922,41,Active,21,10,2013-11-04 00:00:04.931468,16464
5383923,42,Active,6,25,2013-11-04 00:00:04.93639,16464
5383924,43,Active,1,22,2013-11-04 00:00:04.941399,16464
5383925,44,Active,1,21,2013-11-04 00:00:04.946112,16464
5383926,45,Active,33,6,2013-11-04 00:00:04.951123,16464
5383927,46,Active,0,31,2013-11-04 00:00:04.955892,16464
5383928,47,Active,2,21,2013-11-04 00:00:04.960705,16464
5383929,48,Active,15,5,2013-11-04 00:00:04.965634,16464
5383930,49,Active,0,23,2013-11-04 00:00:04.970462,16464
5383931,50,Active,20,7,2013-11-04 00:00:04.975147,16464
5383932,51,Active,30,10,2013-11-04 00:00:04.979864,16464
5383933,52,Active,23,4,2013-11-04 00:00:04.984734,16464
5383934,53,Active,7,26,2013-11-04 00:00:04.989738,16464
5383935,54,Active,19,28,2013-11-04 00:00:04.994882,16464
5383936,55,Active,0,31,2013-11-04 00:00:04.999783,16464
5383937,56,Active,11,28,2013-11-04 00:00:05.044583,16464
5383938,57,Active,1,22,2013-11-04 00:00:05.053366,16464
5383939,58,Active,25,14,2013-11-04 00:00:05.059254,16464
5383940,59,Active,4,31,2013-11-04 00:00:05.064618,16464
5383941,60,Active,14,13,2013-11-04 00:00:05.070348,16464
5383942,61,Active,1,23,2013-11-04 00:00:05.075913,16464
5383943,62,Active,17,14,2013-11-04 00:00:05.082182,16464
5383944,63,Active,9,18,2013-11-04 00:00:05.088045,16464
5383945,64,Active,21,14,2013-11-04 00:00:05.093772,16464
5383946,65,Active,12,12,2013-11-04 00:00:05.099893,16464
5383947,66,Active,24,33,2013-11-04 00:00:05.105317,16464
5383948,67,Active,12,15,2013-11-04 00:00:05.110573,16464
5383949,68,Active,6,17,2013-11-04 00:00:05.116225,16464
5383950,69,Active,4,35,2013-11-04 00:00:05.121749,16464
5383951,70,Active,1,30,2013-11-04 00:00:05.127243,16464
5383952,71,Active,3,16,2013-11-04 00:00:05.132584,16464
5383953,72,Active,8,17,2013-11-04 00:00:05.138129,16464
5383954,73,Active,2,17,2013-11-04 00:00:05.143458,16464
5383955,74,Active,1,18,2013-11-04 00:00:05.14911,16464
5383956,75,Active,3,28,2013-11-04 00:00:05.155377,16464
5383957,76,Active,37,22,2013-11-04 00:00:05.161828,16464
5383958,77,Active,6,21,2013-11-04 00:00:05.167436,16464
5383959,78,Active,26,17,2013-11-04 00:00:05.172798,16464
5383960,79,Active,20,27,2013-11-04 00:00:05.182252,16464
5383961,80,Active,2,17,2013-11-04 00:00:05.187478,16464
5383962,81,Active,8,21,2013-11-04 00:00:05.19296,16464
5383963,82,Active,5,15,2013-11-04 00:00:05.198184,16464
5383964,83,Active,23,32,2013-11-04 00:00:05.203556,16464
5383965,84,Active,12,19,2013-11-04 00:00:05.209099,16464
5383966,85,Active,5,19,2013-11-04 00:00:05.214924,16464
5383967,86,Active,28,7,2013-11-04 00:00:05.220548,16464
5383968,87,Active,20,7,2013-11-04 00:00:05.226342,16464
5383969,88,Active,9,26,2013-11-04 00:00:05.232049,16464
5383970,89,Active,30,25,2013-11-04 00:00:05.237544,16464
5383971,90,Active,14,22,2013-11-04 00:00:05.242893,16464
5383972,91,Active,22,1,2013-11-04 00:00:05.248398,16464
5383973,92,Active,22,9,2013-11-04 00:00:05.253593,16464
5383974,93,Active,14,22,2013-11-04 00:00:05.259254,16464
5383975,94,Active,26,7,2013-11-04 00:00:05.264994,16464
5383976,95,Active,5,25,2013-11-04 00:00:05.270833,16464
5383977,96,Active,5,26,2013-11-04 00:00:05.277298,16464
5383978,97,Active,21,6,2013-11-04 00:00:05.283096,16464
5383979,98,Active,22,19,2013-11-04 00:00:05.288641,16464
5383980,99,Active,22,13,2013-11-04 00:00:05.294252,16464
5383981,100,Active,23,7,2013-11-04 00:00:05.299432,16464
5383982,101,Active,19,12,2013-11-04 00:00:05.304571,16464
5383983,102,Active,21,2,2013-11-04 00:00:05.309882,16464
5383984,103,Active,1,38,2013-11-04 00:00:05.314999,16464
5383985,104,Active,1,28,2013-11-04 00:00:05.320155,16464
5383986,105,Active,6,37,2013-11-04 00:00:05.32528,16464
5383987,106,Active,12,15,2013-11-04 00:00:05.330651,16464
5383988,107,Active,1,30,2013-11-04 00:00:05.336189,16464
5383989,108,Active,26,9,2013-11-04 00:00:05.341589,16464
5383990,109,Active,7,32,2013-11-04 00:00:05.34703,16464
5383991,110,Active,20,7,2013-11-04 00:00:05.352193,16464
5383992,111,Active,11,20,2013-11-04 00:00:05.357213,16464
5383993,112,Active,7,32,2013-11-04 00:00:05.384397,16464
5383994,113,Active,45,6,2013-11-04 00:00:05.390237,16464
5383995,114,Active,28,7,2013-11-04 00:00:05.395628,16464
5383996,115,Active,12,15,2013-11-04 00:00:05.402303,16464
5383997,116,Active,29,10,2013-11-04 00:00:05.407866,16464
5383998,117,Active,12,11,2013-11-04 00:00:05.413427,16464
5383999,118,Active,18,13,2013-11-04 00:00:05.418808,16464
5384000,119,Active,18,21,2013-11-04 00:00:05.424294,16464
5384001,120,Active,11,16,2013-11-04 00:00:05.429589,16464
5384002,121,Active,7,17,2013-11-04 00:00:05.43473,16464
5384003,122,Active,7,24,2013-11-04 00:00:05.44059,16464
5384004,123,Active,23,4,2013-11-04 00:00:05.445514,16464
5384005,124,Active,7,29,2013-11-04 00:00:05.453506,16464
5384006,125,Active,10,27,2013-11-04 00:00:05.458941,16464
5384007,126,Active,18,6,2013-11-04 00:00:05.463913,16464
5384008,127,Active,4,23,2013-11-04 00:00:05.46912,16464
5384009,128,Active,11,8,2013-11-04 00:00:05.474174,16464
5384010,129,Active,9,20,2013-11-04 00:00:05.479351,16464
5384011,130,Active,18,5,2013-11-04 00:00:05.485436,16464
5384012,131,Active,1,22,2013-11-04 00:00:05.491886,16464
5384013,132,Active,25,10,2013-11-04 00:00:05.497071,16464
5384014,133,Active,23,4,2013-11-04 00:00:05.502175,16464
5384015,134,Active,12,23,2013-11-04 00:00:05.507241,16464
5384016,135,Active,21,21,2013-11-04 00:00:05.512311,16464
5384017,136,Active,8,15,2013-11-04 00:00:05.517567,16464
5384018,137,Active,6,22,2013-11-04 00:00:05.522942,16464
5384019,138,Active,7,32,2013-11-04 00:00:05.528377,16464
5384020,139,Active,24,12,2013-11-04 00:00:05.533762,16464
5384021,140,Active,2,25,2013-11-04 00:00:05.539081,16464
5384022,141,Active,2,29,2013-11-04 00:00:05.544449,16464
5384023,142,Active,36,7,2013-11-04 00:00:05.551156,16464
5384024,143,Active,9,14,2013-11-04 00:00:05.556292,16464
5384025,144,Active,11,16,2013-11-04 00:00:05.561498,16464
5384026,145,Active,1,35,2013-11-04 00:00:05.566539,16464
5384027,146,Active,26,29,2013-11-04 00:00:05.573481,16464
5384028,147,Active,9,30,2013-11-04 00:00:05.57878,16464
5384029,148,Active,16,27,2013-11-04 00:00:05.583859,16464
5384030,149,Active,29,28,2013-11-04 00:00:05.589273,16464
5384031,150,Active,8,41,2013-11-04 00:00:05.594463,16464
5384032,151,Active,4,23,2013-11-04 00:00:05.599561,16464
5384033,152,Active,7,24,2013-11-04 00:00:05.604713,16464
5384034,153,Active,5,28,2013-11-04 00:00:05.60984,16464
5384035,154,Active,3,31,2013-11-04 00:00:05.614908,16464
5384036,155,Active,5,34,2013-11-04 00:00:05.619906,16464
5384037,156,Active,15,20,2013-11-04 00:00:05.625249,16464
5384038,157,Active,9,18,2013-11-04 00:00:05.630354,16464
5384039,158,Active,9,10,2013-11-04 00:00:05.635543,16464
5384040,159,Active,27,3,2013-11-04 00:00:05.640837,16464
5384041,160,Active,13,30,2013-11-04 00:00:05.646145,16464
5384042,161,Active,16,31,2013-11-04 00:00:05.651415,16464
5384043,162,Active,5,37,2013-11-04 00:00:05.656926,16464
5384044,163,Active,35,4,2013-11-04 00:00:05.66558,16464
5384045,164,Active,35,1,2013-11-04 00:00:05.670657,16464
5384046,165,Active,7,32,2013-11-04 00:00:05.675882,16464
5384047,166,Active,7,24,2013-11-04 00:00:05.681526,16464
5384048,167,Active,10,19,2013-11-04 00:00:05.687048,16464
5384049,168,Active,1,42,2013-11-04 00:00:05.713557,16464
5384050,169,Active,0,39,2013-11-04 00:00:05.719725,16464
5384051,170,Active,17,18,2013-11-04 00:00:05.7257,16464
5384052,171,Active,8,19,2013-11-04 00:00:05.731787,16464
5384053,172,Active,0,31,2013-11-04 00:00:05.737221,16464
5384054,173,Active,1,30,2013-11-04 00:00:05.74262,16464
5384055,174,Active,30,2,2013-11-04 00:00:05.748841,16464
5384056,175,Active,0,31,2013-11-04 00:00:05.754493,16464
5384057,176,Active,10,26,2013-11-04 00:00:05.759844,16464
5384058,177,Active,14,16,2013-11-04 00:00:05.769711,16464
5384059,178,Active,5,20,2013-11-04 00:00:05.775072,16464
5384060,179,Active,5,22,2013-11-04 00:00:05.78019,16464
5384061,180,Active,6,25,2013-11-04 00:00:05.785484,16464
5384062,181,Active,1,26,2013-11-04 00:00:05.7905,16464
5384063,182,Active,10,5,2013-11-04 00:00:05.795839,16464
5384064,183,Active,4,38,2013-11-04 00:00:05.800964,16464
5384065,184,Active,27,15,2013-11-04 00:00:05.806289,16464
5384066,185,Active,25,6,2013-11-04 00:00:05.811594,16464
5384067,186,Active,34,5,2013-11-04 00:00:05.817441,16464
5384068,187,Active,12,28,2013-11-04 00:00:05.824178,16464
5384069,188,Active,7,27,2013-11-04 00:00:05.829885,16464
5384070,189,Active,0,43,2013-11-04 00:00:05.835098,16464
5384071,190,Active,19,4,2013-11-04 00:00:05.840848,16464
5384072,191,Active,11,8,2013-11-04 00:00:05.84655,16464
5384073,192,Active,6,29,2013-11-04 00:00:05.851782,16464
5384074,193,Active,12,11,2013-11-04 00:00:05.857139,16464
5384075,194,Active,20,9,2013-11-04 00:00:05.862539,16464
5384076,195,Active,12,12,2013-11-04 00:00:05.867907,16464
5384077,196,Active,6,36,2013-11-04 00:00:05.873355,16464
5384078,197,Active,1,30,2013-11-04 00:00:05.881491,16464
5384079,198,Active,19,28,2013-11-04 00:00:05.887157,16464
5384080,199,Active,3,20,2013-11-04 00:00:05.892245,16464
5384081,200,Active,0,23,2013-11-04 00:00:05.897679,16464
5384082,201,Active,0,23,2013-11-04 00:00:05.902931,16464
5384083,202,Active,1,18,2013-11-04 00:00:05.908399,16464
5384084,203,Active,16,39,2013-11-04 00:00:05.913749,16464
5384085,204,Active,0,39,2013-11-04 00:00:05.918843,16464
5384086,205,Active,21,10,2013-11-04 00:00:05.923926,16464
5384087,206,Active,9,50,2013-11-04 00:00:05.929064,16464
5384088,207,Active,20,11,2013-11-04 00:00:05.934707,16464
5384089,208,Active,2,25,2013-11-04 00:00:05.94001,16464
5384090,209,Active,10,20,2013-11-04 00:00:05.945425,16464
5384091,210,Active,14,17,2013-11-04 00:00:05.950984,16464
5384092,211,Active,1,38,2013-11-04 00:00:05.956211,16464
5384093,212,Active,20,7,2013-11-04 00:00:05.961598,16464
5384094,213,Active,34,13,2013-11-04 00:00:05.96731,16464
5384095,214,Active,1,26,2013-11-04 00:00:05.972627,16464
5384096,215,Active,0,27,2013-11-04 00:00:05.977915,16464
5384097,216,Active,19,8,2013-11-04 00:00:05.983135,16464
5384098,217,Active,25,14,2013-11-04 00:00:05.988363,16464
5384099,218,Active,14,18,2013-11-04 00:00:05.993963,16464
5384100,219,Active,17,18,2013-11-04 00:00:06.001749,16464
5384101,220,Active,4,47,2013-11-04 00:00:06.00758,16464
5384102,221,Active,2,21,2013-11-04 00:00:06.013219,16464
5384103,222,Active,15,37,2013-11-04 00:00:06.018835,16464
5384104,223,Active,18,18,2013-11-04 00:00:06.024274,16464
5384105,224,Active,19,20,2013-11-04 00:00:06.051598,16464
5384106,225,Active,2,29,2013-11-04 00:00:06.057469,16464
5384107,226,Active,7,24,2013-11-04 00:00:06.063121,16464
5384108,227,Active,0,31,2013-11-04 00:00:06.068512,16464
5384109,228,Active,6,53,2013-11-04 00:00:06.073662,16464
5384110,229,Active,29,10,2013-11-04 00:00:06.078663,16464
5384111,230,Active,12,23,2013-11-04 00:00:06.083778,16464
5384112,231,Active,5,34,2013-11-04 00:00:06.089079,16464
5384113,232,Active,13,22,2013-11-04 00:00:06.094391,16464
5384114,233,Active,43,16,2013-11-04 00:00:06.099459,16464
5384115,234,Active,6,25,2013-11-04 00:00:06.10468,16464
5384116,235,Active,10,11,2013-11-04 00:00:06.109739,16464
5384117,236,Active,12,11,2013-11-04 00:00:06.115239,16464
5384118,237,Inactive,0,39,2013-11-04 00:00:06.120518,16464
5384119,238,Active,39,8,2013-11-04 00:00:06.129482,16464
5384120,239,Active,22,3,2013-11-04 00:00:06.135257,16464
5384121,240,Active,27,32,2013-11-04 00:00:06.14053,16464
5384122,241,Active,10,29,2013-11-04 00:00:06.145747,16464
5384123,242,Active,27,8,2013-11-04 00:00:06.15096,16464
5384124,243,Active,18,16,2013-11-04 00:00:06.156001,16464
5384125,244,Active,16,43,2013-11-04 00:00:06.160911,16464
5384126,245,Active,7,50,2013-11-04 00:00:06.16602,16464
5384127,246,Active,13,24,2013-11-04 00:00:06.171513,16464
5384128,247,Active,8,19,2013-11-04 00:00:06.17647,16464
5384129,248,Active,10,31,2013-11-04 00:00:06.182127,16464
5384130,249,Active,22,20,2013-11-04 00:00:06.187655,16464
5384131,250,Active,10,37,2013-11-04 00:00:06.19296,16464
5384132,251,Active,31,6,2013-11-04 00:00:06.198545,16464
5384133,252,Active,9,37,2013-11-04 00:00:06.204264,16464
5384134,253,Active,4,55,2013-11-04 00:00:06.213312,16464
5384135,254,Active,1,23,2013-11-04 00:00:06.219089,16464
5384136,255,Active,12,19,2013-11-04 00:00:06.224641,16464
5384137,256,Active,12,15,2013-11-04 00:00:06.230085,16464
5384138,257,Active,9,16,2013-11-04 00:00:06.23545,16464
5384139,258,Active,13,26,2013-11-04 00:00:06.241086,16464
5384140,259,Active,21,14,2013-11-04 00:00:06.246652,16464
5384141,260,Active,6,38,2013-11-04 00:00:06.252043,16464
5384142,261,Active,1,38,2013-11-04 00:00:06.257416,16464
5384143,262,Active,12,27,2013-11-04 00:00:06.263029,16464
5384144,263,Active,6,30,2013-11-04 00:00:06.268456,16464
5384145,264,Active,9,32,2013-11-04 00:00:06.273609,16464
5384146,265,Active,9,28,2013-11-04 00:00:06.280144,16464
5384147,266,Active,11,48,2013-11-04 00:00:06.285455,16464
5384148,267,Active,7,46,2013-11-04 00:00:06.29071,16464
5384149,268,Active,1,48,2013-11-04 00:00:06.295751,16464
5384150,269,Active,30,4,2013-11-04 00:00:06.300788,16464
5384151,270,Active,18,17,2013-11-04 00:00:06.305985,16464
5384152,271,Active,1,24,2013-11-04 00:00:06.311091,16464
5384153,272,Inactive,0,27,2013-11-04 00:00:06.31653,16464
5384154,273,Active,31,28,2013-11-04 00:00:06.321713,16464
5384155,274,Active,6,24,2013-11-04 00:00:06.326768,16464
5384156,275,Active,27,9,2013-11-04 00:00:06.33342,16464
5384157,276,Active,4,48,2013-11-04 00:00:06.339931,16464
5384158,277,Active,18,25,2013-11-04 00:00:06.345632,16464
5384159,330,Active,14,16,2013-11-04 00:00:06.35192,16464
5384160,278,Inactive,0,19,2013-11-04 00:00:06.357265,16464
5384161,279,Active,7,38,2013-11-04 00:00:06.384775,16464
5384162,280,Active,11,25,2013-11-04 00:00:06.39007,16464
5384163,281,Active,8,39,2013-11-04 00:00:06.395272,16464
5384164,282,Active,6,18,2013-11-04 00:00:06.400404,16464
5384165,283,Active,20,16,2013-11-04 00:00:06.405619,16464
5384166,284,Active,0,51,2013-11-04 00:00:06.411847,16464
5384167,285,Active,4,29,2013-11-04 00:00:06.417703,16464
5384168,286,Active,6,21,2013-11-04 00:00:06.423209,16464
5384169,287,Active,1,26,2013-11-04 00:00:06.428349,16464
5384170,288,Active,13,40,2013-11-04 00:00:06.43368,16464
5384171,289,Active,16,19,2013-11-04 00:00:06.439422,16464
5384172,290,Active,16,15,2013-11-04 00:00:06.44465,16464
5384173,291,Active,31,28,2013-11-04 00:00:06.450127,16464
5384174,292,Active,3,36,2013-11-04 00:00:06.456312,16464
5384175,293,Active,24,37,2013-11-04 00:00:06.462184,16464
5384176,294,Active,0,39,2013-11-04 00:00:06.46754,16464
5384177,295,Active,20,47,2013-11-04 00:00:06.473118,16464
5384178,296,Active,25,26,2013-11-04 00:00:06.478434,16464
5384179,297,Active,6,45,2013-11-04 00:00:06.483473,16464
5384180,298,Active,14,43,2013-11-04 00:00:06.488623,16464
5384181,299,Active,8,31,2013-11-04 00:00:06.494672,16464
5384182,300,Active,30,13,2013-11-04 00:00:06.500021,16464
5384183,301,Active,37,22,2013-11-04 00:00:06.505274,16464
5384184,302,Active,7,31,2013-11-04 00:00:06.51075,16464
5384185,303,Active,18,23,2013-11-04 00:00:06.516532,16464
5384186,305,Active,9,30,2013-11-04 00:00:06.522298,16464
5384187,306,Active,29,14,2013-11-04 00:00:06.527985,16464
5384188,307,Active,4,46,2013-11-04 00:00:06.533446,16464
5384189,308,Active,15,16,2013-11-04 00:00:06.538462,16464
5384190,309,Active,23,6,2013-11-04 00:00:06.543702,16464
5384191,310,Active,7,32,2013-11-04 00:00:06.549261,16464
5384192,311,Active,7,32,2013-11-04 00:00:06.554996,16464
5384193,312,Active,21,10,2013-11-04 00:00:06.560801,16464
5384194,313,Active,10,29,2013-11-04 00:00:06.566192,16464
5384195,314,Active,4,23,2013-11-04 00:00:06.572053,16464
5384196,315,Active,8,30,2013-11-04 00:00:06.577582,16464
5384197,316,Active,10,20,2013-11-04 00:00:06.583055,16464
5384198,317,Active,9,6,2013-11-04 00:00:06.588632,16464
5384199,318,Active,27,0,2013-11-04 00:00:06.594004,16464
5384200,319,Active,8,22,2013-11-04 00:00:06.599323,16464
5384201,320,Active,19,17,2013-11-04 00:00:06.605755,16464
5384202,321,Active,1,11,2013-11-04 00:00:06.611219,16464
5384203,322,Active,26,23,2013-11-04 00:00:06.616532,16464
5384204,332,Active,8,16,2013-11-04 00:00:06.622047,16464
5384205,327,Active,20,15,2013-11-04 00:00:06.627934,16464
5384206,328,Active,24,15,2013-11-04 00:00:06.63352,16464
5384207,331,Active,11,25,2013-11-04 00:00:06.638898,16464
5384208,323,Active,1,38,2013-11-04 00:00:06.644526,16464
5384209,324,Active,1,42,2013-11-04 00:00:06.650024,16464
5384210,329,Active,26,7,2013-11-04 00:00:06.656111,16464
5384211,325,Active,5,31,2013-11-04 00:00:06.662081,16464
5384212,326,Active,4,21,2013-11-04 00:00:06.667571,16464
5384213,1,Active,14,25,2013-11-04 00:10:06.019497,16465
5384214,2,Active,3,30,2013-11-04 00:10:06.035284,16465
5384215,3,Active,12,14,2013-11-04 00:10:06.040366,16465
5384216,4,Active,19,43,2013-11-04 00:10:06.045162,16465
5384217,5,Active,8,31,2013-11-04 00:10:06.049847,16465
5384218,6,Active,2,17,2013-11-04 00:10:06.054828,16465
5384219,7,Active,6,13,2013-11-04 00:10:06.059332,16465
5384220,8,Active,19,12,2013-11-04 00:10:06.065842,16465
5384221,9,Active,22,8,2013-11-04 00:10:06.070403,16465
5384222,10,Active,8,38,2013-11-04 00:10:06.075336,16465
5384223,11,Active,4,20,2013-11-04 00:10:06.080117,16465
5384224,12,Active,1,18,2013-11-04 00:10:06.085065,16465
5384225,13,Active,19,20,2013-11-04 00:10:06.089924,16465
5384226,14,Active,31,2,2013-11-04 00:10:06.094754,16465
5384227,15,Active,4,27,2013-11-04 00:10:06.099424,16465
5384228,16,Active,11,22,2013-11-04 00:10:06.104238,16465
5384229,17,Active,19,10,2013-11-04 00:10:06.109024,16465
5384230,18,Active,15,40,2013-11-04 00:10:06.113876,16465
5384231,19,Active,12,11,2013-11-04 00:10:06.118721,16465
5384232,20,Active,13,13,2013-11-04 00:10:06.122995,16465
5384233,21,Active,26,9,2013-11-04 00:10:06.127554,16465
5384234,22,Active,5,42,2013-11-04 00:10:06.132105,16465
5384235,23,Active,4,41,2013-11-04 00:10:06.13672,16465
5384236,24,Active,35,12,2013-11-04 00:10:06.141397,16465
5384237,25,Active,17,34,2013-11-04 00:10:06.145982,16465
5384238,26,Active,8,22,2013-11-04 00:10:06.150889,16465
5384239,27,Active,19,26,2013-11-04 00:10:06.155407,16465
5384240,28,Active,25,3,2013-11-04 00:10:06.159977,16465
5384241,29,Active,1,22,2013-11-04 00:10:06.169407,16465
5384242,30,Active,2,37,2013-11-04 00:10:06.174249,16465
5384243,31,Active,15,23,2013-11-04 00:10:06.178776,16465
5384244,32,Active,1,32,2013-11-04 00:10:06.183271,16465
5384245,33,Active,6,25,2013-11-04 00:10:06.187834,16465
5384246,34,Active,30,7,2013-11-04 00:10:06.192168,16465
5384247,35,Active,24,31,2013-11-04 00:10:06.196596,16465
5384248,36,Active,21,6,2013-11-04 00:10:06.20096,16465
5384249,37,Active,18,5,2013-11-04 00:10:06.20558,16465
5384250,38,Active,5,34,2013-11-04 00:10:06.210245,16465
5384251,39,Active,36,3,2013-11-04 00:10:06.2149,16465
5384252,40,Active,5,34,2013-11-04 00:10:06.219587,16465
5384253,41,Active,20,11,2013-11-04 00:10:06.224194,16465
5384254,42,Active,6,25,2013-11-04 00:10:06.228764,16465
5384255,43,Active,1,22,2013-11-04 00:10:06.233729,16465
5384256,44,Active,1,21,2013-11-04 00:10:06.238507,16465
5384257,45,Active,33,6,2013-11-04 00:10:06.243204,16465
5384258,46,Active,0,31,2013-11-04 00:10:06.247937,16465
5384259,47,Active,2,21,2013-11-04 00:10:06.252554,16465
5384260,48,Active,16,4,2013-11-04 00:10:06.257976,16465
5384261,49,Active,0,23,2013-11-04 00:10:06.262771,16465
5384262,50,Active,20,7,2013-11-04 00:10:06.267566,16465
5384263,51,Active,29,11,2013-11-04 00:10:06.273464,16465
5384264,52,Active,24,3,2013-11-04 00:10:06.278234,16465
5384265,53,Active,4,29,2013-11-04 00:10:06.282921,16465
5384266,54,Active,18,29,2013-11-04 00:10:06.287456,16465
5384267,55,Active,1,30,2013-11-04 00:10:06.291919,16465
5384268,56,Active,11,28,2013-11-04 00:10:06.319879,16465
5384269,57,Active,1,22,2013-11-04 00:10:06.325523,16465
5384270,58,Active,25,14,2013-11-04 00:10:06.330831,16465
5384271,59,Active,4,31,2013-11-04 00:10:06.336316,16465
5384272,60,Active,14,13,2013-11-04 00:10:06.341697,16465
5384273,61,Active,1,23,2013-11-04 00:10:06.349459,16465
5384274,62,Active,15,16,2013-11-04 00:10:06.355002,16465
5384275,63,Active,8,19,2013-11-04 00:10:06.360395,16465
5384276,64,Active,22,13,2013-11-04 00:10:06.366327,16465
5384277,65,Active,12,12,2013-11-04 00:10:06.372135,16465
5384278,66,Active,24,33,2013-11-04 00:10:06.378119,16465
5384279,67,Active,12,15,2013-11-04 00:10:06.383606,16465
5384280,68,Active,6,17,2013-11-04 00:10:06.388938,16465
5384281,69,Active,4,35,2013-11-04 00:10:06.39465,16465
5384282,70,Active,1,30,2013-11-04 00:10:06.400473,16465
5384283,71,Active,3,16,2013-11-04 00:10:06.409609,16465
5384284,72,Active,9,16,2013-11-04 00:10:06.414701,16465
5384285,73,Active,2,17,2013-11-04 00:10:06.420331,16465
5384286,74,Active,1,18,2013-11-04 00:10:06.426528,16465
5384287,75,Active,4,27,2013-11-04 00:10:06.431916,16465
5384288,76,Active,36,23,2013-11-04 00:10:06.437631,16465
5384289,77,Active,5,22,2013-11-04 00:10:06.443074,16465
5384290,78,Active,27,16,2013-11-04 00:10:06.448407,16465
5384291,79,Active,18,29,2013-11-04 00:10:06.453606,16465
5384292,80,Active,2,17,2013-11-04 00:10:06.458625,16465
5384293,81,Active,6,23,2013-11-04 00:10:06.464656,16465
5384294,82,Active,5,15,2013-11-04 00:10:06.470175,16465
5384295,83,Active,23,32,2013-11-04 00:10:06.475488,16465
5384296,84,Active,11,20,2013-11-04 00:10:06.480748,16465
5384297,85,Active,3,21,2013-11-04 00:10:06.4863,16465
5384298,86,Active,24,11,2013-11-04 00:10:06.491384,16465
5384299,87,Active,20,7,2013-11-04 00:10:06.4965,16465
5384300,88,Active,9,26,2013-11-04 00:10:06.501985,16465
5384301,89,Active,32,23,2013-11-04 00:10:06.507413,16465
5384302,90,Active,16,20,2013-11-04 00:10:06.512725,16465
5384303,91,Active,22,1,2013-11-04 00:10:06.518103,16465
5384304,92,Active,21,10,2013-11-04 00:10:06.523454,16465
5384305,93,Active,15,21,2013-11-04 00:10:06.52855,16465
5384306,94,Active,26,7,2013-11-04 00:10:06.537157,16465
5384307,95,Active,4,26,2013-11-04 00:10:06.542723,16465
5384308,96,Active,5,26,2013-11-04 00:10:06.548496,16465
5384309,97,Active,22,5,2013-11-04 00:10:06.553834,16465
5384310,98,Active,23,18,2013-11-04 00:10:06.559272,16465
5384311,99,Active,22,13,2013-11-04 00:10:06.564721,16465
5384312,100,Active,23,7,2013-11-04 00:10:06.570233,16465
5384313,101,Active,17,14,2013-11-04 00:10:06.576187,16465
5384314,102,Active,21,2,2013-11-04 00:10:06.581437,16465
5384315,103,Active,1,38,2013-11-04 00:10:06.586674,16465
5384316,104,Active,1,28,2013-11-04 00:10:06.592061,16465
5384317,105,Active,5,38,2013-11-04 00:10:06.598435,16465
5384318,106,Active,10,17,2013-11-04 00:10:06.604216,16465
5384319,107,Active,0,31,2013-11-04 00:10:06.610268,16465
5384320,108,Active,26,9,2013-11-04 00:10:06.616573,16465
5384321,109,Active,7,32,2013-11-04 00:10:06.622471,16465
5384322,110,Active,20,7,2013-11-04 00:10:06.627878,16465
5384323,111,Active,11,20,2013-11-04 00:10:06.632764,16465
5384324,112,Active,7,32,2013-11-04 00:10:06.661554,16465
5384325,113,Active,45,6,2013-11-04 00:10:06.667814,16465
5384326,114,Active,27,8,2013-11-04 00:10:06.673022,16465
5384327,115,Active,10,17,2013-11-04 00:10:06.678236,16465
5384328,116,Active,32,7,2013-11-04 00:10:06.685467,16465
5384329,117,Active,12,11,2013-11-04 00:10:06.691012,16465
5384330,118,Active,17,14,2013-11-04 00:10:06.69635,16465
5384331,119,Active,18,21,2013-11-04 00:10:06.701669,16465
5384332,120,Active,11,16,2013-11-04 00:10:06.707024,16465
5384333,121,Active,6,18,2013-11-04 00:10:06.712257,16465
5384334,122,Active,6,25,2013-11-04 00:10:06.71812,16465
5384335,123,Active,23,4,2013-11-04 00:10:06.724366,16465
5384336,124,Active,7,29,2013-11-04 00:10:06.730087,16465
5384337,125,Active,10,27,2013-11-04 00:10:06.735282,16465
5384338,126,Active,18,6,2013-11-04 00:10:06.740521,16465
5384339,127,Active,5,22,2013-11-04 00:10:06.746105,16465
5384340,128,Active,11,8,2013-11-04 00:10:06.75213,16465
5384341,129,Active,9,20,2013-11-04 00:10:06.75785,16465
5384342,130,Active,18,5,2013-11-04 00:10:06.763406,16465
5384343,131,Active,1,22,2013-11-04 00:10:06.76871,16465
5384344,132,Active,25,10,2013-11-04 00:10:06.773815,16465
5384345,133,Active,24,3,2013-11-04 00:10:06.779558,16465
5384346,134,Active,12,23,2013-11-04 00:10:06.78636,16465
5384347,135,Active,20,22,2013-11-04 00:10:06.79167,16465
5384348,136,Active,8,15,2013-11-04 00:10:06.797228,16465
5384349,137,Active,8,20,2013-11-04 00:10:06.802802,16465
5384350,138,Active,8,31,2013-11-04 00:10:06.809056,16465
5384351,139,Active,23,13,2013-11-04 00:10:06.814609,16465
5384352,140,Active,4,23,2013-11-04 00:10:06.819856,16465
5384353,141,Active,2,29,2013-11-04 00:10:06.825261,16465
5384354,142,Active,37,6,2013-11-04 00:10:06.830849,16465
5384355,143,Active,9,14,2013-11-04 00:10:06.836138,16465
5384356,144,Active,14,13,2013-11-04 00:10:06.841337,16465
5384357,145,Active,4,32,2013-11-04 00:10:06.846401,16465
5384358,146,Active,26,29,2013-11-04 00:10:06.851704,16465
5384359,147,Active,9,30,2013-11-04 00:10:06.857515,16465
5384360,148,Active,23,20,2013-11-04 00:10:06.862974,16465
5384361,149,Active,28,29,2013-11-04 00:10:06.868168,16465
5384362,150,Active,9,40,2013-11-04 00:10:06.873752,16465
5384363,151,Active,5,22,2013-11-04 00:10:06.879153,16465
5384364,152,Active,6,25,2013-11-04 00:10:06.884325,16465
5384365,153,Active,5,28,2013-11-04 00:10:06.889963,16465
5384366,154,Active,3,31,2013-11-04 00:10:06.895455,16465
5384367,155,Active,4,35,2013-11-04 00:10:06.901063,16465
5384368,156,Active,15,20,2013-11-04 00:10:06.906446,16465
5384369,157,Active,9,18,2013-11-04 00:10:06.911689,16465
5384370,158,Active,9,10,2013-11-04 00:10:06.917426,16465
5384371,159,Active,25,5,2013-11-04 00:10:06.922628,16465
5384372,160,Active,11,32,2013-11-04 00:10:06.928069,16465
5384373,161,Active,15,32,2013-11-04 00:10:06.937529,16465
5384374,162,Active,5,37,2013-11-04 00:10:06.94307,16465
5384375,163,Active,33,6,2013-11-04 00:10:06.948674,16465
5384376,164,Active,35,1,2013-11-04 00:10:06.954388,16465
5384377,165,Active,7,32,2013-11-04 00:10:06.959791,16465
5384378,166,Active,8,23,2013-11-04 00:10:06.965623,16465
5384379,167,Active,9,20,2013-11-04 00:10:06.971076,16465
5384380,168,Active,1,42,2013-11-04 00:10:06.998591,16465
5384381,169,Active,1,38,2013-11-04 00:10:07.004566,16465
5384382,170,Active,19,16,2013-11-04 00:10:07.011136,16465
5384383,171,Active,8,19,2013-11-04 00:10:07.016635,16465
5384384,172,Active,0,31,2013-11-04 00:10:07.022434,16465
5384385,173,Active,1,30,2013-11-04 00:10:07.028304,16465
5384386,174,Active,30,2,2013-11-04 00:10:07.033522,16465
5384387,175,Active,1,30,2013-11-04 00:10:07.039052,16465
5384388,176,Active,12,24,2013-11-04 00:10:07.044428,16465
5384389,177,Active,14,16,2013-11-04 00:10:07.04982,16465
5384390,178,Active,5,20,2013-11-04 00:10:07.055225,16465
5384391,179,Active,5,22,2013-11-04 00:10:07.060409,16465
5384392,180,Active,6,25,2013-11-04 00:10:07.066087,16465
5384393,181,Active,1,26,2013-11-04 00:10:07.071313,16465
5384394,182,Active,11,4,2013-11-04 00:10:07.076493,16465
5384395,183,Active,5,37,2013-11-04 00:10:07.085729,16465
5384396,184,Active,27,15,2013-11-04 00:10:07.091002,16465
5384397,185,Active,25,6,2013-11-04 00:10:07.096149,16465
5384398,186,Active,34,5,2013-11-04 00:10:07.101506,16465
5384399,187,Active,9,31,2013-11-04 00:10:07.106765,16465
5384400,188,Active,7,27,2013-11-04 00:10:07.112243,16465
5384401,189,Active,1,42,2013-11-04 00:10:07.117796,16465
5384402,190,Active,19,4,2013-11-04 00:10:07.123079,16465
5384403,191,Active,11,8,2013-11-04 00:10:07.129409,16465
5384404,192,Active,6,29,2013-11-04 00:10:07.135624,16465
5384405,193,Active,12,11,2013-11-04 00:10:07.141633,16465
5384406,194,Active,20,9,2013-11-04 00:10:07.148363,16465
5384407,195,Active,12,12,2013-11-04 00:10:07.155268,16465
5384408,196,Active,8,34,2013-11-04 00:10:07.162533,16465
5384409,197,Active,0,31,2013-11-04 00:10:07.167721,16465
5384410,198,Active,18,29,2013-11-04 00:10:07.172992,16465
5384411,199,Active,4,19,2013-11-04 00:10:07.178231,16465
5384412,200,Active,0,23,2013-11-04 00:10:07.183691,16465
5384413,201,Active,1,22,2013-11-04 00:10:07.18904,16465
5384414,202,Active,1,18,2013-11-04 00:10:07.194175,16465
5384415,203,Active,16,39,2013-11-04 00:10:07.199509,16465
5384416,204,Active,0,39,2013-11-04 00:10:07.204638,16465
5384417,205,Active,22,9,2013-11-04 00:10:07.211893,16465
5384418,206,Active,9,50,2013-11-04 00:10:07.217226,16465
5384419,207,Active,19,12,2013-11-04 00:10:07.222596,16465
5384420,208,Active,1,26,2013-11-04 00:10:07.228001,16465
5384421,209,Active,10,20,2013-11-04 00:10:07.234313,16465
5384422,210,Active,15,16,2013-11-04 00:10:07.239721,16465
5384423,211,Active,1,38,2013-11-04 00:10:07.245133,16465
5384424,212,Active,22,5,2013-11-04 00:10:07.250962,16465
5384425,213,Active,20,27,2013-11-04 00:10:07.256089,16465
5384426,214,Active,1,26,2013-11-04 00:10:07.261781,16465
5384427,215,Active,0,27,2013-11-04 00:10:07.267223,16465
5384428,216,Active,22,5,2013-11-04 00:10:07.272711,16465
5384429,217,Active,21,18,2013-11-04 00:10:07.278233,16465
5384430,218,Active,13,19,2013-11-04 00:10:07.283747,16465
5384431,219,Active,16,19,2013-11-04 00:10:07.28923,16465
5384432,220,Active,2,49,2013-11-04 00:10:07.29501,16465
5384433,221,Active,2,21,2013-11-04 00:10:07.300414,16465
5384434,222,Active,16,36,2013-11-04 00:10:07.306735,16465
5384435,223,Active,19,17,2013-11-04 00:10:07.312767,16465
5384436,224,Active,22,17,2013-11-04 00:10:07.342623,16465
5384437,225,Active,3,28,2013-11-04 00:10:07.349007,16465
5384438,226,Active,8,23,2013-11-04 00:10:07.355023,16465
5384439,227,Active,0,31,2013-11-04 00:10:07.360881,16465
5384440,228,Active,7,52,2013-11-04 00:10:07.369802,16465
5384441,229,Active,28,11,2013-11-04 00:10:07.377996,16465
5384442,230,Active,12,23,2013-11-04 00:10:07.383358,16465
5384443,231,Active,6,33,2013-11-04 00:10:07.388577,16465
5384444,232,Active,13,22,2013-11-04 00:10:07.39384,16465
5384445,233,Active,43,16,2013-11-04 00:10:07.399714,16465
5384446,234,Active,6,25,2013-11-04 00:10:07.405331,16465
5384447,235,Active,12,9,2013-11-04 00:10:07.41071,16465
5384448,236,Active,12,11,2013-11-04 00:10:07.415984,16465
5384449,237,Inactive,0,39,2013-11-04 00:10:07.421442,16465
5384450,238,Active,38,9,2013-11-04 00:10:07.429721,16465
5384451,239,Active,23,2,2013-11-04 00:10:07.435101,16465
5384452,240,Active,28,31,2013-11-04 00:10:07.440503,16465
5384453,241,Active,12,27,2013-11-04 00:10:07.446154,16465
5384454,242,Active,26,9,2013-11-04 00:10:07.451675,16465
5384455,243,Active,17,17,2013-11-04 00:10:07.457729,16465
5384456,244,Active,17,42,2013-11-04 00:10:07.463181,16465
5384457,245,Active,7,50,2013-11-04 00:10:07.468743,16465
5384458,246,Active,13,24,2013-11-04 00:10:07.474385,16465
5384459,247,Active,7,20,2013-11-04 00:10:07.480019,16465
5384460,248,Active,8,33,2013-11-04 00:10:07.486147,16465
5384461,249,Active,23,19,2013-11-04 00:10:07.491978,16465
5384462,250,Active,11,36,2013-11-04 00:10:07.497321,16465
5384463,251,Active,31,6,2013-11-04 00:10:07.502925,16465
5384464,252,Active,9,37,2013-11-04 00:10:07.508456,16465
5384465,253,Active,6,53,2013-11-04 00:10:07.513492,16465
5384466,254,Active,1,23,2013-11-04 00:10:07.518889,16465
5384467,255,Active,10,21,2013-11-04 00:10:07.524109,16465
5384468,256,Active,13,14,2013-11-04 00:10:07.5294,16465
5384469,257,Active,9,16,2013-11-04 00:10:07.537481,16465
5384470,258,Active,11,28,2013-11-04 00:10:07.543226,16465
5384471,259,Active,20,15,2013-11-04 00:10:07.548493,16465
5384472,260,Active,6,38,2013-11-04 00:10:07.55453,16465
5384473,261,Active,2,37,2013-11-04 00:10:07.560216,16465
5384474,262,Active,11,28,2013-11-04 00:10:07.565606,16465
5384475,263,Active,8,28,2013-11-04 00:10:07.571336,16465
5384476,264,Active,9,32,2013-11-04 00:10:07.576835,16465
5384477,265,Active,10,27,2013-11-04 00:10:07.582538,16465
5384478,266,Active,12,47,2013-11-04 00:10:07.588037,16465
5384479,267,Active,8,45,2013-11-04 00:10:07.594041,16465
5384480,268,Active,1,48,2013-11-04 00:10:07.599706,16465
5384481,269,Active,30,4,2013-11-04 00:10:07.606426,16465
5384482,270,Active,19,16,2013-11-04 00:10:07.612072,16465
5384483,271,Active,1,24,2013-11-04 00:10:07.618287,16465
5384484,272,Inactive,0,27,2013-11-04 00:10:07.624072,16465
5384485,273,Active,33,26,2013-11-04 00:10:07.63025,16465
5384486,274,Active,10,20,2013-11-04 00:10:07.635973,16465
5384487,275,Active,26,10,2013-11-04 00:10:07.641359,16465
5384488,276,Active,4,48,2013-11-04 00:10:07.647354,16465
5384489,277,Active,20,23,2013-11-04 00:10:07.653084,16465
5384490,330,Active,14,16,2013-11-04 00:10:07.658426,16465
5384491,278,Inactive,0,19,2013-11-04 00:10:07.666039,16465
5384492,279,Active,7,38,2013-11-04 00:10:07.696276,16465
5384493,280,Active,12,24,2013-11-04 00:10:07.701738,16465
5384494,281,Active,8,39,2013-11-04 00:10:07.707497,16465
5384495,282,Active,5,19,2013-11-04 00:10:07.714286,16465
5384496,283,Active,19,17,2013-11-04 00:10:07.720116,16465
5384497,284,Active,2,49,2013-11-04 00:10:07.726405,16465
5384498,285,Active,2,31,2013-11-04 00:10:07.732438,16465
5384499,286,Active,6,21,2013-11-04 00:10:07.738248,16465
5384500,287,Active,2,25,2013-11-04 00:10:07.743529,16465
5384501,288,Active,13,40,2013-11-04 00:10:07.748796,16465
5384502,289,Active,17,18,2013-11-04 00:10:07.754058,16465
5384503,290,Active,16,15,2013-11-04 00:10:07.759204,16465
5384504,291,Active,31,28,2013-11-04 00:10:07.764449,16465
5384505,292,Active,2,37,2013-11-04 00:10:07.769846,16465
5384506,293,Active,23,38,2013-11-04 00:10:07.775082,16465
5384507,294,Active,0,39,2013-11-04 00:10:07.780444,16465
5384508,295,Active,18,49,2013-11-04 00:10:07.786249,16465
5384509,296,Active,25,26,2013-11-04 00:10:07.791625,16465
5384510,297,Active,5,46,2013-11-04 00:10:07.797848,16465
5384511,298,Active,14,43,2013-11-04 00:10:07.804125,16465
5384512,299,Active,10,29,2013-11-04 00:10:07.810224,16465
5384513,300,Active,29,14,2013-11-04 00:10:07.817945,16465
5384514,301,Active,38,21,2013-11-04 00:10:07.824305,16465
5384515,302,Active,7,31,2013-11-04 00:10:07.830662,16465
5384516,303,Active,18,23,2013-11-04 00:10:07.836314,16465
5384517,305,Active,5,34,2013-11-04 00:10:07.841687,16465
5384518,306,Active,30,13,2013-11-04 00:10:07.847862,16465
5384519,307,Active,3,47,2013-11-04 00:10:07.853379,16465
5384520,308,Active,14,17,2013-11-04 00:10:07.859557,16465
5384521,309,Active,23,6,2013-11-04 00:10:07.865244,16465
5384522,310,Active,7,32,2013-11-04 00:10:07.871172,16465
5384523,311,Active,6,33,2013-11-04 00:10:07.877135,16465
5384524,312,Active,21,10,2013-11-04 00:10:07.883305,16465
5384525,313,Active,11,28,2013-11-04 00:10:07.888957,16465
5384526,314,Active,4,23,2013-11-04 00:10:07.894652,16465
5384527,315,Active,7,31,2013-11-04 00:10:07.900517,16465
5384528,316,Active,10,20,2013-11-04 00:10:07.906589,16465
5384529,317,Active,9,6,2013-11-04 00:10:07.912851,16465
5384530,318,Active,27,0,2013-11-04 00:10:07.918805,16465
5384531,319,Active,11,19,2013-11-04 00:10:07.924587,16465
5384532,320,Active,19,17,2013-11-04 00:10:07.930326,16465
5384533,321,Active,1,11,2013-11-04 00:10:07.937035,16465
5384534,322,Active,25,24,2013-11-04 00:10:07.943804,16465
5384535,332,Active,8,16,2013-11-04 00:10:07.949652,16465
5384536,327,Active,21,14,2013-11-04 00:10:07.958197,16465
5384537,328,Active,24,15,2013-11-04 00:10:07.963539,16465
5384538,331,Active,10,26,2013-11-04 00:10:07.969165,16465
5384539,323,Active,1,38,2013-11-04 00:10:07.974844,16465
5384540,324,Active,2,41,2013-11-04 00:10:07.980689,16465
5384541,329,Active,26,7,2013-11-04 00:10:07.986157,16465
5384542,325,Active,5,31,2013-11-04 00:10:07.992212,16465
5384543,326,Active,4,21,2013-11-04 00:10:07.998062,16465
5384544,1,Active,15,24,2013-11-04 00:20:05.35406,16466
5384545,2,Active,2,31,2013-11-04 00:20:05.363645,16466
5384546,3,Active,13,13,2013-11-04 00:20:05.368795,16466
5384547,4,Active,19,43,2013-11-04 00:20:05.373532,16466
5384548,5,Active,9,30,2013-11-04 00:20:05.379267,16466
5384549,6,Active,2,17,2013-11-04 00:20:05.385005,16466
5384550,7,Active,6,13,2013-11-04 00:20:05.390028,16466
5384551,8,Active,19,12,2013-11-04 00:20:05.395166,16466
5384552,9,Active,21,9,2013-11-04 00:20:05.400399,16466
5384553,10,Active,7,39,2013-11-04 00:20:05.40515,16466
5384554,11,Active,5,19,2013-11-04 00:20:05.410573,16466
5384555,12,Active,1,18,2013-11-04 00:20:05.415891,16466
5384556,13,Active,18,21,2013-11-04 00:20:05.420614,16466
5384557,14,Active,33,0,2013-11-04 00:20:05.425069,16466
5384558,15,Active,6,25,2013-11-04 00:20:05.429727,16466
5384559,16,Active,12,21,2013-11-04 00:20:05.434203,16466
5384560,17,Active,19,10,2013-11-04 00:20:05.441086,16466
5384561,18,Active,15,40,2013-11-04 00:20:05.445911,16466
5384562,19,Active,12,11,2013-11-04 00:20:05.45042,16466
5384563,20,Active,12,14,2013-11-04 00:20:05.454866,16466
5384564,21,Active,25,10,2013-11-04 00:20:05.459446,16466
5384565,22,Active,6,41,2013-11-04 00:20:05.464081,16466
5384566,23,Active,5,40,2013-11-04 00:20:05.468788,16466
5384567,24,Active,36,11,2013-11-04 00:20:05.474014,16466
5384568,25,Active,17,34,2013-11-04 00:20:05.478976,16466
5384569,26,Active,8,22,2013-11-04 00:20:05.484084,16466
5384570,27,Active,19,26,2013-11-04 00:20:05.4896,16466
5384571,28,Active,25,3,2013-11-04 00:20:05.494872,16466
5384572,29,Active,1,22,2013-11-04 00:20:05.500088,16466
5384573,30,Active,1,38,2013-11-04 00:20:05.504809,16466
5384574,31,Active,16,22,2013-11-04 00:20:05.510023,16466
5384575,32,Active,1,32,2013-11-04 00:20:05.516379,16466
5384576,33,Active,6,25,2013-11-04 00:20:05.521211,16466
5384577,34,Active,31,6,2013-11-04 00:20:05.525968,16466
5384578,35,Active,23,32,2013-11-04 00:20:05.530729,16466
5384579,36,Active,21,6,2013-11-04 00:20:05.535556,16466
5384580,37,Active,17,6,2013-11-04 00:20:05.540264,16466
5384581,38,Active,5,34,2013-11-04 00:20:05.545306,16466
5384582,39,Active,38,1,2013-11-04 00:20:05.551084,16466
5384583,40,Active,7,32,2013-11-04 00:20:05.557145,16466
5384584,41,Active,19,12,2013-11-04 00:20:05.562388,16466
5384585,42,Active,6,25,2013-11-04 00:20:05.567102,16466
5384586,43,Active,1,22,2013-11-04 00:20:05.571892,16466
5384587,44,Active,1,21,2013-11-04 00:20:05.582986,16466
5384588,45,Active,33,6,2013-11-04 00:20:05.588999,16466
5384589,46,Active,0,31,2013-11-04 00:20:05.593808,16466
5384590,47,Active,2,21,2013-11-04 00:20:05.598544,16466
5384591,48,Active,16,4,2013-11-04 00:20:05.603329,16466
5384592,49,Active,0,23,2013-11-04 00:20:05.607686,16466
5384593,50,Active,18,9,2013-11-04 00:20:05.61273,16466
5384594,51,Active,29,11,2013-11-04 00:20:05.617816,16466
5384595,52,Active,25,2,2013-11-04 00:20:05.651751,16466
5384596,53,Active,3,30,2013-11-04 00:20:05.656866,16466
5384597,54,Active,19,28,2013-11-04 00:20:05.662627,16466
5384598,55,Active,2,29,2013-11-04 00:20:05.66755,16466
5384599,56,Active,13,26,2013-11-04 00:20:05.697563,16466
5384600,57,Active,1,22,2013-11-04 00:20:05.730841,16466
5384601,58,Active,25,14,2013-11-04 00:20:05.736831,16466
5384602,59,Active,4,31,2013-11-04 00:20:05.74248,16466
5384603,60,Active,14,13,2013-11-04 00:20:05.747799,16466
5384604,61,Active,1,23,2013-11-04 00:20:05.753494,16466
5384605,62,Active,15,16,2013-11-04 00:20:05.759235,16466
5384606,63,Active,8,19,2013-11-04 00:20:05.765486,16466
5384607,64,Active,24,11,2013-11-04 00:20:05.770955,16466
5384608,65,Active,12,12,2013-11-04 00:20:05.776417,16466
5384609,66,Active,23,34,2013-11-04 00:20:05.785587,16466
5384610,67,Active,12,15,2013-11-04 00:20:05.790807,16466
5384611,68,Active,6,17,2013-11-04 00:20:05.796418,16466
5384612,69,Active,4,35,2013-11-04 00:20:05.801908,16466
5384613,70,Active,1,30,2013-11-04 00:20:05.807781,16466
5384614,71,Active,3,16,2013-11-04 00:20:05.813624,16466
5384615,72,Active,10,15,2013-11-04 00:20:05.819324,16466
5384616,73,Active,2,17,2013-11-04 00:20:05.824415,16466
5384617,74,Active,1,18,2013-11-04 00:20:05.830069,16466
5384618,75,Active,3,28,2013-11-04 00:20:05.836077,16466
5384619,76,Active,36,23,2013-11-04 00:20:05.842224,16466
5384620,77,Active,5,22,2013-11-04 00:20:05.847447,16466
5384621,78,Active,25,18,2013-11-04 00:20:05.853745,16466
5384622,79,Active,20,27,2013-11-04 00:20:05.85956,16466
5384623,80,Active,2,17,2013-11-04 00:20:05.865534,16466
5384624,81,Active,6,23,2013-11-04 00:20:05.871707,16466
5384625,82,Active,6,14,2013-11-04 00:20:05.877951,16466
5384626,83,Active,25,30,2013-11-04 00:20:05.884084,16466
5384627,84,Active,10,21,2013-11-04 00:20:05.889503,16466
5384628,85,Active,4,20,2013-11-04 00:20:05.895852,16466
5384629,86,Active,25,10,2013-11-04 00:20:05.902096,16466
5384630,87,Active,20,7,2013-11-04 00:20:05.907819,16466
5384631,88,Active,8,27,2013-11-04 00:20:05.913325,16466
5384632,89,Active,33,22,2013-11-04 00:20:05.918876,16466
5384633,90,Active,16,20,2013-11-04 00:20:05.924045,16466
5384634,91,Active,22,1,2013-11-04 00:20:05.930427,16466
5384635,92,Active,21,10,2013-11-04 00:20:05.935676,16466
5384636,93,Active,15,21,2013-11-04 00:20:05.940934,16466
5384637,94,Active,25,8,2013-11-04 00:20:05.946661,16466
5384638,95,Active,4,26,2013-11-04 00:20:05.952125,16466
5384639,96,Active,6,25,2013-11-04 00:20:05.95842,16466
5384640,97,Active,22,5,2013-11-04 00:20:05.964748,16466
5384641,98,Active,24,17,2013-11-04 00:20:05.971025,16466
5384642,99,Active,21,14,2013-11-04 00:20:05.97769,16466
5384643,100,Active,23,7,2013-11-04 00:20:05.983189,16466
5384644,101,Active,18,13,2013-11-04 00:20:05.988534,16466
5384645,102,Active,21,2,2013-11-04 00:20:05.99439,16466
5384646,103,Active,1,38,2013-11-04 00:20:05.999955,16466
5384647,104,Active,1,28,2013-11-04 00:20:06.005351,16466
5384648,105,Active,3,40,2013-11-04 00:20:06.010997,16466
5384649,106,Active,14,13,2013-11-04 00:20:06.016405,16466
5384650,107,Active,0,31,2013-11-04 00:20:06.021734,16466
5384651,108,Active,26,9,2013-11-04 00:20:06.02763,16466
5384652,109,Active,7,32,2013-11-04 00:20:06.033616,16466
5384653,110,Active,20,7,2013-11-04 00:20:06.039224,16466
5384654,111,Active,11,20,2013-11-04 00:20:06.045081,16466
5384655,112,Active,9,30,2013-11-04 00:20:06.07395,16466
5384656,113,Active,45,6,2013-11-04 00:20:06.082012,16466
5384657,114,Active,29,6,2013-11-04 00:20:06.087827,16466
5384658,115,Active,7,20,2013-11-04 00:20:06.093238,16466
5384659,116,Active,32,7,2013-11-04 00:20:06.098609,16466
5384660,117,Active,15,8,2013-11-04 00:20:06.106214,16466
5384661,118,Active,16,15,2013-11-04 00:20:06.11187,16466
5384662,119,Active,18,21,2013-11-04 00:20:06.118178,16466
5384663,120,Active,13,14,2013-11-04 00:20:06.123372,16466
5384664,121,Active,6,18,2013-11-04 00:20:06.128753,16466
5384665,122,Active,6,25,2013-11-04 00:20:06.1345,16466
5384666,123,Active,22,5,2013-11-04 00:20:06.140336,16466
5384667,124,Active,9,27,2013-11-04 00:20:06.145487,16466
5384668,125,Active,10,27,2013-11-04 00:20:06.150987,16466
5384669,126,Active,18,6,2013-11-04 00:20:06.156247,16466
5384670,127,Active,3,24,2013-11-04 00:20:06.161433,16466
5384671,128,Active,11,8,2013-11-04 00:20:06.166771,16466
5384672,129,Active,9,20,2013-11-04 00:20:06.172233,16466
5384673,130,Active,18,5,2013-11-04 00:20:06.177656,16466
5384674,131,Active,1,22,2013-11-04 00:20:06.183317,16466
5384675,132,Active,26,9,2013-11-04 00:20:06.189584,16466
5384676,133,Active,24,3,2013-11-04 00:20:06.195153,16466
5384677,134,Active,13,22,2013-11-04 00:20:06.200429,16466
5384678,135,Active,19,23,2013-11-04 00:20:06.205714,16466
5384679,136,Active,8,15,2013-11-04 00:20:06.211677,16466
5384680,137,Active,7,21,2013-11-04 00:20:06.21729,16466
5384681,138,Active,8,31,2013-11-04 00:20:06.222364,16466
5384682,139,Active,22,14,2013-11-04 00:20:06.228033,16466
5384683,140,Active,5,22,2013-11-04 00:20:06.233628,16466
5384684,141,Active,2,29,2013-11-04 00:20:06.239069,16466
5384685,142,Active,38,5,2013-11-04 00:20:06.245092,16466
5384686,143,Active,9,14,2013-11-04 00:20:06.251104,16466
5384687,144,Active,13,14,2013-11-04 00:20:06.256435,16466
5384688,145,Active,4,32,2013-11-04 00:20:06.261752,16466
5384689,146,Active,26,29,2013-11-04 00:20:06.267042,16466
5384690,147,Active,9,30,2013-11-04 00:20:06.273363,16466
5384691,148,Active,24,19,2013-11-04 00:20:06.2791,16466
5384692,149,Active,29,28,2013-11-04 00:20:06.284718,16466
5384693,150,Active,9,40,2013-11-04 00:20:06.290772,16466
5384694,151,Active,5,22,2013-11-04 00:20:06.296466,16466
5384695,152,Active,6,25,2013-11-04 00:20:06.30234,16466
5384696,153,Active,6,27,2013-11-04 00:20:06.307809,16466
5384697,154,Active,3,31,2013-11-04 00:20:06.317795,16466
5384698,155,Active,2,37,2013-11-04 00:20:06.324039,16466
5384699,156,Active,13,22,2013-11-04 00:20:06.329531,16466
5384700,157,Active,9,18,2013-11-04 00:20:06.335033,16466
5384701,158,Active,9,10,2013-11-04 00:20:06.341492,16466
5384702,159,Active,25,5,2013-11-04 00:20:06.347147,16466
5384703,160,Active,11,32,2013-11-04 00:20:06.352586,16466
5384704,161,Active,16,31,2013-11-04 00:20:06.357998,16466
5384705,162,Active,5,37,2013-11-04 00:20:06.363309,16466
5384706,163,Active,32,7,2013-11-04 00:20:06.369082,16466
5384707,164,Active,34,2,2013-11-04 00:20:06.374745,16466
5384708,165,Active,7,32,2013-11-04 00:20:06.379933,16466
5384709,166,Active,8,23,2013-11-04 00:20:06.385449,16466
5384710,167,Active,10,19,2013-11-04 00:20:06.390682,16466
5384711,168,Active,1,42,2013-11-04 00:20:06.419155,16466
5384712,169,Active,2,37,2013-11-04 00:20:06.426996,16466
5384713,170,Active,18,17,2013-11-04 00:20:06.432439,16466
5384714,171,Active,8,19,2013-11-04 00:20:06.437652,16466
5384715,172,Active,0,31,2013-11-04 00:20:06.443303,16466
5384716,173,Active,1,30,2013-11-04 00:20:06.448435,16466
5384717,174,Active,30,2,2013-11-04 00:20:06.453744,16466
5384718,175,Active,0,31,2013-11-04 00:20:06.459815,16466
5384719,176,Active,12,24,2013-11-04 00:20:06.465191,16466
5384720,177,Active,14,16,2013-11-04 00:20:06.470564,16466
5384721,178,Active,5,20,2013-11-04 00:20:06.475934,16466
5384722,179,Active,5,22,2013-11-04 00:20:06.481063,16466
5384723,180,Active,6,25,2013-11-04 00:20:06.486535,16466
5384724,181,Active,1,26,2013-11-04 00:20:06.492009,16466
5384725,182,Active,11,4,2013-11-04 00:20:06.4972,16466
5384726,183,Active,5,37,2013-11-04 00:20:06.502849,16466
5384727,184,Active,25,17,2013-11-04 00:20:06.508527,16466
5384728,185,Active,28,3,2013-11-04 00:20:06.514106,16466
5384729,186,Active,34,5,2013-11-04 00:20:06.519723,16466
5384730,187,Active,9,31,2013-11-04 00:20:06.525229,16466
5384731,188,Active,7,27,2013-11-04 00:20:06.530672,16466
5384732,189,Active,1,42,2013-11-04 00:20:06.535879,16466
5384733,190,Active,18,5,2013-11-04 00:20:06.54259,16466
5384734,191,Active,11,8,2013-11-04 00:20:06.5484,16466
5384735,192,Active,8,27,2013-11-04 00:20:06.556067,16466
5384736,193,Active,13,10,2013-11-04 00:20:06.561621,16466
5384737,194,Active,20,9,2013-11-04 00:20:06.567665,16466
5384738,195,Active,15,9,2013-11-04 00:20:06.573615,16466
5384739,196,Active,9,33,2013-11-04 00:20:06.579082,16466
5384740,197,Active,0,31,2013-11-04 00:20:06.584627,16466
5384741,198,Active,18,29,2013-11-04 00:20:06.590189,16466
5384742,199,Active,4,19,2013-11-04 00:20:06.595465,16466
5384743,200,Active,0,23,2013-11-04 00:20:06.601466,16466
5384744,201,Active,0,23,2013-11-04 00:20:06.607446,16466
5384745,202,Active,1,18,2013-11-04 00:20:06.613404,16466
5384746,203,Active,16,39,2013-11-04 00:20:06.619838,16466
5384747,204,Active,0,39,2013-11-04 00:20:06.625674,16466
5384748,205,Active,22,9,2013-11-04 00:20:06.631683,16466
5384749,206,Active,9,50,2013-11-04 00:20:06.638334,16466
5384750,207,Active,18,13,2013-11-04 00:20:06.643911,16466
5384751,208,Active,1,26,2013-11-04 00:20:06.6502,16466
5384752,209,Active,10,20,2013-11-04 00:20:06.655739,16466
5384753,210,Active,15,16,2013-11-04 00:20:06.66135,16466
5384754,211,Active,4,35,2013-11-04 00:20:06.666902,16466
5384755,212,Active,23,4,2013-11-04 00:20:06.672409,16466
5384756,213,Active,17,30,2013-11-04 00:20:06.678061,16466
5384757,214,Active,0,27,2013-11-04 00:20:06.684239,16466
5384758,215,Active,1,26,2013-11-04 00:20:06.689654,16466
5384759,216,Active,24,3,2013-11-04 00:20:06.695923,16466
5384760,217,Active,22,17,2013-11-04 00:20:06.701558,16466
5384761,218,Active,12,20,2013-11-04 00:20:06.707573,16466
5384762,219,Active,15,20,2013-11-04 00:20:06.713287,16466
5384763,220,Active,2,49,2013-11-04 00:20:06.71853,16466
5384764,221,Active,2,21,2013-11-04 00:20:06.753256,16466
5384765,222,Active,15,37,2013-11-04 00:20:06.759787,16466
5384766,223,Active,19,17,2013-11-04 00:20:06.765593,16466
5384767,224,Active,21,18,2013-11-04 00:20:06.796465,16466
5384768,225,Active,4,27,2013-11-04 00:20:06.826082,16466
5384769,226,Active,7,24,2013-11-04 00:20:06.832484,16466
5384770,227,Active,0,31,2013-11-04 00:20:06.839594,16466
5384771,228,Active,8,51,2013-11-04 00:20:06.845729,16466
5384772,229,Active,28,11,2013-11-04 00:20:06.853976,16466
5384773,230,Active,13,22,2013-11-04 00:20:06.859461,16466
5384774,231,Active,6,33,2013-11-04 00:20:06.866632,16466
5384775,232,Active,13,22,2013-11-04 00:20:06.872912,16466
5384776,233,Active,41,18,2013-11-04 00:20:06.878565,16466
5384777,234,Active,6,25,2013-11-04 00:20:06.884042,16466
5384778,235,Active,13,8,2013-11-04 00:20:06.890672,16466
5384779,236,Active,12,11,2013-11-04 00:20:06.896989,16466
5384780,237,Inactive,0,39,2013-11-04 00:20:06.903983,16466
5384781,238,Active,35,12,2013-11-04 00:20:06.912248,16466
5384782,239,Active,23,2,2013-11-04 00:20:06.920372,16466
5384783,240,Active,28,31,2013-11-04 00:20:06.928133,16466
5384784,241,Active,11,28,2013-11-04 00:20:06.934521,16466
5384785,242,Active,26,9,2013-11-04 00:20:06.941746,16466
5384786,243,Active,17,17,2013-11-04 00:20:06.948123,16466
5384787,244,Active,15,44,2013-11-04 00:20:06.954629,16466
5384788,245,Active,7,50,2013-11-04 00:20:06.960789,16466
5384789,246,Active,14,23,2013-11-04 00:20:06.966391,16466
5384790,247,Active,7,20,2013-11-04 00:20:06.971632,16466
5384791,248,Active,7,34,2013-11-04 00:20:06.97706,16466
5384792,249,Active,24,18,2013-11-04 00:20:06.982795,16466
5384793,250,Active,11,36,2013-11-04 00:20:06.988048,16466
5384794,251,Active,29,8,2013-11-04 00:20:06.993046,16466
5384795,252,Active,9,37,2013-11-04 00:20:06.999844,16466
5384796,253,Active,6,53,2013-11-04 00:20:07.006001,16466
5384797,254,Active,2,22,2013-11-04 00:20:07.01175,16466
5384798,255,Active,10,21,2013-11-04 00:20:07.017379,16466
5384799,256,Active,13,14,2013-11-04 00:20:07.023091,16466
5384800,257,Active,9,16,2013-11-04 00:20:07.028439,16466
5384801,258,Active,11,28,2013-11-04 00:20:07.034057,16466
5384802,259,Active,20,15,2013-11-04 00:20:07.039328,16466
5384803,260,Active,4,40,2013-11-04 00:20:07.044661,16466
5384804,261,Active,1,38,2013-11-04 00:20:07.050898,16466
5384805,262,Active,11,28,2013-11-04 00:20:07.057801,16466
5384806,263,Active,7,29,2013-11-04 00:20:07.063041,16466
5384807,264,Active,10,31,2013-11-04 00:20:07.068132,16466
5384808,265,Active,10,27,2013-11-04 00:20:07.073467,16466
5384809,266,Active,13,46,2013-11-04 00:20:07.078766,16466
5384810,267,Active,6,47,2013-11-04 00:20:07.084418,16466
5384811,268,Active,1,48,2013-11-04 00:20:07.089742,16466
5384812,269,Active,29,5,2013-11-04 00:20:07.095102,16466
5384813,270,Active,18,17,2013-11-04 00:20:07.100258,16466
5384814,271,Active,1,24,2013-11-04 00:20:07.105842,16466
5384815,272,Inactive,0,27,2013-11-04 00:20:07.111656,16466
5384816,273,Active,31,28,2013-11-04 00:20:07.117775,16466
5384817,274,Active,11,19,2013-11-04 00:20:07.123319,16466
5384818,275,Active,26,10,2013-11-04 00:20:07.128515,16466
5384819,276,Active,4,48,2013-11-04 00:20:07.133973,16466
5384820,277,Active,20,23,2013-11-04 00:20:07.139383,16466
5384821,330,Active,14,16,2013-11-04 00:20:07.144749,16466
5384822,278,Inactive,0,19,2013-11-04 00:20:07.15031,16466
5384823,279,Active,5,40,2013-11-04 00:20:07.179488,16466
5384824,280,Active,12,24,2013-11-04 00:20:07.186262,16466
5384825,281,Active,9,38,2013-11-04 00:20:07.19279,16466
5384826,282,Active,5,19,2013-11-04 00:20:07.198377,16466
5384827,283,Active,18,18,2013-11-04 00:20:07.205922,16466
5384828,284,Active,1,50,2013-11-04 00:20:07.211146,16466
5384829,285,Active,4,29,2013-11-04 00:20:07.216419,16466
5384830,286,Active,6,21,2013-11-04 00:20:07.222328,16466
5384831,287,Active,2,25,2013-11-04 00:20:07.227671,16466
5384832,288,Active,13,40,2013-11-04 00:20:07.233608,16466
5384833,289,Active,17,18,2013-11-04 00:20:07.239137,16466
5384834,290,Active,16,15,2013-11-04 00:20:07.244727,16466
5384835,291,Active,30,29,2013-11-04 00:20:07.250219,16466
5384836,292,Active,2,37,2013-11-04 00:20:07.255577,16466
5384837,293,Active,23,38,2013-11-04 00:20:07.261101,16466
5384838,294,Active,0,39,2013-11-04 00:20:07.266963,16466
5384839,295,Active,17,50,2013-11-04 00:20:07.272933,16466
5384840,296,Active,26,25,2013-11-04 00:20:07.279906,16466
5384841,297,Active,5,46,2013-11-04 00:20:07.286465,16466
5384842,298,Active,15,42,2013-11-04 00:20:07.292405,16466
5384843,299,Active,10,29,2013-11-04 00:20:07.299173,16466
5384844,300,Active,28,15,2013-11-04 00:20:07.305579,16466
5384845,301,Active,40,19,2013-11-04 00:20:07.311163,16466
5384846,302,Active,7,31,2013-11-04 00:20:07.316605,16466
5384847,303,Active,19,22,2013-11-04 00:20:07.322274,16466
5384848,305,Active,6,33,2013-11-04 00:20:07.327767,16466
5384849,306,Active,30,13,2013-11-04 00:20:07.341851,16466
5384850,307,Active,5,45,2013-11-04 00:20:07.347601,16466
5384851,308,Active,14,17,2013-11-04 00:20:07.353285,16466
5384852,309,Active,25,4,2013-11-04 00:20:07.359086,16466
5384853,310,Active,7,32,2013-11-04 00:20:07.364914,16466
5384854,311,Active,5,34,2013-11-04 00:20:07.370529,16466
5384855,312,Active,21,10,2013-11-04 00:20:07.376279,16466
5384856,313,Active,13,26,2013-11-04 00:20:07.382443,16466
5384857,314,Active,4,23,2013-11-04 00:20:07.38766,16466
5384858,315,Active,6,32,2013-11-04 00:20:07.393086,16466
5384859,316,Active,10,20,2013-11-04 00:20:07.398478,16466
5384860,317,Active,9,6,2013-11-04 00:20:07.404008,16466
5384861,318,Active,27,0,2013-11-04 00:20:07.409677,16466
5384862,319,Active,12,18,2013-11-04 00:20:07.415583,16466
5384863,320,Active,19,17,2013-11-04 00:20:07.421074,16466
5384864,321,Active,1,11,2013-11-04 00:20:07.426527,16466
5384865,322,Active,26,23,2013-11-04 00:20:07.4332,16466
5384866,332,Active,8,16,2013-11-04 00:20:07.43868,16466
5384867,327,Active,21,14,2013-11-04 00:20:07.444199,16466
5384868,328,Active,23,16,2013-11-04 00:20:07.450308,16466
5384869,331,Active,9,27,2013-11-04 00:20:07.45626,16466
5384870,323,Active,1,38,2013-11-04 00:20:07.461962,16466
5384871,324,Active,3,40,2013-11-04 00:20:07.467803,16466
5384872,329,Active,26,7,2013-11-04 00:20:07.477535,16466
5384873,325,Active,5,31,2013-11-04 00:20:07.482864,16466
5384874,326,Active,6,19,2013-11-04 00:20:07.488789,16466
5384875,1,Active,15,24,2013-11-04 00:30:05.710586,16467
5384876,2,Active,2,31,2013-11-04 00:30:05.718957,16467
5384877,3,Active,13,13,2013-11-04 00:30:05.723635,16467
5384878,4,Active,19,43,2013-11-04 00:30:05.728974,16467
5384879,5,Active,8,31,2013-11-04 00:30:05.733923,16467
5384880,6,Active,2,17,2013-11-04 00:30:05.738743,16467
5384881,7,Active,6,13,2013-11-04 00:30:05.743194,16467
5384882,8,Active,19,12,2013-11-04 00:30:05.747661,16467
5384883,9,Active,21,9,2013-11-04 00:30:05.752189,16467
5384884,10,Active,7,39,2013-11-04 00:30:05.756623,16467
5384885,11,Active,5,19,2013-11-04 00:30:05.762592,16467
5384886,12,Active,1,18,2013-11-04 00:30:05.767062,16467
5384887,13,Active,19,20,2013-11-04 00:30:05.771941,16467
5384888,14,Active,32,1,2013-11-04 00:30:05.77795,16467
5384889,15,Active,5,26,2013-11-04 00:30:05.78266,16467
5384890,16,Active,13,20,2013-11-04 00:30:05.787752,16467
5384891,17,Active,20,9,2013-11-04 00:30:05.792832,16467
5384892,18,Active,15,40,2013-11-04 00:30:05.797774,16467
5384893,19,Active,12,11,2013-11-04 00:30:05.80271,16467
5384894,20,Active,11,15,2013-11-04 00:30:05.807389,16467
5384895,21,Active,7,28,2013-11-04 00:30:05.811817,16467
5384896,22,Active,8,39,2013-11-04 00:30:05.816553,16467
5384897,23,Active,4,41,2013-11-04 00:30:05.82191,16467
5384898,24,Active,33,14,2013-11-04 00:30:05.826448,16467
5384899,25,Active,18,33,2013-11-04 00:30:05.830806,16467
5384900,26,Active,8,22,2013-11-04 00:30:05.835183,16467
5384901,27,Active,19,26,2013-11-04 00:30:05.839516,16467
5384902,28,Active,25,3,2013-11-04 00:30:05.844037,16467
5384903,29,Active,1,22,2013-11-04 00:30:05.848378,16467
5384904,30,Active,1,38,2013-11-04 00:30:05.852823,16467
5384905,31,Active,16,22,2013-11-04 00:30:05.857619,16467
5384906,32,Active,3,30,2013-11-04 00:30:05.862213,16467
5384907,33,Active,6,25,2013-11-04 00:30:05.867896,16467
5384908,34,Active,32,5,2013-11-04 00:30:05.872635,16467
5384909,35,Active,23,32,2013-11-04 00:30:05.87772,16467
5384910,36,Active,21,6,2013-11-04 00:30:05.882608,16467
5384911,37,Active,17,6,2013-11-04 00:30:05.887846,16467
5384912,38,Active,5,34,2013-11-04 00:30:05.892575,16467
5384913,39,Active,27,12,2013-11-04 00:30:05.900966,16467
5384914,40,Active,9,30,2013-11-04 00:30:05.905639,16467
5384915,41,Active,20,11,2013-11-04 00:30:05.910233,16467
5384916,42,Active,6,25,2013-11-04 00:30:05.914652,16467
5384917,43,Active,1,22,2013-11-04 00:30:05.919235,16467
5384918,44,Active,1,21,2013-11-04 00:30:05.923724,16467
5384919,45,Active,33,6,2013-11-04 00:30:05.928462,16467
5384920,46,Active,0,31,2013-11-04 00:30:05.933715,16467
5384921,47,Active,2,21,2013-11-04 00:30:05.938326,16467
5384922,48,Active,15,5,2013-11-04 00:30:05.94315,16467
5384923,49,Active,2,21,2013-11-04 00:30:05.951275,16467
5384924,50,Active,17,10,2013-11-04 00:30:05.955801,16467
5384925,51,Active,27,13,2013-11-04 00:30:05.960487,16467
5384926,52,Active,24,3,2013-11-04 00:30:05.96501,16467
5384927,53,Active,4,29,2013-11-04 00:30:05.96954,16467
5384928,54,Active,17,30,2013-11-04 00:30:05.974046,16467
5384929,55,Active,1,30,2013-11-04 00:30:05.978728,16467
5384930,56,Active,13,26,2013-11-04 00:30:06.008086,16467
5384931,57,Active,1,22,2013-11-04 00:30:06.013553,16467
5384932,58,Active,25,14,2013-11-04 00:30:06.019248,16467
5384933,59,Active,4,31,2013-11-04 00:30:06.02465,16467
5384934,60,Active,16,11,2013-11-04 00:30:06.030229,16467
5384935,61,Active,1,23,2013-11-04 00:30:06.035779,16467
5384936,62,Active,15,16,2013-11-04 00:30:06.041165,16467
5384937,63,Active,10,17,2013-11-04 00:30:06.046674,16467
5384938,64,Active,24,11,2013-11-04 00:30:06.052283,16467
5384939,65,Active,12,12,2013-11-04 00:30:06.057646,16467
5384940,66,Active,24,33,2013-11-04 00:30:06.062911,16467
5384941,67,Active,12,15,2013-11-04 00:30:06.068038,16467
5384942,68,Active,6,17,2013-11-04 00:30:06.073697,16467
5384943,69,Active,2,37,2013-11-04 00:30:06.080976,16467
5384944,70,Active,1,30,2013-11-04 00:30:06.086883,16467
5384945,71,Active,3,16,2013-11-04 00:30:06.09323,16467
5384946,72,Active,9,16,2013-11-04 00:30:06.09938,16467
5384947,73,Active,2,17,2013-11-04 00:30:06.10472,16467
5384948,74,Active,1,18,2013-11-04 00:30:06.110735,16467
5384949,75,Active,4,27,2013-11-04 00:30:06.116,16467
5384950,76,Active,34,25,2013-11-04 00:30:06.1213,16467
5384951,77,Active,5,22,2013-11-04 00:30:06.126885,16467
5384952,78,Active,27,16,2013-11-04 00:30:06.132045,16467
5384953,79,Active,18,29,2013-11-04 00:30:06.137467,16467
5384954,80,Active,2,17,2013-11-04 00:30:06.143541,16467
5384955,81,Active,7,22,2013-11-04 00:30:06.148823,16467
5384956,82,Active,6,14,2013-11-04 00:30:06.154178,16467
5384957,83,Active,26,29,2013-11-04 00:30:06.159576,16467
5384958,84,Active,13,18,2013-11-04 00:30:06.165263,16467
5384959,85,Active,4,20,2013-11-04 00:30:06.170809,16467
5384960,86,Active,23,12,2013-11-04 00:30:06.176218,16467
5384961,87,Active,17,10,2013-11-04 00:30:06.18167,16467
5384962,88,Active,7,28,2013-11-04 00:30:06.187066,16467
5384963,89,Active,33,22,2013-11-04 00:30:06.193127,16467
5384964,90,Active,18,18,2013-11-04 00:30:06.200439,16467
5384965,91,Active,22,1,2013-11-04 00:30:06.206448,16467
