id,station_id,status,available_bike_count,available_dock_count,created_at,station_summary_id
198929,290,Active,3,27,2013-07-16 08:30:06.648048,617
198930,291,Active,21,37,2013-07-16 08:30:06.652829,617
198931,292,Active,8,27,2013-07-16 08:30:06.657812,617
198932,293,Active,38,15,2013-07-16 08:30:06.662662,617
198933,294,Active,0,38,2013-07-16 08:30:06.667768,617
198934,295,Active,53,5,2013-07-16 08:30:06.672599,617
198935,296,Active,1,50,2013-07-16 08:30:06.677436,617
198936,297,Active,12,34,2013-07-16 08:30:06.685117,617
198937,298,Active,1,56,2013-07-16 08:30:06.690165,617
198938,299,Active,7,32,2013-07-16 08:30:06.695177,617
198939,300,Active,3,40,2013-07-16 08:30:06.70019,617
198940,301,Active,22,31,2013-07-16 08:30:06.704866,617
198941,302,Active,17,18,2013-07-16 08:30:06.709765,617
198942,303,Active,30,6,2013-07-16 08:30:06.714762,617
198943,304,Active,10,20,2013-07-16 08:30:06.71972,617
198944,305,Active,14,21,2013-07-16 08:30:06.724395,617
198945,306,Active,37,3,2013-07-16 08:30:06.729433,617
198946,307,Active,1,48,2013-07-16 08:30:06.734403,617
198947,308,Active,6,25,2013-07-16 08:30:06.73929,617
198948,309,Active,13,15,2013-07-16 08:30:06.744323,617
198949,310,Active,8,30,2013-07-16 08:30:06.748914,617
198950,311,Active,0,38,2013-07-16 08:30:06.754004,617
198951,312,Active,11,17,2013-07-16 08:30:06.758948,617
198952,313,Active,5,31,2013-07-16 08:30:06.763812,617
198953,314,Active,19,3,2013-07-16 08:30:06.768791,617
198954,315,Active,2,31,2013-07-16 08:30:06.773556,617
198955,316,Active,2,28,2013-07-16 08:30:06.778427,617
198956,317,Active,8,6,2013-07-16 08:30:06.783323,617
198957,318,Active,17,6,2013-07-16 08:30:06.788493,617
198958,319,Active,24,3,2013-07-16 08:30:06.793591,617
198959,320,Active,9,26,2013-07-16 08:30:06.800928,617
198960,321,Active,4,8,2013-07-16 08:30:06.80586,617
198961,322,Active,1,47,2013-07-16 08:30:06.810743,617
198962,327,Active,4,25,2013-07-16 08:30:06.815647,617
198963,328,Active,1,34,2013-07-16 08:30:06.821469,617
198964,323,Active,1,38,2013-07-16 08:30:06.827197,617
198965,324,Active,5,19,2013-07-16 08:30:06.832119,617
198966,325,Active,0,0,2013-07-16 08:30:06.837115,617
198967,326,Active,0,31,2013-07-16 08:30:06.842212,617
198968,1,Active,14,20,2013-07-16 08:40:05.464989,618
198969,2,Active,8,21,2013-07-16 08:40:05.475633,618
198970,3,Active,4,20,2013-07-16 08:40:05.48018,618
198971,4,Active,25,37,2013-07-16 08:40:05.484452,618
198972,5,Active,24,10,2013-07-16 08:40:05.488626,618
198973,6,Active,11,7,2013-07-16 08:40:05.492716,618
198974,7,Active,19,0,2013-07-16 08:40:05.49684,618
198975,8,Active,13,17,2013-07-16 08:40:05.500917,618
198976,9,Active,9,19,2013-07-16 08:40:05.505059,618
198977,10,Inactive,0,28,2013-07-16 08:40:05.509254,618
198978,11,Active,25,0,2013-07-16 08:40:05.51765,618
198979,12,Active,2,17,2013-07-16 08:40:05.521609,618
198980,13,Active,5,33,2013-07-16 08:40:05.525678,618
198981,14,Active,3,29,2013-07-16 08:40:05.529748,618
198982,15,Active,29,1,2013-07-16 08:40:05.533959,618
198983,16,Active,16,17,2013-07-16 08:40:05.53795,618
198984,17,Active,11,17,2013-07-16 08:40:05.542092,618
198985,18,Active,0,52,2013-07-16 08:40:05.546161,618
198986,19,Active,16,4,2013-07-16 08:40:05.550248,618
198987,20,Active,3,22,2013-07-16 08:40:05.554436,618
198988,21,Active,4,30,2013-07-16 08:40:05.558582,618
198989,22,Active,3,43,2013-07-16 08:40:05.562728,618
198990,23,Active,2,42,2013-07-16 08:40:05.566856,618
198991,24,Active,3,42,2013-07-16 08:40:05.570925,618
198992,25,Active,1,46,2013-07-16 08:40:05.574976,618
198993,26,Active,21,3,2013-07-16 08:40:05.579204,618
198994,27,Active,3,42,2013-07-16 08:40:05.583373,618
198995,28,Active,2,25,2013-07-16 08:40:05.587593,618
198996,29,Active,15,5,2013-07-16 08:40:05.592422,618
198997,30,Active,16,22,2013-07-16 08:40:05.596502,618
198998,31,Active,20,19,2013-07-16 08:40:05.60066,618
198999,32,Active,18,12,2013-07-16 08:40:05.604816,618
199000,33,Active,3,24,2013-07-16 08:40:05.609132,618
199001,34,Active,17,18,2013-07-16 08:40:05.613309,618
199002,35,Active,1,49,2013-07-16 08:40:05.617534,618
199003,36,Active,7,18,2013-07-16 08:40:05.621573,618
199004,37,Active,10,13,2013-07-16 08:40:05.625697,618
199005,38,Active,9,29,2013-07-16 08:40:05.629853,618
199006,39,Active,35,2,2013-07-16 08:40:05.633896,618
199007,40,Active,37,1,2013-07-16 08:40:05.641418,618
199008,41,Active,16,9,2013-07-16 08:40:05.645603,618
199009,42,Active,0,31,2013-07-16 08:40:05.649739,618
199010,43,Active,12,9,2013-07-16 08:40:05.653854,618
199011,44,Active,11,10,2013-07-16 08:40:05.65805,618
199012,45,Active,0,19,2013-07-16 08:40:05.662233,618
199013,46,Active,19,11,2013-07-16 08:40:05.666514,618
199014,47,Active,17,3,2013-07-16 08:40:05.670589,618
199015,48,Active,13,5,2013-07-16 08:40:05.674759,618
199016,49,Active,3,17,2013-07-16 08:40:05.679116,618
199017,50,Active,3,24,2013-07-16 08:40:05.683334,618
199018,51,Active,9,30,2013-07-16 08:40:05.687512,618
199019,52,Active,7,18,2013-07-16 08:40:05.694043,618
199020,53,Active,18,12,2013-07-16 08:40:05.69822,618
199021,54,Active,6,40,2013-07-16 08:40:05.702384,618
199022,55,Active,15,14,2013-07-16 08:40:05.706709,618
199023,56,Active,2,37,2013-07-16 08:40:05.73398,618
199024,57,Active,17,6,2013-07-16 08:40:05.739475,618
199025,58,Active,6,30,2013-07-16 08:40:05.744628,618
199026,59,Active,7,28,2013-07-16 08:40:05.749522,618
199027,60,Active,10,15,2013-07-16 08:40:05.754468,618
199028,61,Active,15,8,2013-07-16 08:40:05.759303,618
199029,62,Active,7,20,2013-07-16 08:40:05.764052,618
199030,63,Active,3,23,2013-07-16 08:40:05.769044,618
199031,64,Active,26,3,2013-07-16 08:40:05.773847,618
199032,65,Active,20,1,2013-07-16 08:40:05.778866,618
199033,66,Active,0,56,2013-07-16 08:40:05.783807,618
199034,67,Active,2,22,2013-07-16 08:40:05.788706,618
199035,68,Active,18,3,2013-07-16 08:40:05.793694,618
199036,69,Active,23,15,2013-07-16 08:40:05.798344,618
199037,70,Active,14,14,2013-07-16 08:40:05.803136,618
199038,71,Active,13,6,2013-07-16 08:40:05.808068,618
199039,72,Active,4,19,2013-07-16 08:40:05.812913,618
199040,73,Active,11,7,2013-07-16 08:40:05.817759,618
199041,74,Active,1,18,2013-07-16 08:40:05.822903,618
199042,75,Active,22,6,2013-07-16 08:40:05.827911,618
199043,76,Active,1,54,2013-07-16 08:40:05.832762,618
199044,77,Active,12,14,2013-07-16 08:40:05.837773,618
199045,78,Active,18,16,2013-07-16 08:40:05.842755,618
199046,79,Active,3,43,2013-07-16 08:40:05.847736,618
199047,80,Active,11,6,2013-07-16 08:40:05.852568,618
199048,81,Active,2,26,2013-07-16 08:40:05.857413,618
199049,82,Active,8,11,2013-07-16 08:40:05.862129,618
199050,83,Active,10,40,2013-07-16 08:40:05.86715,618
199051,84,Active,2,28,2013-07-16 08:40:05.872399,618
199052,85,Active,0,24,2013-07-16 08:40:05.877386,618
199053,86,Active,11,20,2013-07-16 08:40:05.882203,618
199054,87,Active,16,9,2013-07-16 08:40:05.887146,618
199055,88,Active,11,21,2013-07-16 08:40:05.892068,618
199056,89,Active,30,8,2013-07-16 08:40:05.896934,618
199057,90,Active,32,1,2013-07-16 08:40:05.901971,618
199058,91,Active,18,5,2013-07-16 08:40:05.906901,618
199059,92,Active,6,24,2013-07-16 08:40:05.912005,618
199060,93,Active,3,30,2013-07-16 08:40:05.917108,618
199061,94,Active,2,30,2013-07-16 08:40:05.921889,618
199062,95,Active,8,25,2013-07-16 08:40:05.926814,618
199063,96,Active,20,11,2013-07-16 08:40:05.931664,618
199064,97,Active,11,12,2013-07-16 08:40:05.936601,618
199065,98,Active,8,29,2013-07-16 08:40:05.941447,618
199066,99,Active,27,6,2013-07-16 08:40:05.946444,618
199067,100,Active,13,15,2013-07-16 08:40:05.951301,618
199068,101,Active,31,3,2013-07-16 08:40:05.956371,618
199069,102,Active,12,6,2013-07-16 08:40:05.961296,618
199070,103,Active,20,18,2013-07-16 08:40:05.966335,618
199071,104,Active,11,18,2013-07-16 08:40:05.971332,618
199072,105,Active,12,30,2013-07-16 08:40:05.976312,618
199073,106,Active,21,4,2013-07-16 08:40:05.981294,618
199074,107,Active,1,29,2013-07-16 08:40:05.986103,618
199075,108,Active,7,25,2013-07-16 08:40:05.991708,618
199076,109,Active,2,36,2013-07-16 08:40:05.996578,618
199077,110,Active,2,25,2013-07-16 08:40:06.00144,618
199078,111,Active,15,11,2013-07-16 08:40:06.005852,618
199079,112,Active,11,26,2013-07-16 08:40:06.010553,618
199080,113,Active,0,51,2013-07-16 08:40:06.037879,618
199081,114,Active,21,11,2013-07-16 08:40:06.046387,618
199082,115,Active,24,2,2013-07-16 08:40:06.051181,618
199083,116,Active,2,35,2013-07-16 08:40:06.056074,618
199084,117,Active,8,14,2013-07-16 08:40:06.061035,618
199085,118,Active,5,23,2013-07-16 08:40:06.066025,618
199086,119,Active,11,27,2013-07-16 08:40:06.070919,618
199087,120,Active,9,17,2013-07-16 08:40:06.075785,618
199088,121,Active,11,6,2013-07-16 08:40:06.0807,618
199089,122,Active,2,28,2013-07-16 08:40:06.085641,618
199090,123,Active,4,23,2013-07-16 08:40:06.090448,618
199091,124,Active,20,13,2013-07-16 08:40:06.097879,618
199092,125,Active,6,30,2013-07-16 08:40:06.102813,618
199093,126,Active,16,5,2013-07-16 08:40:06.10759,618
199094,127,Active,17,10,2013-07-16 08:40:06.112588,618
199095,128,Active,10,6,2013-07-16 08:40:06.117397,618
199096,129,Active,20,7,2013-07-16 08:40:06.122359,618
199097,130,Active,15,8,2013-07-16 08:40:06.127346,618
199098,131,Active,12,9,2013-07-16 08:40:06.132241,618
199099,132,Active,7,28,2013-07-16 08:40:06.137731,618
199100,133,Active,18,6,2013-07-16 08:40:06.142727,618
199101,134,Active,15,19,2013-07-16 08:40:06.147793,618
199102,135,Active,21,18,2013-07-16 08:40:06.152702,618
199103,136,Active,20,1,2013-07-16 08:40:06.157415,618
199104,137,Active,21,3,2013-07-16 08:40:06.16276,618
199105,138,Active,7,32,2013-07-16 08:40:06.167701,618
199106,139,Active,1,32,2013-07-16 08:40:06.17313,618
199107,140,Active,6,20,2013-07-16 08:40:06.177958,618
199108,141,Active,25,6,2013-07-16 08:40:06.18275,618
199109,142,Active,10,32,2013-07-16 08:40:06.187803,618
199110,143,Active,14,6,2013-07-16 08:40:06.192872,618
199111,144,Active,8,16,2013-07-16 08:40:06.197897,618
199112,145,Active,30,4,2013-07-16 08:40:06.202598,618
199113,146,Active,2,53,2013-07-16 08:40:06.209778,618
199114,147,Active,4,35,2013-07-16 08:40:06.21472,618
199115,148,Active,26,13,2013-07-16 08:40:06.220258,618
199116,149,Active,2,55,2013-07-16 08:40:06.225054,618
199117,150,Active,30,19,2013-07-16 08:40:06.229861,618
199118,151,Active,5,21,2013-07-16 08:40:06.234912,618
199119,152,Active,14,16,2013-07-16 08:40:06.239836,618
199120,153,Active,11,21,2013-07-16 08:40:06.244845,618
199121,154,Active,1,33,2013-07-16 08:40:06.251018,618
199122,155,Active,16,14,2013-07-16 08:40:06.255835,618
199123,156,Active,21,9,2013-07-16 08:40:06.260744,618
199124,157,Active,17,9,2013-07-16 08:40:06.265622,618
199125,158,Active,6,12,2013-07-16 08:40:06.270897,618
199126,159,Active,1,26,2013-07-16 08:40:06.275781,618
199127,160,Active,7,36,2013-07-16 08:40:06.280709,618
199128,161,Active,5,42,2013-07-16 08:40:06.28576,618
199129,162,Active,7,48,2013-07-16 08:40:06.290733,618
199130,163,Active,19,17,2013-07-16 08:40:06.295671,618
199131,164,Active,11,21,2013-07-16 08:40:06.300776,618
199132,165,Active,13,26,2013-07-16 08:40:06.30584,618
199133,166,Active,19,8,2013-07-16 08:40:06.310861,618
199134,167,Active,2,23,2013-07-16 08:40:06.315753,618
199135,168,Active,8,27,2013-07-16 08:40:06.322035,618
199136,169,Active,6,31,2013-07-16 08:40:06.34855,618
199137,170,Active,7,27,2013-07-16 08:40:06.353663,618
199138,171,Active,9,16,2013-07-16 08:40:06.358683,618
199139,172,Active,5,25,2013-07-16 08:40:06.363598,618
199140,173,Active,14,13,2013-07-16 08:40:06.368801,618
199141,174,Inactive,28,5,2013-07-16 08:40:06.373781,618
199142,175,Active,26,2,2013-07-16 08:40:06.37859,618
199143,176,Active,22,12,2013-07-16 08:40:06.383576,618
199144,177,Active,13,14,2013-07-16 08:40:06.388464,618
199145,178,Active,23,0,2013-07-16 08:40:06.393577,618
199146,179,Active,11,15,2013-07-16 08:40:06.398678,618
199147,180,Active,23,3,2013-07-16 08:40:06.406093,618
199148,181,Active,19,7,2013-07-16 08:40:06.411407,618
199149,182,Active,10,3,2013-07-16 08:40:06.416251,618
199150,183,Active,33,2,2013-07-16 08:40:06.421072,618
199151,184,Active,1,40,2013-07-16 08:40:06.426324,618
199152,185,Active,25,2,2013-07-16 08:40:06.431353,618
199153,186,Active,2,35,2013-07-16 08:40:06.437023,618
199154,187,Active,29,9,2013-07-16 08:40:06.442119,618
199155,189,Active,7,32,2013-07-16 08:40:06.447028,618
199156,190,Active,12,7,2013-07-16 08:40:06.452345,618
199157,191,Active,11,6,2013-07-16 08:40:06.458095,618
199158,192,Active,27,4,2013-07-16 08:40:06.463234,618
199159,193,Active,19,2,2013-07-16 08:40:06.468495,618
199160,194,Active,6,22,2013-07-16 08:40:06.473956,618
199161,195,Active,2,22,2013-07-16 08:40:06.479191,618
199162,196,Active,7,35,2013-07-16 08:40:06.484251,618
199163,197,Active,15,12,2013-07-16 08:40:06.489553,618
199164,198,Active,3,39,2013-07-16 08:40:06.498711,618
199165,199,Active,8,15,2013-07-16 08:40:06.503861,618
199166,200,Active,12,9,2013-07-16 08:40:06.509421,618
199167,201,Active,9,13,2013-07-16 08:40:06.514313,618
199168,202,Active,11,7,2013-07-16 08:40:06.51955,618
199169,203,Active,19,33,2013-07-16 08:40:06.525011,618
199170,204,Active,3,31,2013-07-16 08:40:06.530477,618
199171,205,Active,10,19,2013-07-16 08:40:06.535276,618
199172,206,Active,18,37,2013-07-16 08:40:06.540202,618
199173,207,Active,29,0,2013-07-16 08:40:06.545139,618
199174,208,Active,5,22,2013-07-16 08:40:06.549996,618
199175,209,Active,16,13,2013-07-16 08:40:06.554764,618
199176,210,Active,26,1,2013-07-16 08:40:06.559679,618
199177,211,Active,33,1,2013-07-16 08:40:06.564662,618
199178,212,Active,1,24,2013-07-16 08:40:06.569707,618
199179,213,Active,5,42,2013-07-16 08:40:06.574545,618
199180,214,Active,12,15,2013-07-16 08:40:06.579308,618
199181,215,Active,14,8,2013-07-16 08:40:06.584061,618
199182,216,Active,22,2,2013-07-16 08:40:06.589081,618
199183,217,Active,33,2,2013-07-16 08:40:06.594205,618
199184,218,Active,10,21,2013-07-16 08:40:06.599154,618
199185,219,Active,1,33,2013-07-16 08:40:06.604514,618
199186,220,Active,0,49,2013-07-16 08:40:06.609946,618
199187,221,Active,10,10,2013-07-16 08:40:06.6149,618
199188,222,Active,8,44,2013-07-16 08:40:06.619847,618
199189,223,Active,27,4,2013-07-16 08:40:06.625129,618
199190,224,Active,5,33,2013-07-16 08:40:06.630162,618
199191,225,Active,1,28,2013-07-16 08:40:06.635296,618
199192,226,Active,24,2,2013-07-16 08:40:06.662601,618
199193,227,Active,6,19,2013-07-16 08:40:06.667622,618
199194,228,Active,8,48,2013-07-16 08:40:06.67264,618
199195,229,Active,26,8,2013-07-16 08:40:06.677719,618
199196,230,Active,7,22,2013-07-16 08:40:06.682671,618
199197,231,Active,5,32,2013-07-16 08:40:06.687679,618
199198,232,Active,1,33,2013-07-16 08:40:06.692517,618
199199,233,Active,3,55,2013-07-16 08:40:06.697342,618
199200,234,Active,0,26,2013-07-16 08:40:06.70211,618
199201,235,Active,0,20,2013-07-16 08:40:06.70674,618
199202,236,Active,13,7,2013-07-16 08:40:06.711761,618
199203,237,Active,28,7,2013-07-16 08:40:06.716816,618
199204,238,Active,27,17,2013-07-16 08:40:06.721611,618
199205,239,Active,1,21,2013-07-16 08:40:06.726551,618
199206,240,Active,1,53,2013-07-16 08:40:06.731329,618
199207,241,Active,1,37,2013-07-16 08:40:06.735927,618
199208,242,Active,5,30,2013-07-16 08:40:06.741984,618
199209,243,Active,12,19,2013-07-16 08:40:06.746944,618
199210,244,Active,2,57,2013-07-16 08:40:06.752088,618
199211,245,Active,0,57,2013-07-16 08:40:06.756989,618
199212,246,Active,3,31,2013-07-16 08:40:06.76174,618
199213,247,Active,21,0,2013-07-16 08:40:06.7668,618
199214,248,Active,2,38,2013-07-16 08:40:06.771816,618
199215,249,Active,21,13,2013-07-16 08:40:06.776548,618
199216,250,Active,3,44,2013-07-16 08:40:06.781497,618
199217,251,Active,8,29,2013-07-16 08:40:06.786406,618
199218,252,Active,6,37,2013-07-16 08:40:06.790953,618
199219,253,Active,25,32,2013-07-16 08:40:06.796126,618
199220,254,Active,26,3,2013-07-16 08:40:06.801114,618
199221,255,Active,8,18,2013-07-16 08:40:06.806794,618
199222,256,Active,23,3,2013-07-16 08:40:06.812104,618
199223,257,Active,10,13,2013-07-16 08:40:06.817147,618
199224,258,Active,23,12,2013-07-16 08:40:06.822494,618
199225,259,Active,28,5,2013-07-16 08:40:06.827458,618
199226,260,Active,3,34,2013-07-16 08:40:06.832317,618
199227,261,Active,0,38,2013-07-16 08:40:06.83748,618
199228,262,Active,3,35,2013-07-16 08:40:06.842515,618
199229,263,Active,28,1,2013-07-16 08:40:06.847497,618
199230,264,Active,34,3,2013-07-16 08:40:06.852574,618
199231,265,Active,8,27,2013-07-16 08:40:06.858093,618
199232,266,Active,34,17,2013-07-16 08:40:06.863364,618
199233,267,Active,9,44,2013-07-16 08:40:06.868449,618
199234,268,Active,12,35,2013-07-16 08:40:06.873563,618
199235,269,Active,0,31,2013-07-16 08:40:06.8785,618
199236,270,Active,11,23,2013-07-16 08:40:06.883379,618
199237,271,Active,24,1,2013-07-16 08:40:06.888173,618
199238,272,Active,7,38,2013-07-16 08:40:06.89328,618
199239,273,Active,6,48,2013-07-16 08:40:06.898181,618
199240,274,Active,3,25,2013-07-16 08:40:06.90493,618
199241,275,Active,3,30,2013-07-16 08:40:06.909931,618
199242,276,Active,0,51,2013-07-16 08:40:06.914772,618
199243,277,Active,27,10,2013-07-16 08:40:06.919789,618
199244,278,Active,7,21,2013-07-16 08:40:06.924832,618
199245,279,Active,36,1,2013-07-16 08:40:06.92977,618
199246,280,Active,0,32,2013-07-16 08:40:06.934787,618
199247,281,Active,42,2,2013-07-16 08:40:06.93982,618
199248,282,Active,21,1,2013-07-16 08:40:06.966874,618
199249,283,Active,10,23,2013-07-16 08:40:06.97191,618
199250,284,Active,3,45,2013-07-16 08:40:06.976835,618
199251,285,Active,27,3,2013-07-16 08:40:06.982143,618
199252,286,Active,24,3,2013-07-16 08:40:06.987216,618
199253,287,Active,9,17,2013-07-16 08:40:06.99424,618
199254,288,Active,46,2,2013-07-16 08:40:06.999202,618
199255,289,Active,26,6,2013-07-16 08:40:07.004139,618
199256,290,Active,3,27,2013-07-16 08:40:07.009185,618
199257,291,Active,21,37,2013-07-16 08:40:07.014334,618
199258,292,Active,8,27,2013-07-16 08:40:07.019378,618
199259,293,Active,38,14,2013-07-16 08:40:07.024354,618
199260,294,Active,0,38,2013-07-16 08:40:07.029047,618
199261,295,Active,53,5,2013-07-16 08:40:07.033914,618
199262,296,Active,1,50,2013-07-16 08:40:07.03905,618
199263,297,Active,12,34,2013-07-16 08:40:07.044062,618
199264,298,Active,1,56,2013-07-16 08:40:07.048728,618
199265,299,Active,7,32,2013-07-16 08:40:07.053557,618
199266,300,Active,3,40,2013-07-16 08:40:07.058439,618
199267,301,Active,22,31,2013-07-16 08:40:07.063623,618
199268,302,Active,17,18,2013-07-16 08:40:07.068795,618
199269,303,Active,29,7,2013-07-16 08:40:07.073728,618
199270,304,Active,10,20,2013-07-16 08:40:07.078873,618
199271,305,Active,14,21,2013-07-16 08:40:07.083724,618
199272,306,Active,37,3,2013-07-16 08:40:07.08843,618
199273,307,Active,1,48,2013-07-16 08:40:07.093452,618
199274,308,Active,6,25,2013-07-16 08:40:07.098202,618
199275,309,Active,13,15,2013-07-16 08:40:07.106886,618
199276,310,Active,8,30,2013-07-16 08:40:07.111793,618
199277,311,Active,0,38,2013-07-16 08:40:07.116745,618
199278,312,Active,11,17,2013-07-16 08:40:07.12179,618
199279,313,Active,5,31,2013-07-16 08:40:07.126744,618
199280,314,Active,19,3,2013-07-16 08:40:07.131487,618
199281,315,Active,2,31,2013-07-16 08:40:07.136454,618
199282,316,Active,2,28,2013-07-16 08:40:07.141381,618
199283,317,Active,8,6,2013-07-16 08:40:07.146381,618
199284,318,Active,17,6,2013-07-16 08:40:07.151447,618
199285,319,Active,24,3,2013-07-16 08:40:07.156584,618
199286,320,Active,8,27,2013-07-16 08:40:07.161434,618
199287,321,Active,4,8,2013-07-16 08:40:07.166453,618
199288,322,Active,1,47,2013-07-16 08:40:07.171402,618
199289,327,Active,4,25,2013-07-16 08:40:07.176344,618
199290,328,Active,1,34,2013-07-16 08:40:07.181318,618
199291,323,Active,1,38,2013-07-16 08:40:07.186292,618
199292,324,Active,5,19,2013-07-16 08:40:07.191301,618
199293,325,Active,0,0,2013-07-16 08:40:07.19626,618
199294,326,Active,0,31,2013-07-16 08:40:07.201221,618
199295,1,Active,14,20,2013-07-16 08:50:05.050317,619
199296,2,Active,8,21,2013-07-16 08:50:05.060101,619
199297,3,Active,4,20,2013-07-16 08:50:05.064495,619
199298,4,Active,25,37,2013-07-16 08:50:05.070377,619
199299,5,Active,24,10,2013-07-16 08:50:05.074499,619
199300,6,Active,11,7,2013-07-16 08:50:05.078484,619
199301,7,Active,19,0,2013-07-16 08:50:05.082756,619
199302,8,Active,13,17,2013-07-16 08:50:05.086845,619
199303,9,Active,9,19,2013-07-16 08:50:05.090954,619
199304,10,Inactive,0,28,2013-07-16 08:50:05.094959,619
199305,11,Active,25,0,2013-07-16 08:50:05.102352,619
199306,12,Active,2,17,2013-07-16 08:50:05.106316,619
199307,13,Active,5,33,2013-07-16 08:50:05.110528,619
199308,14,Active,3,29,2013-07-16 08:50:05.114668,619
199309,15,Active,29,1,2013-07-16 08:50:05.118695,619
199310,16,Active,16,17,2013-07-16 08:50:05.122763,619
199311,17,Active,11,17,2013-07-16 08:50:05.126977,619
199312,18,Active,0,52,2013-07-16 08:50:05.13123,619
199313,19,Active,16,4,2013-07-16 08:50:05.135396,619
199314,20,Active,3,22,2013-07-16 08:50:05.139437,619
199315,21,Active,4,30,2013-07-16 08:50:05.143444,619
199316,22,Active,3,43,2013-07-16 08:50:05.147719,619
199317,23,Active,2,42,2013-07-16 08:50:05.151823,619
199318,24,Active,3,42,2013-07-16 08:50:05.155969,619
199319,25,Active,1,46,2013-07-16 08:50:05.16001,619
199320,26,Active,21,3,2013-07-16 08:50:05.16406,619
199321,27,Active,3,42,2013-07-16 08:50:05.16798,619
199322,28,Active,2,25,2013-07-16 08:50:05.172011,619
199323,29,Active,15,5,2013-07-16 08:50:05.178445,619
199324,30,Active,16,22,2013-07-16 08:50:05.182648,619
199325,31,Active,20,19,2013-07-16 08:50:05.186797,619
199326,32,Active,18,12,2013-07-16 08:50:05.214605,619
199327,33,Active,3,24,2013-07-16 08:50:05.218862,619
199328,34,Active,17,18,2013-07-16 08:50:05.223168,619
199329,35,Active,1,49,2013-07-16 08:50:05.22733,619
199330,36,Active,7,18,2013-07-16 08:50:05.23153,619
199331,37,Active,10,13,2013-07-16 08:50:05.23569,619
199332,38,Active,9,29,2013-07-16 08:50:05.239907,619
199333,39,Active,35,2,2013-07-16 08:50:05.244127,619
199334,40,Active,37,1,2013-07-16 08:50:05.248393,619
199335,41,Active,16,9,2013-07-16 08:50:05.252624,619
199336,42,Active,0,31,2013-07-16 08:50:05.256748,619
199337,43,Active,13,8,2013-07-16 08:50:05.261068,619
199338,44,Active,11,10,2013-07-16 08:50:05.265307,619
199339,45,Active,0,19,2013-07-16 08:50:05.269426,619
199340,46,Active,19,11,2013-07-16 08:50:05.273637,619
199341,47,Active,17,3,2013-07-16 08:50:05.27783,619
199342,48,Active,13,5,2013-07-16 08:50:05.282014,619
199343,49,Active,3,17,2013-07-16 08:50:05.286292,619
199344,50,Active,3,24,2013-07-16 08:50:05.29074,619
199345,51,Active,9,30,2013-07-16 08:50:05.299055,619
199346,52,Active,7,18,2013-07-16 08:50:05.303242,619
199347,53,Active,17,13,2013-07-16 08:50:05.307515,619
199348,54,Active,6,40,2013-07-16 08:50:05.311731,619
199349,55,Active,15,14,2013-07-16 08:50:05.315891,619
199350,56,Active,2,37,2013-07-16 08:50:05.342755,619
199351,57,Active,17,6,2013-07-16 08:50:05.347663,619
199352,58,Active,6,30,2013-07-16 08:50:05.352757,619
199353,59,Active,7,28,2013-07-16 08:50:05.357756,619
199354,60,Active,10,15,2013-07-16 08:50:05.362707,619
199355,61,Active,4,20,2013-07-16 08:50:05.367561,619
199356,62,Active,7,20,2013-07-16 08:50:05.373069,619
199357,63,Active,3,23,2013-07-16 08:50:05.378041,619
199358,64,Active,26,3,2013-07-16 08:50:05.383566,619
199359,65,Active,20,1,2013-07-16 08:50:05.388258,619
199360,66,Active,0,56,2013-07-16 08:50:05.39319,619
199361,67,Active,2,22,2013-07-16 08:50:05.398139,619
199362,68,Active,18,3,2013-07-16 08:50:05.402985,619
199363,69,Active,23,15,2013-07-16 08:50:05.408253,619
199364,70,Active,14,14,2013-07-16 08:50:05.412878,619
199365,71,Active,13,6,2013-07-16 08:50:05.417811,619
199366,72,Active,4,19,2013-07-16 08:50:05.422958,619
199367,73,Active,11,7,2013-07-16 08:50:05.430726,619
199368,74,Active,1,18,2013-07-16 08:50:05.435643,619
199369,75,Active,22,6,2013-07-16 08:50:05.440899,619
199370,76,Active,2,53,2013-07-16 08:50:05.445884,619
199371,77,Active,12,14,2013-07-16 08:50:05.450716,619
199372,78,Active,18,16,2013-07-16 08:50:05.455809,619
199373,79,Active,3,43,2013-07-16 08:50:05.46284,619
199374,80,Active,11,6,2013-07-16 08:50:05.467781,619
199375,81,Active,2,26,2013-07-16 08:50:05.472814,619
199376,82,Active,8,11,2013-07-16 08:50:05.477543,619
199377,83,Active,10,40,2013-07-16 08:50:05.482449,619
199378,84,Active,2,28,2013-07-16 08:50:05.487565,619
199379,85,Active,0,24,2013-07-16 08:50:05.492845,619
199380,86,Active,11,20,2013-07-16 08:50:05.497835,619
199381,87,Active,16,9,2013-07-16 08:50:05.503291,619
199382,88,Active,11,21,2013-07-16 08:50:05.508233,619
199383,89,Active,30,8,2013-07-16 08:50:05.51331,619
199384,90,Active,32,1,2013-07-16 08:50:05.518232,619
199385,91,Active,18,5,2013-07-16 08:50:05.52323,619
199386,92,Active,6,24,2013-07-16 08:50:05.52797,619
199387,93,Active,3,30,2013-07-16 08:50:05.533238,619
199388,94,Active,2,30,2013-07-16 08:50:05.537969,619
199389,95,Active,8,25,2013-07-16 08:50:05.543303,619
199390,96,Active,20,11,2013-07-16 08:50:05.550988,619
199391,97,Active,11,12,2013-07-16 08:50:05.555828,619
199392,98,Active,8,29,2013-07-16 08:50:05.560575,619
199393,99,Active,27,6,2013-07-16 08:50:05.565438,619
199394,100,Active,13,15,2013-07-16 08:50:05.570311,619
199395,101,Active,31,3,2013-07-16 08:50:05.575099,619
199396,102,Active,12,6,2013-07-16 08:50:05.57987,619
199397,103,Active,20,18,2013-07-16 08:50:05.58485,619
199398,104,Active,11,18,2013-07-16 08:50:05.58985,619
199399,105,Active,12,30,2013-07-16 08:50:05.594769,619
199400,106,Active,21,4,2013-07-16 08:50:05.599647,619
199401,107,Active,1,29,2013-07-16 08:50:05.604506,619
199402,108,Active,7,25,2013-07-16 08:50:05.60955,619
199403,109,Active,2,36,2013-07-16 08:50:05.614307,619
199404,110,Active,2,25,2013-07-16 08:50:05.619115,619
199405,111,Active,15,11,2013-07-16 08:50:05.623477,619
199406,112,Active,11,26,2013-07-16 08:50:05.649207,619
199407,113,Active,0,51,2013-07-16 08:50:05.655557,619
199408,114,Active,21,11,2013-07-16 08:50:05.660653,619
199409,115,Active,24,2,2013-07-16 08:50:05.66567,619
199410,116,Active,2,35,2013-07-16 08:50:05.670671,619
199411,117,Active,8,14,2013-07-16 08:50:05.675666,619
199412,118,Active,5,23,2013-07-16 08:50:05.680707,619
199413,119,Active,11,27,2013-07-16 08:50:05.685677,619
199414,120,Active,9,17,2013-07-16 08:50:05.690842,619
199415,121,Active,11,6,2013-07-16 08:50:05.695685,619
199416,122,Active,2,28,2013-07-16 08:50:05.70058,619
199417,123,Active,4,23,2013-07-16 08:50:05.705398,619
199418,124,Active,20,13,2013-07-16 08:50:05.710412,619
199419,125,Active,6,30,2013-07-16 08:50:05.715242,619
199420,126,Active,16,5,2013-07-16 08:50:05.720146,619
199421,127,Active,17,10,2013-07-16 08:50:05.725035,619
199422,128,Active,10,6,2013-07-16 08:50:05.729961,619
199423,129,Active,20,7,2013-07-16 08:50:05.734769,619
199424,130,Active,15,8,2013-07-16 08:50:05.73942,619
199425,131,Active,12,9,2013-07-16 08:50:05.744178,619
199426,132,Active,7,28,2013-07-16 08:50:05.749128,619
199427,133,Active,18,6,2013-07-16 08:50:05.754184,619
199428,134,Active,15,19,2013-07-16 08:50:05.759102,619
199429,135,Active,21,18,2013-07-16 08:50:05.764015,619
199430,136,Active,20,1,2013-07-16 08:50:05.768966,619
199431,137,Active,21,3,2013-07-16 08:50:05.773977,619
199432,138,Active,7,32,2013-07-16 08:50:05.778787,619
199433,139,Active,2,31,2013-07-16 08:50:05.784181,619
199434,140,Active,6,20,2013-07-16 08:50:05.78908,619
199435,141,Active,25,6,2013-07-16 08:50:05.794632,619
199436,142,Active,10,32,2013-07-16 08:50:05.799668,619
199437,143,Active,14,6,2013-07-16 08:50:05.80448,619
199438,144,Active,8,16,2013-07-16 08:50:05.809355,619
199439,145,Active,30,4,2013-07-16 08:50:05.814298,619
199440,146,Active,2,53,2013-07-16 08:50:05.819341,619
199441,147,Active,4,35,2013-07-16 08:50:05.824194,619
199442,148,Active,26,13,2013-07-16 08:50:05.829338,619
199443,149,Active,2,55,2013-07-16 08:50:05.83455,619
199444,150,Active,30,19,2013-07-16 08:50:05.839461,619
199445,151,Active,5,21,2013-07-16 08:50:05.844452,619
199446,152,Active,14,16,2013-07-16 08:50:05.849321,619
199447,153,Active,11,21,2013-07-16 08:50:05.854226,619
199448,154,Active,1,33,2013-07-16 08:50:05.859127,619
199449,155,Active,16,14,2013-07-16 08:50:05.863931,619
199450,156,Active,21,9,2013-07-16 08:50:05.868872,619
199451,157,Active,17,9,2013-07-16 08:50:05.873721,619
199452,158,Active,6,12,2013-07-16 08:50:05.878551,619
199453,159,Active,1,26,2013-07-16 08:50:05.883497,619
199454,160,Active,7,36,2013-07-16 08:50:05.888513,619
199455,161,Active,5,42,2013-07-16 08:50:05.893472,619
199456,162,Active,22,33,2013-07-16 08:50:05.898303,619
199457,163,Active,19,17,2013-07-16 08:50:05.910742,619
199458,164,Active,11,21,2013-07-16 08:50:05.915645,619
199459,165,Active,13,26,2013-07-16 08:50:05.920569,619
199460,166,Active,19,9,2013-07-16 08:50:05.925684,619
199461,167,Active,2,23,2013-07-16 08:50:05.931103,619
199462,168,Active,8,27,2013-07-16 08:50:05.957941,619
199463,169,Active,6,31,2013-07-16 08:50:05.963869,619
199464,170,Active,7,27,2013-07-16 08:50:05.968689,619
199465,171,Active,9,16,2013-07-16 08:50:05.973708,619
199466,172,Active,5,25,2013-07-16 08:50:05.978726,619
199467,173,Active,14,13,2013-07-16 08:50:05.983542,619
199468,174,Inactive,28,5,2013-07-16 08:50:05.988468,619
199469,175,Active,26,2,2013-07-16 08:50:05.993466,619
199470,176,Active,22,12,2013-07-16 08:50:05.998495,619
199471,177,Active,13,14,2013-07-16 08:50:06.003278,619
199472,178,Active,23,0,2013-07-16 08:50:06.008209,619
199473,179,Active,11,15,2013-07-16 08:50:06.013139,619
199474,180,Active,23,3,2013-07-16 08:50:06.018222,619
199475,181,Active,19,7,2013-07-16 08:50:06.023051,619
199476,182,Active,10,3,2013-07-16 08:50:06.027739,619
199477,183,Active,33,2,2013-07-16 08:50:06.032848,619
199478,184,Active,1,40,2013-07-16 08:50:06.038648,619
199479,185,Active,25,2,2013-07-16 08:50:06.043589,619
199480,186,Active,2,35,2013-07-16 08:50:06.048604,619
199481,187,Active,29,9,2013-07-16 08:50:06.053542,619
199482,189,Active,7,32,2013-07-16 08:50:06.058543,619
199483,190,Active,12,7,2013-07-16 08:50:06.063355,619
199484,191,Active,11,6,2013-07-16 08:50:06.068124,619
199485,192,Active,27,4,2013-07-16 08:50:06.073211,619
199486,193,Active,19,2,2013-07-16 08:50:06.077961,619
199487,194,Active,16,10,2013-07-16 08:50:06.082894,619
199488,195,Active,2,22,2013-07-16 08:50:06.087839,619
199489,196,Active,7,35,2013-07-16 08:50:06.092556,619
199490,197,Active,15,12,2013-07-16 08:50:06.098809,619
199491,198,Active,3,39,2013-07-16 08:50:06.103833,619
199492,199,Active,8,15,2013-07-16 08:50:06.108665,619
199493,200,Active,12,9,2013-07-16 08:50:06.113587,619
199494,201,Active,9,13,2013-07-16 08:50:06.118354,619
199495,202,Active,11,7,2013-07-16 08:50:06.123248,619
199496,203,Active,19,33,2013-07-16 08:50:06.130922,619
199497,204,Active,3,31,2013-07-16 08:50:06.135858,619
199498,205,Active,10,19,2013-07-16 08:50:06.140964,619
199499,206,Active,18,37,2013-07-16 08:50:06.145969,619
199500,207,Active,29,0,2013-07-16 08:50:06.150801,619
199501,208,Active,5,22,2013-07-16 08:50:06.155677,619
199502,209,Active,16,13,2013-07-16 08:50:06.160534,619
199503,210,Active,26,1,2013-07-16 08:50:06.165398,619
199504,211,Active,33,1,2013-07-16 08:50:06.17024,619
199505,212,Active,1,24,2013-07-16 08:50:06.175111,619
199506,213,Active,5,42,2013-07-16 08:50:06.180147,619
199507,214,Active,12,15,2013-07-16 08:50:06.185063,619
199508,215,Active,10,12,2013-07-16 08:50:06.190093,619
199509,216,Active,22,2,2013-07-16 08:50:06.195115,619
199510,217,Active,33,2,2013-07-16 08:50:06.199868,619
199511,218,Active,10,21,2013-07-16 08:50:06.204802,619
199512,219,Active,1,33,2013-07-16 08:50:06.209601,619
199513,220,Active,0,49,2013-07-16 08:50:06.219813,619
199514,221,Active,10,10,2013-07-16 08:50:06.22456,619
199515,222,Active,8,44,2013-07-16 08:50:06.229493,619
199516,223,Active,27,4,2013-07-16 08:50:06.234289,619
199517,224,Active,5,33,2013-07-16 08:50:06.239205,619
199518,225,Active,1,28,2013-07-16 08:50:06.244425,619
199519,226,Active,24,2,2013-07-16 08:50:06.27123,619
199520,227,Active,6,19,2013-07-16 08:50:06.275978,619
199521,228,Active,8,48,2013-07-16 08:50:06.280722,619
199522,229,Active,26,8,2013-07-16 08:50:06.286316,619
199523,230,Active,6,23,2013-07-16 08:50:06.291371,619
199524,231,Active,5,32,2013-07-16 08:50:06.296152,619
199525,232,Active,1,33,2013-07-16 08:50:06.302593,619
199526,233,Active,3,55,2013-07-16 08:50:06.307479,619
199527,234,Active,0,26,2013-07-16 08:50:06.312179,619
199528,235,Active,0,20,2013-07-16 08:50:06.316891,619
199529,236,Active,13,7,2013-07-16 08:50:06.321794,619
199530,237,Active,28,7,2013-07-16 08:50:06.326695,619
199531,238,Active,27,17,2013-07-16 08:50:06.331445,619
199532,239,Active,1,21,2013-07-16 08:50:06.336599,619
199533,240,Active,1,53,2013-07-16 08:50:06.34159,619
199534,241,Active,1,37,2013-07-16 08:50:06.346672,619
199535,242,Active,5,30,2013-07-16 08:50:06.351576,619
199536,243,Active,12,19,2013-07-16 08:50:06.356556,619
199537,244,Active,2,57,2013-07-16 08:50:06.361796,619
199538,245,Active,0,57,2013-07-16 08:50:06.367426,619
199539,246,Active,3,31,2013-07-16 08:50:06.372497,619
199540,247,Active,21,0,2013-07-16 08:50:06.378059,619
199541,248,Active,2,38,2013-07-16 08:50:06.383061,619
199542,249,Active,21,13,2013-07-16 08:50:06.388479,619
199543,250,Active,4,43,2013-07-16 08:50:06.393775,619
199544,251,Active,8,29,2013-07-16 08:50:06.398797,619
199545,252,Active,6,37,2013-07-16 08:50:06.403853,619
199546,253,Active,25,32,2013-07-16 08:50:06.408534,619
199547,254,Active,26,3,2013-07-16 08:50:06.414859,619
199548,255,Active,8,18,2013-07-16 08:50:06.419804,619
199549,256,Active,23,3,2013-07-16 08:50:06.424892,619
199550,257,Active,10,13,2013-07-16 08:50:06.429891,619
199551,258,Active,22,12,2013-07-16 08:50:06.434934,619
199552,259,Active,28,5,2013-07-16 08:50:06.439701,619
199553,260,Active,3,34,2013-07-16 08:50:06.444661,619
199554,261,Active,0,38,2013-07-16 08:50:06.449817,619
199555,262,Active,3,35,2013-07-16 08:50:06.454703,619
199556,263,Active,28,1,2013-07-16 08:50:06.459836,619
199557,264,Active,34,3,2013-07-16 08:50:06.464683,619
199558,265,Active,8,27,2013-07-16 08:50:06.469709,619
199559,266,Active,34,17,2013-07-16 08:50:06.474799,619
199560,267,Active,9,44,2013-07-16 08:50:06.479637,619
199561,268,Active,12,35,2013-07-16 08:50:06.484419,619
199562,269,Active,0,31,2013-07-16 08:50:06.489423,619
199563,270,Active,11,23,2013-07-16 08:50:06.494524,619
199564,271,Active,24,1,2013-07-16 08:50:06.499743,619
199565,272,Active,7,38,2013-07-16 08:50:06.504745,619
199566,273,Active,6,48,2013-07-16 08:50:06.510765,619
199567,274,Active,3,25,2013-07-16 08:50:06.515851,619
199568,275,Active,3,30,2013-07-16 08:50:06.52076,619
199569,276,Active,0,51,2013-07-16 08:50:06.525955,619
199570,277,Active,27,10,2013-07-16 08:50:06.531064,619
199571,278,Active,7,21,2013-07-16 08:50:06.536134,619
199572,279,Active,36,1,2013-07-16 08:50:06.541308,619
199573,280,Active,0,32,2013-07-16 08:50:06.546445,619
199574,281,Active,24,20,2013-07-16 08:50:06.55173,619
199575,282,Active,21,1,2013-07-16 08:50:06.579199,619
199576,283,Active,10,23,2013-07-16 08:50:06.584304,619
199577,284,Active,3,45,2013-07-16 08:50:06.589735,619
199578,285,Active,27,3,2013-07-16 08:50:06.594399,619
199579,286,Active,24,3,2013-07-16 08:50:06.602922,619
199580,287,Active,9,17,2013-07-16 08:50:06.608098,619
199581,288,Active,46,2,2013-07-16 08:50:06.613121,619
199582,289,Active,26,6,2013-07-16 08:50:06.618128,619
199583,290,Active,3,27,2013-07-16 08:50:06.623106,619
199584,291,Active,21,37,2013-07-16 08:50:06.628077,619
199585,292,Active,8,27,2013-07-16 08:50:06.632895,619
199586,293,Active,38,14,2013-07-16 08:50:06.637736,619
199587,294,Active,0,38,2013-07-16 08:50:06.642483,619
199588,295,Active,53,5,2013-07-16 08:50:06.647346,619
199589,296,Active,1,50,2013-07-16 08:50:06.652235,619
199590,297,Active,12,34,2013-07-16 08:50:06.65726,619
199591,298,Active,1,56,2013-07-16 08:50:06.662249,619
199592,299,Active,7,32,2013-07-16 08:50:06.667147,619
199593,300,Active,3,40,2013-07-16 08:50:06.671996,619
199594,301,Active,22,31,2013-07-16 08:50:06.676901,619
199595,302,Active,17,18,2013-07-16 08:50:06.681712,619
199596,303,Active,28,8,2013-07-16 08:50:06.68656,619
199597,304,Active,10,20,2013-07-16 08:50:06.691284,619
199598,305,Active,13,22,2013-07-16 08:50:06.696028,619
199599,306,Active,37,3,2013-07-16 08:50:06.700843,619
199600,307,Active,1,48,2013-07-16 08:50:06.70563,619
199601,308,Active,6,25,2013-07-16 08:50:06.715678,619
199602,309,Active,13,15,2013-07-16 08:50:06.720978,619
199603,310,Active,8,30,2013-07-16 08:50:06.725716,619
199604,311,Active,0,38,2013-07-16 08:50:06.730976,619
199605,312,Active,11,17,2013-07-16 08:50:06.736123,619
199606,313,Active,5,31,2013-07-16 08:50:06.741073,619
199607,314,Active,19,3,2013-07-16 08:50:06.746256,619
199608,315,Active,2,31,2013-07-16 08:50:06.754745,619
199609,316,Active,2,28,2013-07-16 08:50:06.759721,619
199610,317,Active,8,6,2013-07-16 08:50:06.764605,619
199611,318,Active,17,6,2013-07-16 08:50:06.769579,619
199612,319,Active,24,3,2013-07-16 08:50:06.7745,619
199613,320,Active,7,28,2013-07-16 08:50:06.779455,619
199614,321,Active,4,8,2013-07-16 08:50:06.784426,619
199615,322,Active,1,47,2013-07-16 08:50:06.789454,619
199616,327,Active,4,25,2013-07-16 08:50:06.794399,619
199617,328,Active,1,34,2013-07-16 08:50:06.806878,619
199618,323,Active,1,38,2013-07-16 08:50:06.811701,619
199619,324,Active,5,19,2013-07-16 08:50:06.816431,619
199620,325,Active,0,0,2013-07-16 08:50:06.821371,619
199621,326,Active,0,31,2013-07-16 08:50:06.826246,619
199622,1,Active,14,20,2013-07-16 09:00:05.715438,620
199623,2,Active,8,21,2013-07-16 09:00:05.723826,620
199624,3,Active,4,20,2013-07-16 09:00:05.728252,620
199625,4,Active,25,37,2013-07-16 09:00:05.732432,620
199626,5,Active,24,11,2013-07-16 09:00:05.736896,620
199627,6,Active,11,7,2013-07-16 09:00:05.741117,620
199628,7,Active,19,0,2013-07-16 09:00:05.745338,620
199629,8,Active,13,17,2013-07-16 09:00:05.74952,620
199630,9,Active,9,19,2013-07-16 09:00:05.753675,620
199631,10,Inactive,0,28,2013-07-16 09:00:05.75791,620
199632,11,Active,25,0,2013-07-16 09:00:05.762685,620
199633,12,Active,2,17,2013-07-16 09:00:05.766808,620
199634,13,Active,5,33,2013-07-16 09:00:05.771061,620
199635,14,Active,3,29,2013-07-16 09:00:05.775265,620
199636,15,Active,29,1,2013-07-16 09:00:05.779497,620
199637,16,Active,16,17,2013-07-16 09:00:05.783755,620
199638,17,Active,11,17,2013-07-16 09:00:05.788019,620
199639,18,Active,0,52,2013-07-16 09:00:05.792197,620
199640,19,Active,16,4,2013-07-16 09:00:05.798643,620
199641,20,Active,3,22,2013-07-16 09:00:05.802827,620
199642,21,Active,4,30,2013-07-16 09:00:05.807042,620
199643,22,Active,3,43,2013-07-16 09:00:05.811258,620
199644,23,Active,1,43,2013-07-16 09:00:05.81533,620
199645,24,Active,3,42,2013-07-16 09:00:05.819468,620
199646,25,Active,1,46,2013-07-16 09:00:05.82364,620
199647,26,Active,21,3,2013-07-16 09:00:05.827812,620
199648,27,Active,3,42,2013-07-16 09:00:05.832253,620
199649,28,Active,2,25,2013-07-16 09:00:05.836229,620
199650,29,Active,15,5,2013-07-16 09:00:05.840316,620
199651,30,Active,16,22,2013-07-16 09:00:05.844779,620
199652,31,Active,20,19,2013-07-16 09:00:05.848838,620
199653,32,Active,18,12,2013-07-16 09:00:05.853219,620
199654,33,Active,3,24,2013-07-16 09:00:05.857414,620
199655,34,Active,17,18,2013-07-16 09:00:05.861645,620
199656,35,Active,1,49,2013-07-16 09:00:05.865886,620
199657,36,Active,7,18,2013-07-16 09:00:05.870007,620
199658,37,Active,10,13,2013-07-16 09:00:05.874153,620
199659,38,Active,9,29,2013-07-16 09:00:05.878447,620
199660,39,Active,35,2,2013-07-16 09:00:05.882486,620
199661,40,Active,36,2,2013-07-16 09:00:05.886633,620
199662,41,Active,16,9,2013-07-16 09:00:05.894835,620
199663,42,Active,0,31,2013-07-16 09:00:05.899026,620
199664,43,Active,13,8,2013-07-16 09:00:05.903236,620
199665,44,Active,11,10,2013-07-16 09:00:05.907556,620
199666,45,Active,0,19,2013-07-16 09:00:05.911687,620
199667,46,Active,19,11,2013-07-16 09:00:05.915808,620
199668,47,Active,17,3,2013-07-16 09:00:05.919929,620
199669,48,Active,13,5,2013-07-16 09:00:05.924147,620
199670,49,Active,3,17,2013-07-16 09:00:05.928297,620
199671,50,Active,3,24,2013-07-16 09:00:05.93253,620
199672,51,Active,9,30,2013-07-16 09:00:05.936615,620
199673,52,Active,7,18,2013-07-16 09:00:05.940855,620
199674,53,Active,17,13,2013-07-16 09:00:05.944993,620
199675,54,Active,7,39,2013-07-16 09:00:05.949167,620
199676,55,Active,15,14,2013-07-16 09:00:05.953504,620
199677,56,Active,2,37,2013-07-16 09:00:05.957842,620
199678,57,Active,17,6,2013-07-16 09:00:05.986128,620
199679,58,Active,6,30,2013-07-16 09:00:05.990948,620
199680,59,Active,7,28,2013-07-16 09:00:05.995776,620
199681,60,Active,10,15,2013-07-16 09:00:06.000752,620
199682,61,Active,4,20,2013-07-16 09:00:06.005744,620
199683,62,Active,7,20,2013-07-16 09:00:06.010679,620
199684,63,Active,3,23,2013-07-16 09:00:06.015566,620
199685,64,Active,26,3,2013-07-16 09:00:06.023184,620
199686,65,Active,20,1,2013-07-16 09:00:06.027929,620
199687,66,Active,0,56,2013-07-16 09:00:06.033027,620
199688,67,Active,2,22,2013-07-16 09:00:06.038075,620
199689,68,Active,18,3,2013-07-16 09:00:06.04342,620
199690,69,Active,23,15,2013-07-16 09:00:06.048465,620
199691,70,Active,14,14,2013-07-16 09:00:06.053627,620
199692,71,Active,13,6,2013-07-16 09:00:06.058383,620
199693,72,Active,4,19,2013-07-16 09:00:06.063587,620
199694,73,Active,11,7,2013-07-16 09:00:06.068521,620
199695,74,Active,1,18,2013-07-16 09:00:06.0734,620
199696,75,Active,22,6,2013-07-16 09:00:06.078406,620
199697,76,Active,2,53,2013-07-16 09:00:06.083189,620
199698,77,Active,12,14,2013-07-16 09:00:06.088051,620
199699,78,Active,18,16,2013-07-16 09:00:06.092842,620
199700,79,Active,3,43,2013-07-16 09:00:06.097751,620
199701,80,Active,11,6,2013-07-16 09:00:06.102902,620
199702,81,Active,2,26,2013-07-16 09:00:06.107784,620
199703,82,Active,8,11,2013-07-16 09:00:06.112697,620
199704,83,Active,10,40,2013-07-16 09:00:06.117615,620
199705,84,Active,2,28,2013-07-16 09:00:06.122648,620
199706,85,Active,0,24,2013-07-16 09:00:06.127405,620
199707,86,Active,11,20,2013-07-16 09:00:06.133074,620
199708,87,Active,16,9,2013-07-16 09:00:06.138043,620
199709,88,Active,11,21,2013-07-16 09:00:06.142982,620
199710,89,Active,30,8,2013-07-16 09:00:06.148132,620
199711,90,Active,32,1,2013-07-16 09:00:06.153054,620
199712,91,Active,18,5,2013-07-16 09:00:06.158051,620
199713,92,Active,6,24,2013-07-16 09:00:06.163049,620
199714,93,Active,3,30,2013-07-16 09:00:06.168253,620
199715,94,Active,2,30,2013-07-16 09:00:06.173335,620
199716,95,Active,8,25,2013-07-16 09:00:06.178316,620
199717,96,Active,20,11,2013-07-16 09:00:06.183187,620
199718,97,Active,11,12,2013-07-16 09:00:06.188105,620
199719,98,Active,8,29,2013-07-16 09:00:06.193155,620
199720,99,Active,27,6,2013-07-16 09:00:06.19812,620
199721,100,Active,13,15,2013-07-16 09:00:06.203068,620
199722,101,Active,31,3,2013-07-16 09:00:06.207846,620
199723,102,Active,12,6,2013-07-16 09:00:06.212756,620
199724,103,Active,20,18,2013-07-16 09:00:06.217821,620
199725,104,Active,11,18,2013-07-16 09:00:06.222814,620
199726,105,Active,12,30,2013-07-16 09:00:06.22793,620
199727,106,Active,21,4,2013-07-16 09:00:06.232849,620
199728,107,Active,1,29,2013-07-16 09:00:06.237802,620
199729,108,Active,7,25,2013-07-16 09:00:06.243566,620
199730,109,Active,2,36,2013-07-16 09:00:06.248582,620
199731,110,Active,2,25,2013-07-16 09:00:06.253605,620
199732,111,Active,15,11,2013-07-16 09:00:06.258198,620
199733,112,Active,11,26,2013-07-16 09:00:06.262759,620
199734,113,Active,0,51,2013-07-16 09:00:06.290241,620
199735,114,Active,21,11,2013-07-16 09:00:06.295274,620
199736,115,Active,24,2,2013-07-16 09:00:06.300195,620
199737,116,Active,2,35,2013-07-16 09:00:06.305096,620
199738,117,Active,8,14,2013-07-16 09:00:06.310246,620
199739,118,Active,5,23,2013-07-16 09:00:06.315015,620
199740,119,Active,11,27,2013-07-16 09:00:06.319959,620
199741,120,Active,9,17,2013-07-16 09:00:06.324873,620
199742,121,Active,11,6,2013-07-16 09:00:06.329883,620
199743,122,Active,2,28,2013-07-16 09:00:06.335018,620
199744,123,Active,4,23,2013-07-16 09:00:06.339941,620
199745,124,Active,20,13,2013-07-16 09:00:06.344856,620
199746,125,Active,6,30,2013-07-16 09:00:06.349907,620
199747,126,Active,16,5,2013-07-16 09:00:06.354937,620
199748,127,Active,18,9,2013-07-16 09:00:06.359946,620
199749,128,Active,10,6,2013-07-16 09:00:06.36522,620
199750,129,Active,20,7,2013-07-16 09:00:06.370025,620
199751,130,Active,15,8,2013-07-16 09:00:06.374925,620
199752,131,Active,12,9,2013-07-16 09:00:06.381714,620
199753,132,Active,7,28,2013-07-16 09:00:06.386943,620
199754,133,Active,18,6,2013-07-16 09:00:06.391878,620
199755,134,Active,15,19,2013-07-16 09:00:06.39683,620
199756,135,Active,21,18,2013-07-16 09:00:06.401608,620
199757,136,Active,20,1,2013-07-16 09:00:06.40661,620
199758,137,Active,21,3,2013-07-16 09:00:06.411859,620
199759,138,Active,7,32,2013-07-16 09:00:06.416969,620
199760,139,Active,2,31,2013-07-16 09:00:06.422261,620
199761,140,Active,6,20,2013-07-16 09:00:06.427742,620
199762,141,Active,25,6,2013-07-16 09:00:06.432986,620
199763,142,Active,10,32,2013-07-16 09:00:06.438142,620
199764,143,Active,14,6,2013-07-16 09:00:06.443133,620
199765,144,Active,8,16,2013-07-16 09:00:06.448262,620
199766,145,Active,30,4,2013-07-16 09:00:06.453322,620
199767,146,Active,2,53,2013-07-16 09:00:06.458214,620
199768,147,Active,5,34,2013-07-16 09:00:06.46365,620
199769,148,Active,26,13,2013-07-16 09:00:06.468516,620
199770,149,Active,2,55,2013-07-16 09:00:06.474003,620
199771,150,Active,30,19,2013-07-16 09:00:06.479292,620
199772,151,Active,5,21,2013-07-16 09:00:06.484722,620
199773,152,Active,14,16,2013-07-16 09:00:06.490031,620
199774,153,Active,11,21,2013-07-16 09:00:06.495811,620
199775,154,Active,1,33,2013-07-16 09:00:06.501335,620
199776,155,Active,16,14,2013-07-16 09:00:06.506533,620
199777,156,Active,20,10,2013-07-16 09:00:06.512756,620
199778,157,Active,17,9,2013-07-16 09:00:06.519558,620
199779,158,Active,6,12,2013-07-16 09:00:06.526891,620
199780,159,Active,1,26,2013-07-16 09:00:06.536391,620
199781,160,Active,7,36,2013-07-16 09:00:06.543946,620
199782,161,Active,5,42,2013-07-16 09:00:06.548747,620
199783,162,Active,34,20,2013-07-16 09:00:06.55365,620
199784,163,Active,19,17,2013-07-16 09:00:06.558414,620
199785,164,Active,11,21,2013-07-16 09:00:06.563372,620
199786,165,Active,13,26,2013-07-16 09:00:06.56841,620
199787,166,Active,19,9,2013-07-16 09:00:06.573616,620
199788,167,Active,2,23,2013-07-16 09:00:06.578609,620
199789,168,Active,8,27,2013-07-16 09:00:06.583531,620
199790,169,Active,6,31,2013-07-16 09:00:06.610921,620
199791,170,Active,7,27,2013-07-16 09:00:06.616088,620
199792,171,Active,9,16,2013-07-16 09:00:06.621254,620
199793,172,Active,5,25,2013-07-16 09:00:06.626133,620
199794,173,Active,14,13,2013-07-16 09:00:06.631238,620
199795,174,Inactive,28,5,2013-07-16 09:00:06.636093,620
199796,175,Active,26,2,2013-07-16 09:00:06.643485,620
199797,176,Active,22,12,2013-07-16 09:00:06.648618,620
199798,177,Active,13,14,2013-07-16 09:00:06.653757,620
199799,178,Active,17,7,2013-07-16 09:00:06.658484,620
199800,179,Active,11,15,2013-07-16 09:00:06.663552,620
199801,180,Active,23,3,2013-07-16 09:00:06.668319,620
199802,181,Active,19,7,2013-07-16 09:00:06.673154,620
199803,182,Active,10,3,2013-07-16 09:00:06.678211,620
199804,183,Active,33,2,2013-07-16 09:00:06.683058,620
199805,184,Active,1,40,2013-07-16 09:00:06.687942,620
199806,185,Active,25,2,2013-07-16 09:00:06.692587,620
199807,186,Active,2,35,2013-07-16 09:00:06.697701,620
199808,187,Active,29,9,2013-07-16 09:00:06.702511,620
199809,189,Active,7,32,2013-07-16 09:00:06.708097,620
199810,190,Active,12,7,2013-07-16 09:00:06.71289,620
199811,191,Active,11,6,2013-07-16 09:00:06.717888,620
199812,192,Active,27,4,2013-07-16 09:00:06.722986,620
199813,193,Active,19,2,2013-07-16 09:00:06.728029,620
199814,194,Active,16,10,2013-07-16 09:00:06.732798,620
199815,195,Active,2,22,2013-07-16 09:00:06.73788,620
199816,196,Active,7,35,2013-07-16 09:00:06.742924,620
199817,197,Active,15,12,2013-07-16 09:00:06.747691,620
199818,198,Active,3,39,2013-07-16 09:00:06.752644,620
199819,199,Active,8,15,2013-07-16 09:00:06.759103,620
199820,200,Active,12,9,2013-07-16 09:00:06.763942,620
199821,201,Active,9,13,2013-07-16 09:00:06.768869,620
199822,202,Active,11,7,2013-07-16 09:00:06.773583,620
199823,203,Active,18,34,2013-07-16 09:00:06.778569,620
199824,204,Active,3,31,2013-07-16 09:00:06.783308,620
199825,205,Active,10,19,2013-07-16 09:00:06.788224,620
199826,206,Active,18,37,2013-07-16 09:00:06.7932,620
199827,207,Active,29,0,2013-07-16 09:00:06.798086,620
199828,208,Active,5,22,2013-07-16 09:00:06.80307,620
199829,209,Active,16,13,2013-07-16 09:00:06.811479,620
199830,210,Active,26,1,2013-07-16 09:00:06.816218,620
199831,211,Active,33,1,2013-07-16 09:00:06.821252,620
199832,212,Active,1,24,2013-07-16 09:00:06.826123,620
199833,213,Active,5,42,2013-07-16 09:00:06.83102,620
199834,214,Active,12,15,2013-07-16 09:00:06.835875,620
199835,215,Active,10,12,2013-07-16 09:00:06.840902,620
199836,216,Active,22,2,2013-07-16 09:00:06.845699,620
199837,217,Active,33,2,2013-07-16 09:00:06.85071,620
199838,218,Active,10,21,2013-07-16 09:00:06.855658,620
199839,219,Active,1,33,2013-07-16 09:00:06.860872,620
199840,220,Active,0,49,2013-07-16 09:00:06.86591,620
199841,221,Active,10,10,2013-07-16 09:00:06.871292,620
199842,222,Active,8,44,2013-07-16 09:00:06.876141,620
199843,223,Active,27,4,2013-07-16 09:00:06.881393,620
199844,224,Active,4,34,2013-07-16 09:00:06.887489,620
199845,225,Active,1,28,2013-07-16 09:00:06.892399,620
199846,226,Active,24,2,2013-07-16 09:00:06.920306,620
199847,227,Active,6,19,2013-07-16 09:00:06.925678,620
199848,228,Active,8,48,2013-07-16 09:00:06.930779,620
199849,229,Active,26,8,2013-07-16 09:00:06.935735,620
199850,230,Active,6,23,2013-07-16 09:00:06.941026,620
199851,231,Active,5,32,2013-07-16 09:00:06.946062,620
199852,232,Active,1,33,2013-07-16 09:00:06.951404,620
199853,233,Active,4,54,2013-07-16 09:00:06.956445,620
199854,234,Active,0,26,2013-07-16 09:00:06.961459,620
199855,235,Active,0,20,2013-07-16 09:00:06.966629,620
199856,236,Active,13,7,2013-07-16 09:00:06.971547,620
199857,237,Active,28,7,2013-07-16 09:00:06.976515,620
199858,238,Active,27,17,2013-07-16 09:00:06.981881,620
199859,239,Active,1,21,2013-07-16 09:00:06.987023,620
199860,240,Active,1,53,2013-07-16 09:00:06.992022,620
199861,241,Active,1,37,2013-07-16 09:00:06.997226,620
199862,242,Active,5,30,2013-07-16 09:00:07.002079,620
199863,243,Active,12,19,2013-07-16 09:00:07.007013,620
199864,244,Active,2,57,2013-07-16 09:00:07.012033,620
199865,245,Active,0,57,2013-07-16 09:00:07.016985,620
199866,246,Active,3,31,2013-07-16 09:00:07.021887,620
199867,247,Active,21,0,2013-07-16 09:00:07.026908,620
199868,248,Active,2,38,2013-07-16 09:00:07.031602,620
199869,249,Active,21,13,2013-07-16 09:00:07.036527,620
199870,250,Active,4,43,2013-07-16 09:00:07.041737,620
199871,251,Active,8,29,2013-07-16 09:00:07.046519,620
199872,252,Active,6,37,2013-07-16 09:00:07.051535,620
199873,253,Active,25,32,2013-07-16 09:00:07.056262,620
199874,254,Active,26,3,2013-07-16 09:00:07.062238,620
199875,255,Active,8,18,2013-07-16 09:00:07.067022,620
199876,256,Active,23,3,2013-07-16 09:00:07.072108,620
199877,257,Active,10,13,2013-07-16 09:00:07.0769,620
199878,258,Active,22,12,2013-07-16 09:00:07.081857,620
199879,259,Active,28,5,2013-07-16 09:00:07.086925,620
199880,260,Active,3,34,2013-07-16 09:00:07.09242,620
199881,261,Active,1,37,2013-07-16 09:00:07.097347,620
199882,262,Active,3,35,2013-07-16 09:00:07.102288,620
199883,263,Active,28,1,2013-07-16 09:00:07.107103,620
199884,264,Active,34,3,2013-07-16 09:00:07.112046,620
199885,265,Active,8,27,2013-07-16 09:00:07.117035,620
199886,266,Active,34,17,2013-07-16 09:00:07.122007,620
199887,267,Active,10,43,2013-07-16 09:00:07.127101,620
199888,268,Active,13,34,2013-07-16 09:00:07.132023,620
199889,269,Active,0,31,2013-07-16 09:00:07.137156,620
199890,270,Active,11,23,2013-07-16 09:00:07.142128,620
199891,271,Active,24,1,2013-07-16 09:00:07.147185,620
199892,272,Active,7,38,2013-07-16 09:00:07.151987,620
199893,273,Active,6,49,2013-07-16 09:00:07.157117,620
199894,274,Active,2,26,2013-07-16 09:00:07.162074,620
199895,275,Active,3,30,2013-07-16 09:00:07.166868,620
199896,276,Active,0,51,2013-07-16 09:00:07.171894,620
199897,277,Active,27,10,2013-07-16 09:00:07.176784,620
199898,278,Active,7,21,2013-07-16 09:00:07.182024,620
199899,279,Active,35,2,2013-07-16 09:00:07.186958,620
199900,280,Active,0,32,2013-07-16 09:00:07.192029,620
199901,281,Active,18,27,2013-07-16 09:00:07.196894,620
199902,282,Active,21,1,2013-07-16 09:00:07.225495,620
199903,283,Active,10,23,2013-07-16 09:00:07.23112,620
199904,284,Active,3,45,2013-07-16 09:00:07.236242,620
199905,285,Active,27,3,2013-07-16 09:00:07.24137,620
199906,286,Active,24,3,2013-07-16 09:00:07.246389,620
199907,287,Active,9,17,2013-07-16 09:00:07.251705,620
199908,288,Active,46,2,2013-07-16 09:00:07.256617,620
199909,289,Active,26,6,2013-07-16 09:00:07.26188,620
199910,290,Active,3,27,2013-07-16 09:00:07.266973,620
199911,291,Active,21,37,2013-07-16 09:00:07.271791,620
199912,292,Active,8,27,2013-07-16 09:00:07.276781,620
199913,293,Active,38,14,2013-07-16 09:00:07.281701,620
199914,294,Active,0,38,2013-07-16 09:00:07.286705,620
199915,295,Active,53,6,2013-07-16 09:00:07.291417,620
199916,296,Active,1,50,2013-07-16 09:00:07.296596,620
199917,297,Active,12,34,2013-07-16 09:00:07.301462,620
199918,298,Active,1,56,2013-07-16 09:00:07.306268,620
199919,299,Active,7,32,2013-07-16 09:00:07.311363,620
199920,300,Active,3,40,2013-07-16 09:00:07.31612,620
199921,301,Active,22,31,2013-07-16 09:00:07.321064,620
199922,302,Active,17,18,2013-07-16 09:00:07.326031,620
199923,303,Active,28,8,2013-07-16 09:00:07.331111,620
199924,304,Active,10,20,2013-07-16 09:00:07.339232,620
199925,305,Active,13,22,2013-07-16 09:00:07.344829,620
199926,306,Active,37,3,2013-07-16 09:00:07.350108,620
199927,307,Active,1,48,2013-07-16 09:00:07.354947,620
199928,308,Active,6,25,2013-07-16 09:00:07.360224,620
199929,309,Active,13,15,2013-07-16 09:00:07.365242,620
199930,310,Active,8,30,2013-07-16 09:00:07.370159,620
199931,311,Active,0,38,2013-07-16 09:00:07.375328,620
199932,312,Active,11,17,2013-07-16 09:00:07.380081,620
199933,313,Active,5,31,2013-07-16 09:00:07.384778,620
199934,314,Active,19,3,2013-07-16 09:00:07.389748,620
199935,315,Active,2,31,2013-07-16 09:00:07.394736,620
199936,316,Active,2,28,2013-07-16 09:00:07.399611,620
199937,317,Active,8,6,2013-07-16 09:00:07.404578,620
199938,318,Active,17,6,2013-07-16 09:00:07.409497,620
199939,319,Active,24,3,2013-07-16 09:00:07.414555,620
199940,320,Active,7,28,2013-07-16 09:00:07.419336,620
199941,321,Active,4,8,2013-07-16 09:00:07.424226,620
199942,322,Active,1,47,2013-07-16 09:00:07.429077,620
199943,327,Active,4,25,2013-07-16 09:00:07.433946,620
199944,328,Active,1,34,2013-07-16 09:00:07.438967,620
199945,323,Active,1,38,2013-07-16 09:00:07.443915,620
199946,324,Active,5,19,2013-07-16 09:00:07.448963,620
199947,325,Active,0,0,2013-07-16 09:00:07.455569,620
199948,326,Active,0,31,2013-07-16 09:00:07.460486,620
199949,1,Active,14,20,2013-07-16 09:10:05.41629,621
199950,2,Active,8,21,2013-07-16 09:10:05.424779,621
199951,3,Active,4,20,2013-07-16 09:10:05.429298,621
199952,4,Active,25,37,2013-07-16 09:10:05.433845,621
199953,5,Active,24,11,2013-07-16 09:10:05.437984,621
199954,6,Active,11,7,2013-07-16 09:10:05.442302,621
199955,7,Active,19,0,2013-07-16 09:10:05.44641,621
199956,8,Active,13,17,2013-07-16 09:10:05.450626,621
199957,9,Active,8,20,2013-07-16 09:10:05.454872,621
199958,10,Inactive,0,28,2013-07-16 09:10:05.458981,621
199959,11,Active,25,0,2013-07-16 09:10:05.467493,621
199960,12,Active,2,17,2013-07-16 09:10:05.471618,621
199961,13,Active,5,33,2013-07-16 09:10:05.475679,621
199962,14,Active,3,30,2013-07-16 09:10:05.479692,621
199963,15,Active,29,1,2013-07-16 09:10:05.483899,621
199964,16,Active,16,17,2013-07-16 09:10:05.489006,621
199965,17,Active,11,17,2013-07-16 09:10:05.493204,621
199966,18,Active,0,52,2013-07-16 09:10:05.497575,621
199967,19,Active,16,4,2013-07-16 09:10:05.501728,621
199968,20,Active,3,22,2013-07-16 09:10:05.505899,621
199969,21,Active,4,30,2013-07-16 09:10:05.510084,621
199970,22,Active,3,43,2013-07-16 09:10:05.514307,621
199971,23,Active,1,43,2013-07-16 09:10:05.518455,621
199972,24,Active,2,43,2013-07-16 09:10:05.522567,621
199973,25,Active,1,46,2013-07-16 09:10:05.526695,621
199974,26,Active,21,3,2013-07-16 09:10:05.531626,621
199975,27,Active,3,42,2013-07-16 09:10:05.535897,621
199976,28,Active,2,25,2013-07-16 09:10:05.540066,621
199977,29,Active,15,5,2013-07-16 09:10:05.544275,621
199978,30,Active,16,22,2013-07-16 09:10:05.548375,621
199979,31,Active,20,19,2013-07-16 09:10:05.552639,621
199980,32,Active,18,12,2013-07-16 09:10:05.556904,621
199981,33,Active,3,24,2013-07-16 09:10:05.561109,621
199982,34,Active,17,18,2013-07-16 09:10:05.565346,621
199983,35,Active,1,49,2013-07-16 09:10:05.569335,621
199984,36,Active,7,18,2013-07-16 09:10:05.573537,621
199985,37,Active,10,13,2013-07-16 09:10:05.577968,621
199986,38,Active,9,29,2013-07-16 09:10:05.582163,621
199987,39,Active,35,2,2013-07-16 09:10:05.58646,621
199988,40,Active,36,2,2013-07-16 09:10:05.590613,621
199989,41,Active,16,9,2013-07-16 09:10:05.594897,621
199990,42,Active,0,31,2013-07-16 09:10:05.599033,621
199991,43,Active,13,8,2013-07-16 09:10:05.603111,621
199992,44,Active,11,10,2013-07-16 09:10:05.607338,621
199993,45,Active,5,14,2013-07-16 09:10:05.611531,621
199994,46,Active,19,11,2013-07-16 09:10:05.615786,621
199995,47,Active,17,3,2013-07-16 09:10:05.619924,621
199996,48,Active,13,5,2013-07-16 09:10:05.624173,621
199997,49,Active,3,17,2013-07-16 09:10:05.628435,621
199998,50,Active,3,24,2013-07-16 09:10:05.63264,621
199999,51,Active,9,30,2013-07-16 09:10:05.636832,621
200000,52,Active,7,18,2013-07-16 09:10:05.643202,621
200001,53,Active,17,13,2013-07-16 09:10:05.662184,621
200002,54,Active,6,40,2013-07-16 09:10:05.666431,621
200003,55,Active,15,14,2013-07-16 09:10:05.67057,621
200004,56,Active,2,37,2013-07-16 09:10:05.697661,621
200005,57,Active,17,6,2013-07-16 09:10:05.703284,621
200006,58,Active,6,30,2013-07-16 09:10:05.708469,621
200007,59,Active,7,28,2013-07-16 09:10:05.714059,621
200008,60,Active,10,15,2013-07-16 09:10:05.718878,621
200009,61,Active,4,20,2013-07-16 09:10:05.724198,621
200010,62,Active,7,20,2013-07-16 09:10:05.729315,621
200011,63,Active,3,23,2013-07-16 09:10:05.734374,621
200012,64,Active,25,4,2013-07-16 09:10:05.739651,621
200013,65,Active,20,1,2013-07-16 09:10:05.745624,621
200014,66,Active,0,56,2013-07-16 09:10:05.750877,621
200015,67,Active,2,22,2013-07-16 09:10:05.755575,621
200016,68,Active,18,3,2013-07-16 09:10:05.760556,621
200017,69,Active,23,15,2013-07-16 09:10:05.765464,621
200018,70,Active,14,14,2013-07-16 09:10:05.770329,621
200019,71,Active,13,6,2013-07-16 09:10:05.776077,621
200020,72,Active,4,19,2013-07-16 09:10:05.780974,621
200021,73,Active,11,7,2013-07-16 09:10:05.785761,621
200022,74,Active,1,18,2013-07-16 09:10:05.790578,621
200023,75,Active,22,6,2013-07-16 09:10:05.79539,621
200024,76,Active,2,53,2013-07-16 09:10:05.800207,621
200025,77,Active,12,14,2013-07-16 09:10:05.805147,621
200026,78,Active,18,16,2013-07-16 09:10:05.811776,621
200027,79,Active,3,43,2013-07-16 09:10:05.816897,621
200028,80,Active,11,6,2013-07-16 09:10:05.821999,621
200029,81,Active,2,26,2013-07-16 09:10:05.82794,621
200030,82,Active,8,11,2013-07-16 09:10:05.832764,621
200031,83,Active,10,40,2013-07-16 09:10:05.837593,621
200032,84,Active,3,27,2013-07-16 09:10:05.842728,621
200033,85,Active,0,24,2013-07-16 09:10:05.84759,621
200034,86,Active,11,20,2013-07-16 09:10:05.853451,621
200035,87,Active,16,9,2013-07-16 09:10:05.858391,621
200036,88,Active,11,21,2013-07-16 09:10:05.863546,621
200037,89,Active,30,8,2013-07-16 09:10:05.869236,621
200038,90,Active,32,1,2013-07-16 09:10:05.87401,621
200039,91,Active,18,5,2013-07-16 09:10:05.878955,621
200040,92,Active,6,24,2013-07-16 09:10:05.883888,621
200041,93,Active,3,30,2013-07-16 09:10:05.88901,621
200042,94,Active,3,29,2013-07-16 09:10:05.893852,621
200043,95,Active,8,25,2013-07-16 09:10:05.898766,621
200044,96,Active,20,11,2013-07-16 09:10:05.903632,621
200045,97,Active,11,12,2013-07-16 09:10:05.908921,621
200046,98,Active,8,29,2013-07-16 09:10:05.914058,621
200047,99,Active,27,6,2013-07-16 09:10:05.91892,621
200048,100,Active,13,15,2013-07-16 09:10:05.927918,621
200049,101,Active,31,3,2013-07-16 09:10:05.932804,621
200050,102,Active,12,6,2013-07-16 09:10:05.937912,621
200051,103,Active,19,19,2013-07-16 09:10:05.942818,621
200052,104,Active,11,18,2013-07-16 09:10:05.948932,621
200053,105,Active,12,30,2013-07-16 09:10:05.955102,621
200054,106,Active,21,4,2013-07-16 09:10:05.961241,621
200055,107,Active,1,29,2013-07-16 09:10:05.966424,621
200056,108,Active,7,25,2013-07-16 09:10:05.971341,621
200057,109,Active,2,36,2013-07-16 09:10:05.976541,621
200058,110,Active,2,25,2013-07-16 09:10:05.981502,621
200059,111,Active,15,11,2013-07-16 09:10:05.98592,621
200060,112,Active,11,26,2013-07-16 09:10:06.012465,621
200061,113,Active,5,46,2013-07-16 09:10:06.023401,621
200062,114,Active,21,11,2013-07-16 09:10:06.035446,621
200063,115,Active,24,2,2013-07-16 09:10:06.04042,621
200064,116,Active,3,34,2013-07-16 09:10:06.045511,621
200065,117,Active,8,14,2013-07-16 09:10:06.050557,621
200066,118,Active,5,23,2013-07-16 09:10:06.055518,621
200067,119,Active,11,27,2013-07-16 09:10:06.062109,621
200068,120,Active,9,17,2013-07-16 09:10:06.067021,621
200069,121,Active,11,6,2013-07-16 09:10:06.072015,621
200070,122,Active,2,28,2013-07-16 09:10:06.07806,621
200071,123,Active,4,23,2013-07-16 09:10:06.08479,621
200072,124,Active,20,13,2013-07-16 09:10:06.089806,621
200073,125,Active,6,30,2013-07-16 09:10:06.094825,621
200074,126,Active,16,5,2013-07-16 09:10:06.0998,621
200075,127,Active,18,9,2013-07-16 09:10:06.104821,621
200076,128,Active,10,6,2013-07-16 09:10:06.110065,621
200077,129,Active,20,7,2013-07-16 09:10:06.115009,621
200078,130,Active,15,8,2013-07-16 09:10:06.120438,621
200079,131,Active,12,9,2013-07-16 09:10:06.125588,621
200080,132,Active,7,28,2013-07-16 09:10:06.130418,621
200081,133,Active,18,6,2013-07-16 09:10:06.135292,621
200082,134,Active,16,18,2013-07-16 09:10:06.140245,621
200083,135,Active,21,18,2013-07-16 09:10:06.145298,621
200084,136,Active,20,1,2013-07-16 09:10:06.151133,621
200085,137,Active,21,3,2013-07-16 09:10:06.15603,621
200086,138,Active,7,32,2013-07-16 09:10:06.161098,621
200087,139,Active,2,31,2013-07-16 09:10:06.16599,621
200088,140,Active,6,20,2013-07-16 09:10:06.171071,621
200089,141,Active,25,6,2013-07-16 09:10:06.17592,621
200090,142,Active,10,32,2013-07-16 09:10:06.180813,621
200091,143,Active,14,6,2013-07-16 09:10:06.186462,621
200092,144,Active,8,16,2013-07-16 09:10:06.191639,621
200093,145,Active,30,4,2013-07-16 09:10:06.199763,621
200094,146,Active,2,53,2013-07-16 09:10:06.204632,621
200095,147,Active,5,34,2013-07-16 09:10:06.209592,621
200096,148,Active,26,13,2013-07-16 09:10:06.21452,621
200097,149,Active,2,55,2013-07-16 09:10:06.219706,621
200098,150,Active,30,19,2013-07-16 09:10:06.225129,621
200099,151,Active,5,21,2013-07-16 09:10:06.230217,621
200100,152,Active,14,16,2013-07-16 09:10:06.235149,621
200101,153,Active,11,21,2013-07-16 09:10:06.240162,621
200102,154,Active,1,33,2013-07-16 09:10:06.245107,621
200103,155,Active,16,14,2013-07-16 09:10:06.250044,621
200104,156,Active,20,10,2013-07-16 09:10:06.255067,621
200105,157,Active,17,9,2013-07-16 09:10:06.259808,621
200106,158,Active,6,12,2013-07-16 09:10:06.264695,621
200107,159,Active,1,26,2013-07-16 09:10:06.270104,621
200108,160,Active,7,36,2013-07-16 09:10:06.275304,621
200109,161,Active,5,42,2013-07-16 09:10:06.280398,621
200110,162,Active,33,21,2013-07-16 09:10:06.286109,621
200111,163,Active,19,17,2013-07-16 09:10:06.291118,621
200112,164,Active,11,21,2013-07-16 09:10:06.295924,621
200113,165,Active,13,26,2013-07-16 09:10:06.300895,621
200114,166,Active,19,9,2013-07-16 09:10:06.305924,621
200115,167,Active,2,23,2013-07-16 09:10:06.312255,621
200116,168,Active,8,27,2013-07-16 09:10:06.317593,621
200117,169,Active,6,31,2013-07-16 09:10:06.344901,621
200118,170,Active,7,27,2013-07-16 09:10:06.350415,621
200119,171,Active,9,16,2013-07-16 09:10:06.356209,621
200120,172,Active,5,25,2013-07-16 09:10:06.361111,621
200121,173,Active,14,13,2013-07-16 09:10:06.366216,621
200122,174,Inactive,28,5,2013-07-16 09:10:06.371585,621
200123,175,Active,26,2,2013-07-16 09:10:06.376959,621
200124,176,Active,22,12,2013-07-16 09:10:06.38219,621
200125,177,Active,13,14,2013-07-16 09:10:06.388103,621
200126,178,Active,17,7,2013-07-16 09:10:06.393997,621
200127,179,Active,11,15,2013-07-16 09:10:06.399127,621
200128,180,Active,23,3,2013-07-16 09:10:06.404023,621
200129,181,Active,19,7,2013-07-16 09:10:06.408989,621
200130,182,Active,10,3,2013-07-16 09:10:06.414235,621
200131,183,Active,29,7,2013-07-16 09:10:06.419838,621
200132,184,Active,1,40,2013-07-16 09:10:06.425367,621
200133,185,Active,25,2,2013-07-16 09:10:06.430767,621
200134,186,Active,2,35,2013-07-16 09:10:06.436073,621
200135,187,Active,29,9,2013-07-16 09:10:06.441056,621
200136,189,Active,7,32,2013-07-16 09:10:06.446337,621
200137,190,Active,12,7,2013-07-16 09:10:06.452092,621
200138,191,Active,11,6,2013-07-16 09:10:06.457211,621
200139,192,Active,27,4,2013-07-16 09:10:06.462031,621
200140,193,Active,19,2,2013-07-16 09:10:06.468056,621
200141,194,Active,16,10,2013-07-16 09:10:06.473105,621
200142,195,Active,1,23,2013-07-16 09:10:06.477915,621
200143,196,Active,7,35,2013-07-16 09:10:06.483632,621
200144,197,Active,15,12,2013-07-16 09:10:06.488631,621
200145,198,Active,3,39,2013-07-16 09:10:06.494056,621
200146,199,Active,8,15,2013-07-16 09:10:06.499134,621
200147,200,Active,12,9,2013-07-16 09:10:06.504228,621
200148,201,Active,9,13,2013-07-16 09:10:06.510206,621
200149,202,Active,11,7,2013-07-16 09:10:06.515387,621
200150,203,Active,18,34,2013-07-16 09:10:06.520237,621
200151,204,Active,3,31,2013-07-16 09:10:06.52571,621
200152,205,Active,10,19,2013-07-16 09:10:06.531309,621
200153,206,Active,18,37,2013-07-16 09:10:06.537216,621
200154,207,Active,29,0,2013-07-16 09:10:06.542397,621
200155,208,Active,5,22,2013-07-16 09:10:06.548013,621
200156,209,Active,16,13,2013-07-16 09:10:06.55333,621
200157,210,Active,26,1,2013-07-16 09:10:06.558471,621
200158,211,Active,33,1,2013-07-16 09:10:06.563479,621
200159,212,Active,1,24,2013-07-16 09:10:06.568637,621
200160,213,Active,5,42,2013-07-16 09:10:06.573853,621
200161,214,Active,12,15,2013-07-16 09:10:06.579094,621
200162,215,Active,10,12,2013-07-16 09:10:06.586552,621
200163,216,Active,22,2,2013-07-16 09:10:06.591625,621
200164,217,Active,33,2,2013-07-16 09:10:06.596711,621
200165,218,Active,10,21,2013-07-16 09:10:06.602369,621
200166,219,Active,1,33,2013-07-16 09:10:06.607568,621
200167,220,Active,0,49,2013-07-16 09:10:06.61288,621
200168,221,Active,10,10,2013-07-16 09:10:06.618085,621
200169,222,Active,8,44,2013-07-16 09:10:06.623149,621
200170,223,Active,27,4,2013-07-16 09:10:06.628182,621
200171,224,Active,4,34,2013-07-16 09:10:06.633843,621
200172,225,Active,1,28,2013-07-16 09:10:06.638913,621
200173,226,Active,24,2,2013-07-16 09:10:06.667001,621
200174,227,Active,6,19,2013-07-16 09:10:06.672337,621
200175,228,Active,8,48,2013-07-16 09:10:06.677559,621
200176,229,Active,26,8,2013-07-16 09:10:06.682943,621
200177,230,Active,6,23,2013-07-16 09:10:06.687627,621
200178,231,Active,5,32,2013-07-16 09:10:06.693529,621
200179,232,Active,1,33,2013-07-16 09:10:06.698947,621
200180,233,Active,4,54,2013-07-16 09:10:06.703996,621
200181,234,Active,0,26,2013-07-16 09:10:06.708896,621
200182,235,Active,0,20,2013-07-16 09:10:06.717167,621
200183,236,Active,13,7,2013-07-16 09:10:06.722161,621
200184,237,Active,29,6,2013-07-16 09:10:06.727034,621
200185,238,Active,27,17,2013-07-16 09:10:06.732168,621
200186,239,Active,1,21,2013-07-16 09:10:06.737428,621
200187,240,Active,1,53,2013-07-16 09:10:06.743813,621
200188,241,Active,1,37,2013-07-16 09:10:06.749024,621
200189,242,Active,5,30,2013-07-16 09:10:06.753963,621
200190,243,Active,12,19,2013-07-16 09:10:06.759616,621
200191,244,Active,2,57,2013-07-16 09:10:06.765012,621
200192,245,Active,0,57,2013-07-16 09:10:06.770028,621
200193,246,Active,3,31,2013-07-16 09:10:06.775053,621
200194,247,Active,21,0,2013-07-16 09:10:06.780174,621
200195,248,Active,2,38,2013-07-16 09:10:06.786889,621
200196,249,Active,21,13,2013-07-16 09:10:06.791687,621
200197,250,Active,4,43,2013-07-16 09:10:06.796663,621
200198,251,Active,8,29,2013-07-16 09:10:06.801659,621
200199,252,Active,6,37,2013-07-16 09:10:06.807167,621
200200,253,Active,25,32,2013-07-16 09:10:06.812147,621
200201,254,Active,26,3,2013-07-16 09:10:06.817219,621
200202,255,Active,8,18,2013-07-16 09:10:06.822195,621
200203,256,Active,22,4,2013-07-16 09:10:06.827734,621
200204,257,Active,10,13,2013-07-16 09:10:06.835791,621
200205,258,Active,22,13,2013-07-16 09:10:06.841039,621
200206,259,Active,28,5,2013-07-16 09:10:06.846836,621
200207,260,Active,3,34,2013-07-16 09:10:06.851848,621
200208,261,Active,1,37,2013-07-16 09:10:06.856802,621
200209,262,Active,3,35,2013-07-16 09:10:06.862541,621
200210,263,Active,28,1,2013-07-16 09:10:06.86787,621
200211,264,Active,34,3,2013-07-16 09:10:06.874157,621
200212,265,Active,8,27,2013-07-16 09:10:06.879201,621
200213,266,Active,34,17,2013-07-16 09:10:06.884333,621
200214,267,Active,10,43,2013-07-16 09:10:06.889952,621
200215,268,Active,13,34,2013-07-16 09:10:06.895224,621
200216,269,Active,0,31,2013-07-16 09:10:06.900872,621
200217,270,Active,11,23,2013-07-16 09:10:06.906048,621
200218,271,Active,24,1,2013-07-16 09:10:06.910949,621
200219,272,Active,7,38,2013-07-16 09:10:06.91644,621
200220,273,Active,6,49,2013-07-16 09:10:06.921856,621
200221,274,Active,2,26,2013-07-16 09:10:06.926862,621
200222,275,Active,3,30,2013-07-16 09:10:06.932471,621
200223,276,Active,0,51,2013-07-16 09:10:06.937836,621
200224,277,Active,27,10,2013-07-16 09:10:06.942936,621
200225,278,Active,7,21,2013-07-16 09:10:06.948391,621
200226,279,Active,35,2,2013-07-16 09:10:06.95356,621
200227,280,Active,0,32,2013-07-16 09:10:06.958795,621
200228,281,Active,18,27,2013-07-16 09:10:06.964004,621
200229,282,Active,21,1,2013-07-16 09:10:06.992622,621
200230,283,Active,10,23,2013-07-16 09:10:06.997771,621
200231,284,Active,3,45,2013-07-16 09:10:07.003278,621
200232,285,Active,27,3,2013-07-16 09:10:07.008769,621
200233,286,Active,24,3,2013-07-16 09:10:07.013741,621
200234,287,Active,9,17,2013-07-16 09:10:07.018809,621
200235,288,Active,46,2,2013-07-16 09:10:07.024218,621
200236,289,Active,26,6,2013-07-16 09:10:07.029901,621
200237,290,Active,3,27,2013-07-16 09:10:07.034873,621
200238,291,Active,21,37,2013-07-16 09:10:07.039806,621
200239,292,Active,8,27,2013-07-16 09:10:07.044539,621
200240,293,Active,38,14,2013-07-16 09:10:07.049511,621
200241,294,Active,0,38,2013-07-16 09:10:07.055389,621
200242,295,Active,53,6,2013-07-16 09:10:07.06046,621
200243,296,Active,1,50,2013-07-16 09:10:07.065704,621
200244,297,Active,12,34,2013-07-16 09:10:07.071056,621
200245,298,Active,1,56,2013-07-16 09:10:07.080042,621
200246,299,Active,7,32,2013-07-16 09:10:07.085149,621
200247,300,Active,4,39,2013-07-16 09:10:07.0901,621
200248,301,Active,22,31,2013-07-16 09:10:07.096078,621
200249,302,Active,17,18,2013-07-16 09:10:07.101197,621
200250,303,Active,28,8,2013-07-16 09:10:07.107212,621
200251,304,Active,10,20,2013-07-16 09:10:07.112976,621
200252,305,Active,13,22,2013-07-16 09:10:07.118241,621
200253,306,Active,37,3,2013-07-16 09:10:07.123506,621
200254,307,Active,1,48,2013-07-16 09:10:07.128791,621
200255,308,Active,6,25,2013-07-16 09:10:07.135914,621
200256,309,Active,14,14,2013-07-16 09:10:07.141378,621
200257,310,Active,8,30,2013-07-16 09:10:07.146694,621
200258,311,Active,0,38,2013-07-16 09:10:07.151551,621
200259,312,Active,11,17,2013-07-16 09:10:07.156862,621
200260,313,Active,5,31,2013-07-16 09:10:07.16301,621
200261,314,Active,19,3,2013-07-16 09:10:07.168047,621
200262,315,Active,2,31,2013-07-16 09:10:07.173168,621
200263,316,Active,2,28,2013-07-16 09:10:07.178181,621
200264,317,Active,8,6,2013-07-16 09:10:07.18334,621
200265,318,Active,17,6,2013-07-16 09:10:07.188958,621
200266,319,Active,24,3,2013-07-16 09:10:07.195411,621
200267,320,Active,7,28,2013-07-16 09:10:07.201364,621
200268,321,Active,4,8,2013-07-16 09:10:07.206428,621
200269,322,Active,1,47,2013-07-16 09:10:07.21174,621
200270,327,Active,4,25,2013-07-16 09:10:07.217084,621
200271,328,Active,1,34,2013-07-16 09:10:07.222186,621
200272,323,Active,1,38,2013-07-16 09:10:07.227106,621
200273,324,Active,5,19,2013-07-16 09:10:07.232864,621
200274,325,Active,0,0,2013-07-16 09:10:07.237848,621
200275,326,Active,0,31,2013-07-16 09:10:07.242966,621
200276,1,Active,14,20,2013-07-16 09:20:05.28846,622
200277,2,Active,8,21,2013-07-16 09:20:05.296934,622
200278,3,Active,4,20,2013-07-16 09:20:05.322172,622
200279,4,Active,25,37,2013-07-16 09:20:05.327246,622
200280,5,Active,24,11,2013-07-16 09:20:05.331492,622
200281,6,Active,11,7,2013-07-16 09:20:05.335843,622
200282,7,Active,19,0,2013-07-16 09:20:05.34045,622
200283,8,Active,13,17,2013-07-16 09:20:05.345403,622
200284,9,Active,8,20,2013-07-16 09:20:05.349629,622
200285,10,Inactive,0,28,2013-07-16 09:20:05.353868,622
200286,11,Active,25,0,2013-07-16 09:20:05.383494,622
200287,12,Active,2,17,2013-07-16 09:20:05.388329,622
200288,13,Active,5,33,2013-07-16 09:20:05.392648,622
200289,14,Active,3,30,2013-07-16 09:20:05.397138,622
200290,15,Active,29,1,2013-07-16 09:20:05.401521,622
200291,16,Active,16,17,2013-07-16 09:20:05.406392,622
200292,17,Active,11,17,2013-07-16 09:20:05.410875,622
200293,18,Active,0,52,2013-07-16 09:20:05.415295,622
200294,19,Active,16,5,2013-07-16 09:20:05.42018,622
200295,20,Active,3,22,2013-07-16 09:20:05.451401,622
200296,21,Active,4,30,2013-07-16 09:20:05.457431,622
200297,22,Active,3,43,2013-07-16 09:20:05.462143,622
200298,23,Active,1,43,2013-07-16 09:20:05.468195,622
200299,24,Active,2,43,2013-07-16 09:20:05.472596,622
200300,25,Active,1,46,2013-07-16 09:20:05.476906,622
200301,26,Active,21,3,2013-07-16 09:20:05.48115,622
200302,27,Active,3,42,2013-07-16 09:20:05.485411,622
200303,28,Active,2,25,2013-07-16 09:20:05.512621,622
200304,29,Active,15,5,2013-07-16 09:20:05.518102,622
200305,30,Active,16,22,2013-07-16 09:20:05.522868,622
200306,31,Active,20,19,2013-07-16 09:20:05.527365,622
200307,32,Active,18,12,2013-07-16 09:20:05.532295,622
200308,33,Active,3,24,2013-07-16 09:20:05.537119,622
200309,34,Active,17,18,2013-07-16 09:20:05.542528,622
200310,35,Active,1,49,2013-07-16 09:20:05.547629,622
200311,36,Active,7,18,2013-07-16 09:20:05.551969,622
200312,37,Active,10,13,2013-07-16 09:20:05.578775,622
200313,38,Active,9,29,2013-07-16 09:20:05.582987,622
200314,39,Active,35,2,2013-07-16 09:20:05.587215,622
200315,40,Active,36,2,2013-07-16 09:20:05.596081,622
200316,41,Active,16,9,2013-07-16 09:20:05.600454,622
200317,42,Active,5,26,2013-07-16 09:20:05.604675,622
200318,43,Active,14,7,2013-07-16 09:20:05.609044,622
200319,44,Active,11,10,2013-07-16 09:20:05.613233,622
200320,45,Active,5,14,2013-07-16 09:20:05.640466,622
200321,46,Active,19,11,2013-07-16 09:20:05.644559,622
200322,47,Active,17,3,2013-07-16 09:20:05.648645,622
200323,48,Active,13,5,2013-07-16 09:20:05.653081,622
200324,49,Active,3,17,2013-07-16 09:20:05.657651,622
200325,50,Active,3,24,2013-07-16 09:20:05.662248,622
200326,51,Active,9,30,2013-07-16 09:20:05.666728,622
200327,52,Active,7,18,2013-07-16 09:20:05.671154,622
200328,53,Active,17,13,2013-07-16 09:20:05.675769,622
200329,54,Active,6,40,2013-07-16 09:20:05.679974,622
200330,55,Active,15,14,2013-07-16 09:20:05.68422,622
200331,56,Active,2,37,2013-07-16 09:20:05.714464,622
200332,57,Active,17,6,2013-07-16 09:20:05.720542,622
200333,58,Active,6,30,2013-07-16 09:20:05.725644,622
200334,59,Active,7,28,2013-07-16 09:20:05.730771,622
200335,60,Active,10,15,2013-07-16 09:20:05.735787,622
200336,61,Active,4,20,2013-07-16 09:20:05.741025,622
200337,62,Active,7,20,2013-07-16 09:20:05.746192,622
200338,63,Active,3,23,2013-07-16 09:20:05.751204,622
200339,64,Active,25,4,2013-07-16 09:20:05.778763,622
200340,65,Active,20,1,2013-07-16 09:20:05.784246,622
200341,66,Active,0,56,2013-07-16 09:20:05.789571,622
200342,67,Active,2,22,2013-07-16 09:20:05.794956,622
200343,68,Active,18,3,2013-07-16 09:20:05.800522,622
200344,69,Active,23,15,2013-07-16 09:20:05.805659,622
200345,70,Active,14,14,2013-07-16 09:20:05.810626,622
200346,71,Active,13,6,2013-07-16 09:20:05.81579,622
200347,72,Active,4,19,2013-07-16 09:20:05.841408,622
200348,73,Active,11,7,2013-07-16 09:20:05.846739,622
200349,74,Active,1,18,2013-07-16 09:20:05.852038,622
200350,75,Active,22,6,2013-07-16 09:20:05.85788,622
200351,76,Active,2,53,2013-07-16 09:20:05.86311,622
200352,77,Active,12,14,2013-07-16 09:20:05.868194,622
200353,78,Active,18,16,2013-07-16 09:20:05.873286,622
200354,79,Active,3,43,2013-07-16 09:20:05.878321,622
200355,80,Active,11,6,2013-07-16 09:20:05.88364,622
200356,81,Active,2,26,2013-07-16 09:20:05.888596,622
200357,82,Active,8,11,2013-07-16 09:20:05.893572,622
200358,83,Active,10,40,2013-07-16 09:20:05.898662,622
200359,84,Active,3,27,2013-07-16 09:20:05.903699,622
200360,85,Active,0,24,2013-07-16 09:20:05.908995,622
200361,86,Active,11,20,2013-07-16 09:20:05.913926,622
200362,87,Active,16,9,2013-07-16 09:20:05.919006,622
200363,88,Active,11,21,2013-07-16 09:20:05.923996,622
200364,89,Active,30,8,2013-07-16 09:20:05.928892,622
200365,90,Active,32,1,2013-07-16 09:20:05.934628,622
200366,91,Active,18,5,2013-07-16 09:20:05.939437,622
200367,92,Active,6,24,2013-07-16 09:20:05.944244,622
200368,93,Active,3,30,2013-07-16 09:20:05.949138,622
200369,94,Active,3,29,2013-07-16 09:20:05.954004,622
200370,95,Active,8,25,2013-07-16 09:20:05.958998,622
200371,96,Active,20,11,2013-07-16 09:20:05.964072,622
200372,97,Active,11,12,2013-07-16 09:20:05.969162,622
200373,98,Active,8,29,2013-07-16 09:20:05.974435,622
200374,99,Active,27,6,2013-07-16 09:20:05.97944,622
200375,100,Active,13,15,2013-07-16 09:20:05.984645,622
200376,101,Active,30,4,2013-07-16 09:20:05.990471,622
200377,102,Active,12,6,2013-07-16 09:20:05.995809,622
200378,103,Active,19,19,2013-07-16 09:20:06.00195,622
200379,104,Active,11,18,2013-07-16 09:20:06.006892,622
200380,105,Active,12,30,2013-07-16 09:20:06.013141,622
200381,106,Active,21,4,2013-07-16 09:20:06.018585,622
200382,107,Active,1,29,2013-07-16 09:20:06.023598,622
200383,108,Active,7,25,2013-07-16 09:20:06.028686,622
200384,109,Active,2,36,2013-07-16 09:20:06.034621,622
200385,110,Active,2,25,2013-07-16 09:20:06.039693,622
200386,111,Active,15,11,2013-07-16 09:20:06.0442,622
200387,112,Active,11,26,2013-07-16 09:20:06.048816,622
200388,113,Active,5,46,2013-07-16 09:20:06.076975,622
200389,114,Active,21,11,2013-07-16 09:20:06.08196,622
200390,115,Active,24,2,2013-07-16 09:20:06.086798,622
200391,116,Active,4,33,2013-07-16 09:20:06.091701,622
200392,117,Active,8,14,2013-07-16 09:20:06.0965,622
200393,118,Active,5,23,2013-07-16 09:20:06.101434,622
200394,119,Active,11,27,2013-07-16 09:20:06.106314,622
200395,120,Active,9,17,2013-07-16 09:20:06.111321,622
200396,121,Active,11,6,2013-07-16 09:20:06.116222,622
200397,122,Active,2,28,2013-07-16 09:20:06.121177,622
200398,123,Active,4,23,2013-07-16 09:20:06.126221,622
200399,124,Active,20,13,2013-07-16 09:20:06.131101,622
200400,125,Active,6,30,2013-07-16 09:20:06.135802,622
200401,126,Active,16,5,2013-07-16 09:20:06.140801,622
200402,127,Active,18,9,2013-07-16 09:20:06.145746,622
200403,128,Active,10,6,2013-07-16 09:20:06.150553,622
200404,129,Active,20,7,2013-07-16 09:20:06.155324,622
200405,130,Active,15,8,2013-07-16 09:20:06.160317,622
200406,131,Active,12,9,2013-07-16 09:20:06.165346,622
200407,132,Active,6,29,2013-07-16 09:20:06.170245,622
200408,133,Active,18,6,2013-07-16 09:20:06.175102,622
200409,134,Active,15,19,2013-07-16 09:20:06.180228,622
200410,135,Active,21,18,2013-07-16 09:20:06.187639,622
200411,136,Active,20,1,2013-07-16 09:20:06.193283,622
200412,137,Active,21,3,2013-07-16 09:20:06.198698,622
200413,138,Active,7,32,2013-07-16 09:20:06.203963,622
200414,139,Active,2,31,2013-07-16 09:20:06.209602,622
200415,140,Active,6,20,2013-07-16 09:20:06.215559,622
200416,141,Active,25,6,2013-07-16 09:20:06.220673,622
200417,142,Active,10,32,2013-07-16 09:20:06.226804,622
200418,143,Active,14,6,2013-07-16 09:20:06.232163,622
200419,144,Active,7,17,2013-07-16 09:20:06.23718,622
200420,145,Active,29,5,2013-07-16 09:20:06.24198,622
200421,146,Active,2,53,2013-07-16 09:20:06.247838,622
200422,147,Active,5,34,2013-07-16 09:20:06.252698,622
200423,148,Active,26,13,2013-07-16 09:20:06.257592,622
200424,149,Active,2,55,2013-07-16 09:20:06.263176,622
200425,150,Active,30,19,2013-07-16 09:20:06.268024,622
200426,151,Active,5,21,2013-07-16 09:20:06.27303,622
200427,152,Active,14,16,2013-07-16 09:20:06.278715,622
200428,153,Active,11,21,2013-07-16 09:20:06.283616,622
200429,154,Active,1,33,2013-07-16 09:20:06.288888,622
200430,155,Active,16,14,2013-07-16 09:20:06.29465,622
200431,156,Active,20,10,2013-07-16 09:20:06.299772,622
200432,157,Active,17,9,2013-07-16 09:20:06.309718,622
200433,158,Active,6,12,2013-07-16 09:20:06.315941,622
200434,159,Active,1,26,2013-07-16 09:20:06.322192,622
200435,160,Active,7,36,2013-07-16 09:20:06.327413,622
200436,161,Active,5,42,2013-07-16 09:20:06.332523,622
200437,162,Active,33,21,2013-07-16 09:20:06.338298,622
200438,163,Active,19,17,2013-07-16 09:20:06.34376,622
200439,164,Active,11,21,2013-07-16 09:20:06.34914,622
200440,165,Active,13,26,2013-07-16 09:20:06.355676,622
200441,166,Active,19,9,2013-07-16 09:20:06.361125,622
200442,167,Active,2,23,2013-07-16 09:20:06.366591,622
200443,168,Active,8,27,2013-07-16 09:20:06.372772,622
200444,169,Active,6,31,2013-07-16 09:20:06.40022,622
200445,170,Active,7,27,2013-07-16 09:20:06.405573,622
200446,171,Active,9,16,2013-07-16 09:20:06.410695,622
200447,172,Active,5,25,2013-07-16 09:20:06.416044,622
200448,173,Active,14,13,2013-07-16 09:20:06.42115,622
200449,174,Inactive,28,5,2013-07-16 09:20:06.426345,622
200450,175,Active,26,2,2013-07-16 09:20:06.431928,622
200451,176,Active,22,12,2013-07-16 09:20:06.437193,622
200452,177,Active,13,14,2013-07-16 09:20:06.442968,622
200453,178,Active,17,7,2013-07-16 09:20:06.448037,622
200454,179,Active,11,15,2013-07-16 09:20:06.453014,622
200455,180,Active,23,3,2013-07-16 09:20:06.457797,622
200456,181,Active,19,7,2013-07-16 09:20:06.462661,622
200457,182,Active,10,3,2013-07-16 09:20:06.467373,622
200458,183,Active,29,7,2013-07-16 09:20:06.472286,622
200459,184,Active,1,40,2013-07-16 09:20:06.480495,622
200460,185,Active,25,2,2013-07-16 09:20:06.485676,622
200461,186,Active,2,35,2013-07-16 09:20:06.490588,622
200462,187,Active,29,9,2013-07-16 09:20:06.495533,622
200463,189,Active,8,32,2013-07-16 09:20:06.500121,622
200464,190,Active,12,7,2013-07-16 09:20:06.505089,622
200465,191,Active,11,6,2013-07-16 09:20:06.510256,622
200466,192,Active,27,4,2013-07-16 09:20:06.515196,622
200467,193,Active,19,2,2013-07-16 09:20:06.5204,622
200468,194,Active,16,10,2013-07-16 09:20:06.525902,622
200469,195,Active,1,23,2013-07-16 09:20:06.530919,622
200470,196,Active,7,35,2013-07-16 09:20:06.536039,622
200471,197,Active,15,12,2013-07-16 09:20:06.541669,622
200472,198,Active,3,39,2013-07-16 09:20:06.546669,622
200473,199,Active,8,15,2013-07-16 09:20:06.551772,622
200474,200,Active,12,9,2013-07-16 09:20:06.557108,622
200475,201,Active,9,13,2013-07-16 09:20:06.562198,622
200476,202,Active,11,7,2013-07-16 09:20:06.567355,622
200477,203,Active,18,34,2013-07-16 09:20:06.572037,622
200478,204,Active,3,31,2013-07-16 09:20:06.577119,622
200479,205,Active,10,19,2013-07-16 09:20:06.582447,622
200480,206,Active,18,37,2013-07-16 09:20:06.588663,622
200481,207,Active,24,5,2013-07-16 09:20:06.593796,622
200482,208,Active,5,22,2013-07-16 09:20:06.59881,622
200483,209,Active,16,13,2013-07-16 09:20:06.604566,622
200484,210,Active,26,1,2013-07-16 09:20:06.609676,622
200485,211,Active,33,1,2013-07-16 09:20:06.614994,622
200486,212,Active,1,24,2013-07-16 09:20:06.620163,622
200487,213,Active,5,42,2013-07-16 09:20:06.625781,622
200488,214,Active,12,15,2013-07-16 09:20:06.63127,622
200489,215,Active,10,12,2013-07-16 09:20:06.636847,622
200490,216,Active,22,2,2013-07-16 09:20:06.642751,622
200491,217,Active,33,2,2013-07-16 09:20:06.648415,622
200492,218,Active,10,21,2013-07-16 09:20:06.653667,622
200493,219,Active,1,33,2013-07-16 09:20:06.659201,622
200494,220,Active,0,49,2013-07-16 09:20:06.664428,622
200495,221,Active,10,10,2013-07-16 09:20:06.669798,622
200496,222,Active,8,44,2013-07-16 09:20:06.675285,622
200497,223,Active,27,4,2013-07-16 09:20:06.680611,622
200498,224,Active,3,35,2013-07-16 09:20:06.6859,622
200499,225,Active,0,29,2013-07-16 09:20:06.691129,622
200500,226,Active,24,2,2013-07-16 09:20:06.719203,622
200501,227,Active,7,18,2013-07-16 09:20:06.724235,622
200502,228,Active,8,48,2013-07-16 09:20:06.729318,622
200503,229,Active,26,8,2013-07-16 09:20:06.735045,622
200504,230,Active,6,23,2013-07-16 09:20:06.740038,622
200505,231,Active,5,32,2013-07-16 09:20:06.745206,622
200506,232,Active,1,33,2013-07-16 09:20:06.752436,622
200507,233,Active,8,50,2013-07-16 09:20:06.758329,622
200508,234,Active,0,26,2013-07-16 09:20:06.763186,622
200509,235,Active,0,20,2013-07-16 09:20:06.768065,622
200510,236,Active,13,7,2013-07-16 09:20:06.772912,622
200511,237,Active,29,6,2013-07-16 09:20:06.778865,622
200512,238,Active,27,17,2013-07-16 09:20:06.784289,622
200513,239,Active,1,21,2013-07-16 09:20:06.789216,622
200514,240,Active,1,53,2013-07-16 09:20:06.79414,622
200515,241,Active,1,37,2013-07-16 09:20:06.799234,622
200516,242,Active,5,30,2013-07-16 09:20:06.804704,622
200517,243,Active,12,19,2013-07-16 09:20:06.809612,622
200518,244,Active,2,57,2013-07-16 09:20:06.814534,622
200519,245,Active,0,57,2013-07-16 09:20:06.819313,622
200520,246,Active,3,31,2013-07-16 09:20:06.824229,622
200521,247,Active,21,0,2013-07-16 09:20:06.829071,622
200522,248,Active,2,38,2013-07-16 09:20:06.833743,622
200523,249,Active,21,13,2013-07-16 09:20:06.838586,622
200524,250,Active,4,43,2013-07-16 09:20:06.843618,622
200525,251,Active,8,29,2013-07-16 09:20:06.848489,622
200526,252,Active,6,37,2013-07-16 09:20:06.853733,622
200527,253,Active,25,32,2013-07-16 09:20:06.858983,622
200528,254,Active,27,1,2013-07-16 09:20:06.864398,622
200529,255,Active,8,18,2013-07-16 09:20:06.869561,622
200530,256,Active,22,4,2013-07-16 09:20:06.875119,622
200531,257,Active,10,13,2013-07-16 09:20:06.879935,622
200532,258,Active,22,13,2013-07-16 09:20:06.885229,622
200533,259,Active,28,5,2013-07-16 09:20:06.890211,622
200534,260,Active,3,34,2013-07-16 09:20:06.895507,622
200535,261,Active,1,37,2013-07-16 09:20:06.901119,622
200536,262,Active,3,35,2013-07-16 09:20:06.906371,622
200537,263,Active,27,2,2013-07-16 09:20:06.911476,622
200538,264,Active,34,3,2013-07-16 09:20:06.916736,622
200539,265,Active,8,27,2013-07-16 09:20:06.921682,622
200540,266,Active,34,17,2013-07-16 09:20:06.926454,622
200541,267,Active,10,43,2013-07-16 09:20:06.931436,622
200542,268,Active,33,14,2013-07-16 09:20:06.936333,622
200543,269,Active,1,30,2013-07-16 09:20:06.941291,622
200544,270,Active,11,23,2013-07-16 09:20:06.946296,622
200545,271,Active,24,1,2013-07-16 09:20:06.951181,622
200546,272,Active,7,38,2013-07-16 09:20:06.956062,622
200547,273,Active,6,49,2013-07-16 09:20:06.960936,622
200548,274,Active,2,26,2013-07-16 09:20:06.966178,622
200549,275,Active,4,29,2013-07-16 09:20:06.971107,622
200550,276,Active,0,51,2013-07-16 09:20:06.976433,622
200551,277,Active,27,10,2013-07-16 09:20:06.981579,622
200552,278,Active,7,21,2013-07-16 09:20:06.986656,622
200553,279,Active,35,2,2013-07-16 09:20:06.991831,622
200554,280,Active,3,29,2013-07-16 09:20:06.996959,622
200555,281,Active,19,26,2013-07-16 09:20:07.002108,622
200556,282,Active,21,1,2013-07-16 09:20:07.030583,622
200557,283,Active,10,24,2013-07-16 09:20:07.035606,622
200558,284,Active,4,44,2013-07-16 09:20:07.040529,622
200559,285,Active,27,3,2013-07-16 09:20:07.045828,622
200560,286,Active,24,3,2013-07-16 09:20:07.050884,622
200561,287,Active,9,17,2013-07-16 09:20:07.055953,622
200562,288,Active,46,2,2013-07-16 09:20:07.061154,622
200563,289,Active,26,6,2013-07-16 09:20:07.066111,622
200564,290,Active,3,27,2013-07-16 09:20:07.071202,622
200565,291,Active,21,37,2013-07-16 09:20:07.076441,622
200566,292,Active,8,27,2013-07-16 09:20:07.081789,622
200567,293,Active,38,14,2013-07-16 09:20:07.086974,622
200568,294,Active,0,38,2013-07-16 09:20:07.092294,622
200569,295,Active,53,6,2013-07-16 09:20:07.097573,622
200570,296,Active,1,50,2013-07-16 09:20:07.102477,622
200571,297,Active,12,34,2013-07-16 09:20:07.107672,622
200572,298,Active,1,56,2013-07-16 09:20:07.112991,622
200573,299,Active,7,32,2013-07-16 09:20:07.120399,622
200574,300,Active,4,39,2013-07-16 09:20:07.125318,622
200575,301,Active,22,31,2013-07-16 09:20:07.130421,622
200576,302,Active,17,18,2013-07-16 09:20:07.135655,622
200577,303,Active,27,9,2013-07-16 09:20:07.141726,622
200578,304,Active,10,20,2013-07-16 09:20:07.146664,622
200579,305,Active,13,22,2013-07-16 09:20:07.151958,622
200580,306,Active,37,3,2013-07-16 09:20:07.157104,622
200581,307,Active,1,48,2013-07-16 09:20:07.162214,622
200582,308,Active,6,25,2013-07-16 09:20:07.167324,622
200583,309,Active,14,14,2013-07-16 09:20:07.172298,622
200584,310,Active,8,30,2013-07-16 09:20:07.177269,622
200585,311,Active,0,38,2013-07-16 09:20:07.182393,622
200586,312,Active,11,17,2013-07-16 09:20:07.187783,622
200587,313,Active,5,31,2013-07-16 09:20:07.193611,622
200588,314,Active,19,3,2013-07-16 09:20:07.199023,622
200589,315,Active,2,31,2013-07-16 09:20:07.20423,622
200590,316,Active,2,28,2013-07-16 09:20:07.209381,622
200591,317,Active,8,6,2013-07-16 09:20:07.214203,622
200592,318,Active,17,6,2013-07-16 09:20:07.219393,622
200593,319,Active,24,3,2013-07-16 09:20:07.224583,622
200594,320,Active,7,28,2013-07-16 09:20:07.230885,622
200595,321,Active,4,8,2013-07-16 09:20:07.236789,622
200596,322,Active,1,47,2013-07-16 09:20:07.242188,622
200597,327,Active,4,25,2013-07-16 09:20:07.247426,622
200598,328,Active,1,34,2013-07-16 09:20:07.253291,622
200599,323,Active,1,38,2013-07-16 09:20:07.258311,622
200600,324,Active,5,19,2013-07-16 09:20:07.263315,622
200601,325,Active,0,0,2013-07-16 09:20:07.268747,622
200602,326,Active,0,31,2013-07-16 09:20:07.273782,622
200603,1,Active,14,20,2013-07-16 09:30:05.263679,623
200604,2,Active,9,20,2013-07-16 09:30:05.278313,623
200605,3,Active,4,20,2013-07-16 09:30:05.282709,623
200606,4,Active,26,36,2013-07-16 09:30:05.287056,623
200607,5,Active,24,11,2013-07-16 09:30:05.291206,623
200608,6,Active,11,7,2013-07-16 09:30:05.295346,623
200609,7,Active,19,0,2013-07-16 09:30:05.299396,623
200610,8,Active,12,18,2013-07-16 09:30:05.303516,623
200611,9,Active,3,26,2013-07-16 09:30:05.308647,623
200612,10,Inactive,0,28,2013-07-16 09:30:05.312775,623
200613,11,Active,25,0,2013-07-16 09:30:05.32042,623
200614,12,Active,2,17,2013-07-16 09:30:05.324582,623
200615,13,Active,5,33,2013-07-16 09:30:05.328732,623
200616,14,Active,3,30,2013-07-16 09:30:05.333063,623
200617,15,Active,29,1,2013-07-16 09:30:05.337276,623
200618,16,Active,16,17,2013-07-16 09:30:05.341448,623
200619,17,Active,11,17,2013-07-16 09:30:05.345645,623
200620,18,Active,0,52,2013-07-16 09:30:05.349794,623
200621,19,Active,17,4,2013-07-16 09:30:05.353861,623
200622,20,Active,3,22,2013-07-16 09:30:05.358169,623
200623,21,Active,4,30,2013-07-16 09:30:05.362217,623
200624,22,Active,3,43,2013-07-16 09:30:05.366247,623
200625,23,Active,1,42,2013-07-16 09:30:05.370274,623
200626,24,Active,2,43,2013-07-16 09:30:05.374317,623
200627,25,Active,3,44,2013-07-16 09:30:05.37856,623
200628,26,Active,21,3,2013-07-16 09:30:05.382751,623
200629,27,Active,3,42,2013-07-16 09:30:05.386761,623
200630,28,Active,2,25,2013-07-16 09:30:05.390953,623
200631,29,Active,15,5,2013-07-16 09:30:05.394979,623
200632,30,Active,16,22,2013-07-16 09:30:05.400116,623
200633,31,Active,19,20,2013-07-16 09:30:05.404245,623
200634,32,Active,18,12,2013-07-16 09:30:05.40892,623
200635,33,Active,3,24,2013-07-16 09:30:05.412932,623
200636,34,Active,17,18,2013-07-16 09:30:05.41716,623
200637,35,Active,1,49,2013-07-16 09:30:05.421198,623
200638,36,Active,9,16,2013-07-16 09:30:05.426282,623
200639,37,Active,10,13,2013-07-16 09:30:05.430468,623
200640,38,Active,9,29,2013-07-16 09:30:05.434601,623
200641,39,Active,35,2,2013-07-16 09:30:05.438758,623
200642,40,Active,36,2,2013-07-16 09:30:05.442797,623
200643,41,Active,15,10,2013-07-16 09:30:05.446933,623
200644,42,Active,5,26,2013-07-16 09:30:05.451645,623
200645,43,Active,14,7,2013-07-16 09:30:05.455587,623
200646,44,Active,11,10,2013-07-16 09:30:05.459542,623
200647,45,Active,5,14,2013-07-16 09:30:05.463673,623
200648,46,Active,19,11,2013-07-16 09:30:05.467821,623
200649,47,Active,17,3,2013-07-16 09:30:05.471945,623
200650,48,Active,13,5,2013-07-16 09:30:05.476296,623
200651,49,Active,3,17,2013-07-16 09:30:05.480366,623
200652,50,Active,3,24,2013-07-16 09:30:05.484367,623
200653,51,Active,9,30,2013-07-16 09:30:05.488552,623
200654,52,Active,7,18,2013-07-16 09:30:05.49363,623
200655,53,Active,17,13,2013-07-16 09:30:05.497736,623
200656,54,Active,6,40,2013-07-16 09:30:05.501973,623
200657,55,Active,15,14,2013-07-16 09:30:05.506216,623
200658,56,Active,2,37,2013-07-16 09:30:05.533577,623
200659,57,Active,17,6,2013-07-16 09:30:05.538379,623
200660,58,Active,6,30,2013-07-16 09:30:05.543523,623
200661,59,Active,7,28,2013-07-16 09:30:05.548476,623
200662,60,Active,10,15,2013-07-16 09:30:05.553589,623
200663,61,Active,4,20,2013-07-16 09:30:05.558887,623
200664,62,Active,7,20,2013-07-16 09:30:05.563637,623
200665,63,Active,3,23,2013-07-16 09:30:05.568539,623
200666,64,Active,26,3,2013-07-16 09:30:05.573451,623
200667,65,Active,20,1,2013-07-16 09:30:05.578285,623
200668,66,Active,0,56,2013-07-16 09:30:05.583309,623
200669,67,Active,2,22,2013-07-16 09:30:05.58817,623
200670,68,Active,19,2,2013-07-16 09:30:05.593111,623
200671,69,Active,23,15,2013-07-16 09:30:05.59833,623
200672,70,Active,14,14,2013-07-16 09:30:05.603001,623
200673,71,Active,13,6,2013-07-16 09:30:05.607926,623
200674,72,Active,4,19,2013-07-16 09:30:05.612856,623
200675,73,Active,11,7,2013-07-16 09:30:05.617846,623
200676,74,Active,1,18,2013-07-16 09:30:05.624851,623
200677,75,Active,22,6,2013-07-16 09:30:05.630082,623
200678,76,Active,2,53,2013-07-16 09:30:05.635203,623
200679,77,Active,12,14,2013-07-16 09:30:05.64008,623
200680,78,Active,18,16,2013-07-16 09:30:05.645014,623
200681,79,Active,3,43,2013-07-16 09:30:05.650802,623
200682,80,Active,11,6,2013-07-16 09:30:05.655752,623
200683,81,Active,2,26,2013-07-16 09:30:05.660856,623
200684,82,Active,8,11,2013-07-16 09:30:05.665901,623
200685,83,Active,10,40,2013-07-16 09:30:05.670803,623
200686,84,Active,3,27,2013-07-16 09:30:05.675768,623
200687,85,Active,0,24,2013-07-16 09:30:05.680715,623
200688,86,Active,11,20,2013-07-16 09:30:05.68593,623
200689,87,Active,16,9,2013-07-16 09:30:05.691421,623
200690,88,Active,11,21,2013-07-16 09:30:05.697866,623
200691,89,Active,30,8,2013-07-16 09:30:05.702934,623
200692,90,Active,31,2,2013-07-16 09:30:05.707755,623
200693,91,Active,18,5,2013-07-16 09:30:05.712619,623
200694,92,Active,6,24,2013-07-16 09:30:05.717815,623
200695,93,Active,3,30,2013-07-16 09:30:05.722763,623
200696,94,Active,4,28,2013-07-16 09:30:05.727662,623
200697,95,Active,8,25,2013-07-16 09:30:05.733116,623
200698,96,Active,19,12,2013-07-16 09:30:05.737961,623
200699,97,Active,11,12,2013-07-16 09:30:05.74278,623
200700,98,Active,8,29,2013-07-16 09:30:05.748209,623
200701,99,Active,27,6,2013-07-16 09:30:05.753219,623
200702,100,Active,13,15,2013-07-16 09:30:05.758284,623
200703,101,Active,30,4,2013-07-16 09:30:05.76342,623
200704,102,Active,12,6,2013-07-16 09:30:05.768292,623
200705,103,Active,19,19,2013-07-16 09:30:05.773158,623
200706,104,Active,11,18,2013-07-16 09:30:05.777931,623
200707,105,Active,12,30,2013-07-16 09:30:05.782629,623
200708,106,Active,21,4,2013-07-16 09:30:05.78746,623
200709,107,Active,1,29,2013-07-16 09:30:05.793246,623
200710,108,Active,7,25,2013-07-16 09:30:05.798199,623
200711,109,Active,2,36,2013-07-16 09:30:05.803013,623
200712,110,Active,2,25,2013-07-16 09:30:05.80783,623
200713,111,Active,15,11,2013-07-16 09:30:05.812071,623
200714,112,Active,11,26,2013-07-16 09:30:05.83724,623
200715,113,Active,5,46,2013-07-16 09:30:05.843059,623
200716,114,Active,21,11,2013-07-16 09:30:05.847956,623
200717,115,Active,24,2,2013-07-16 09:30:05.853055,623
200718,116,Active,4,33,2013-07-16 09:30:05.858092,623
200719,117,Active,8,14,2013-07-16 09:30:05.862996,623
200720,118,Active,5,23,2013-07-16 09:30:05.868002,623
200721,119,Active,11,27,2013-07-16 09:30:05.87294,623
200722,120,Active,9,17,2013-07-16 09:30:05.877964,623
200723,121,Active,10,7,2013-07-16 09:30:05.882938,623
200724,122,Active,2,28,2013-07-16 09:30:05.88782,623
200725,123,Active,4,23,2013-07-16 09:30:05.892931,623
200726,124,Active,20,13,2013-07-16 09:30:05.901144,623
200727,125,Active,6,30,2013-07-16 09:30:05.906038,623
200728,126,Active,16,5,2013-07-16 09:30:05.910948,623
200729,127,Active,18,9,2013-07-16 09:30:05.915884,623
200730,128,Active,10,6,2013-07-16 09:30:05.920984,623
200731,129,Active,20,7,2013-07-16 09:30:05.925764,623
200732,130,Active,15,8,2013-07-16 09:30:05.930639,623
200733,131,Active,12,9,2013-07-16 09:30:05.935572,623
200734,132,Active,6,29,2013-07-16 09:30:05.94044,623
200735,133,Active,18,6,2013-07-16 09:30:05.94528,623
200736,134,Active,15,19,2013-07-16 09:30:05.95022,623
200737,135,Active,21,18,2013-07-16 09:30:05.955012,623
200738,136,Active,20,1,2013-07-16 09:30:05.959827,623
200739,137,Active,21,3,2013-07-16 09:30:05.964408,623
200740,138,Active,7,32,2013-07-16 09:30:05.969149,623
200741,139,Active,2,31,2013-07-16 09:30:05.974262,623
200742,140,Active,6,20,2013-07-16 09:30:05.978981,623
200743,141,Active,25,6,2013-07-16 09:30:05.983642,623
200744,142,Active,10,32,2013-07-16 09:30:05.988591,623
200745,143,Active,15,5,2013-07-16 09:30:05.997078,623
200746,144,Active,7,17,2013-07-16 09:30:06.00186,623
200747,145,Active,29,5,2013-07-16 09:30:06.006845,623
200748,146,Active,2,53,2013-07-16 09:30:06.011707,623
200749,147,Active,5,34,2013-07-16 09:30:06.016628,623
200750,148,Active,26,13,2013-07-16 09:30:06.021494,623
200751,149,Active,2,55,2013-07-16 09:30:06.02643,623
200752,150,Active,30,19,2013-07-16 09:30:06.031099,623
200753,151,Active,5,21,2013-07-16 09:30:06.035969,623
200754,152,Active,14,16,2013-07-16 09:30:06.040825,623
200755,153,Active,11,21,2013-07-16 09:30:06.045629,623
200756,154,Active,1,33,2013-07-16 09:30:06.050488,623
200757,155,Active,15,15,2013-07-16 09:30:06.055488,623
200758,156,Active,20,10,2013-07-16 09:30:06.060594,623
200759,157,Active,17,9,2013-07-16 09:30:06.065506,623
200760,158,Active,6,12,2013-07-16 09:30:06.073259,623
200761,159,Active,1,26,2013-07-16 09:30:06.078238,623
200762,160,Active,7,36,2013-07-16 09:30:06.083536,623
200763,161,Active,5,42,2013-07-16 09:30:06.088273,623
200764,162,Active,33,21,2013-07-16 09:30:06.093347,623
200765,163,Active,18,18,2013-07-16 09:30:06.098404,623
200766,164,Active,12,20,2013-07-16 09:30:06.103392,623
200767,165,Active,13,26,2013-07-16 09:30:06.108403,623
200768,166,Active,19,9,2013-07-16 09:30:06.113595,623
200769,167,Active,1,24,2013-07-16 09:30:06.118727,623
200770,168,Active,8,27,2013-07-16 09:30:06.144356,623
200771,169,Active,6,31,2013-07-16 09:30:06.150203,623
200772,170,Active,7,27,2013-07-16 09:30:06.15542,623
200773,171,Active,9,16,2013-07-16 09:30:06.160252,623
200774,172,Active,5,25,2013-07-16 09:30:06.165204,623
200775,173,Active,14,13,2013-07-16 09:30:06.17002,623
200776,174,Inactive,28,5,2013-07-16 09:30:06.174832,623
200777,175,Active,26,2,2013-07-16 09:30:06.179726,623
200778,176,Active,22,12,2013-07-16 09:30:06.184645,623
200779,177,Active,13,14,2013-07-16 09:30:06.189536,623
200780,178,Active,17,7,2013-07-16 09:30:06.194457,623
200781,179,Active,11,15,2013-07-16 09:30:06.199321,623
200782,180,Active,23,3,2013-07-16 09:30:06.20487,623
200783,181,Active,19,7,2013-07-16 09:30:06.210018,623
200784,182,Active,10,3,2013-07-16 09:30:06.214925,623
200785,183,Active,29,7,2013-07-16 09:30:06.219801,623
200786,184,Active,1,40,2013-07-16 09:30:06.224385,623
200787,185,Active,25,2,2013-07-16 09:30:06.229373,623
200788,186,Active,2,35,2013-07-16 09:30:06.234442,623
200789,187,Active,29,9,2013-07-16 09:30:06.239359,623
200790,189,Active,7,32,2013-07-16 09:30:06.244264,623
200791,190,Active,13,6,2013-07-16 09:30:06.249055,623
200792,191,Active,11,6,2013-07-16 09:30:06.254392,623
200793,192,Active,26,5,2013-07-16 09:30:06.259596,623
200794,193,Active,19,2,2013-07-16 09:30:06.264254,623
200795,194,Active,16,10,2013-07-16 09:30:06.270027,623
200796,195,Active,1,23,2013-07-16 09:30:06.275154,623
200797,196,Active,7,35,2013-07-16 09:30:06.280764,623
200798,197,Active,15,12,2013-07-16 09:30:06.285922,623
200799,198,Active,4,38,2013-07-16 09:30:06.291248,623
200800,199,Active,8,15,2013-07-16 09:30:06.296229,623
200801,200,Active,12,9,2013-07-16 09:30:06.30146,623
200802,201,Active,9,13,2013-07-16 09:30:06.306596,623
200803,202,Active,11,7,2013-07-16 09:30:06.311761,623
200804,203,Active,18,34,2013-07-16 09:30:06.321613,623
200805,204,Active,2,32,2013-07-16 09:30:06.326521,623
200806,205,Active,10,19,2013-07-16 09:30:06.332154,623
200807,206,Active,18,37,2013-07-16 09:30:06.337405,623
200808,207,Active,24,5,2013-07-16 09:30:06.345442,623
200809,208,Active,5,22,2013-07-16 09:30:06.350914,623
200810,209,Active,16,13,2013-07-16 09:30:06.355987,623
200811,210,Active,26,1,2013-07-16 09:30:06.36122,623
200812,211,Active,34,0,2013-07-16 09:30:06.367751,623
200813,212,Active,1,24,2013-07-16 09:30:06.372766,623
200814,213,Active,5,42,2013-07-16 09:30:06.379112,623
200815,214,Active,12,15,2013-07-16 09:30:06.383957,623
200816,215,Active,10,12,2013-07-16 09:30:06.388718,623
200817,216,Active,23,1,2013-07-16 09:30:06.393719,623
200818,217,Active,33,2,2013-07-16 09:30:06.398551,623
200819,218,Active,10,21,2013-07-16 09:30:06.403473,623
200820,219,Active,1,33,2013-07-16 09:30:06.408109,623
200821,220,Active,0,49,2013-07-16 09:30:06.41406,623
200822,221,Active,10,10,2013-07-16 09:30:06.419157,623
200823,222,Active,8,44,2013-07-16 09:30:06.423717,623
200824,223,Active,28,3,2013-07-16 09:30:06.428569,623
200825,224,Active,3,35,2013-07-16 09:30:06.434105,623
200826,225,Active,0,29,2013-07-16 09:30:06.461485,623
200827,226,Active,24,2,2013-07-16 09:30:06.469263,623
200828,227,Active,7,18,2013-07-16 09:30:06.4742,623
200829,228,Active,8,48,2013-07-16 09:30:06.479149,623
200830,229,Active,26,8,2013-07-16 09:30:06.483977,623
200831,230,Active,6,23,2013-07-16 09:30:06.489316,623
200832,231,Active,5,32,2013-07-16 09:30:06.495859,623
200833,232,Active,2,32,2013-07-16 09:30:06.501549,623
200834,233,Active,8,50,2013-07-16 09:30:06.506567,623
200835,234,Active,0,26,2013-07-16 09:30:06.511654,623
200836,235,Active,0,20,2013-07-16 09:30:06.516542,623
200837,236,Active,13,7,2013-07-16 09:30:06.521252,623
200838,237,Active,29,6,2013-07-16 09:30:06.526354,623
200839,238,Active,27,17,2013-07-16 09:30:06.53117,623
200840,239,Active,1,21,2013-07-16 09:30:06.536017,623
200841,240,Active,1,53,2013-07-16 09:30:06.540901,623
200842,241,Active,2,36,2013-07-16 09:30:06.546421,623
200843,242,Active,5,30,2013-07-16 09:30:06.55129,623
200844,243,Active,12,19,2013-07-16 09:30:06.555886,623
200845,244,Active,7,52,2013-07-16 09:30:06.560873,623
200846,245,Active,0,57,2013-07-16 09:30:06.565845,623
200847,246,Active,3,31,2013-07-16 09:30:06.570601,623
200848,247,Active,21,0,2013-07-16 09:30:06.575222,623
200849,248,Active,2,38,2013-07-16 09:30:06.581192,623
200850,249,Active,20,14,2013-07-16 09:30:06.586392,623
200851,250,Active,4,43,2013-07-16 09:30:06.591321,623
200852,251,Active,8,29,2013-07-16 09:30:06.596098,623
200853,252,Active,6,37,2013-07-16 09:30:06.60109,623
200854,253,Active,25,32,2013-07-16 09:30:06.605754,623
200855,254,Active,27,1,2013-07-16 09:30:06.610755,623
200856,255,Active,8,18,2013-07-16 09:30:06.6157,623
200857,256,Active,22,4,2013-07-16 09:30:06.620561,623
200858,257,Active,10,13,2013-07-16 09:30:06.625423,623
200859,258,Active,21,14,2013-07-16 09:30:06.630377,623
200860,259,Active,28,5,2013-07-16 09:30:06.635099,623
200861,260,Active,3,34,2013-07-16 09:30:06.639882,623
200862,261,Active,1,37,2013-07-16 09:30:06.644858,623
200863,262,Active,3,35,2013-07-16 09:30:06.6506,623
200864,263,Active,27,2,2013-07-16 09:30:06.65572,623
200865,264,Active,34,3,2013-07-16 09:30:06.660625,623
200866,265,Active,9,26,2013-07-16 09:30:06.665865,623
200867,266,Active,34,17,2013-07-16 09:30:06.670878,623
200868,267,Active,10,43,2013-07-16 09:30:06.675912,623
200869,268,Active,33,14,2013-07-16 09:30:06.681185,623
200870,269,Active,1,30,2013-07-16 09:30:06.686314,623
200871,270,Active,11,23,2013-07-16 09:30:06.692909,623
200872,271,Active,24,1,2013-07-16 09:30:06.697905,623
200873,272,Active,7,38,2013-07-16 09:30:06.703003,623
200874,273,Active,6,49,2013-07-16 09:30:06.707904,623
200875,274,Active,2,26,2013-07-16 09:30:06.712901,623
200876,275,Active,4,29,2013-07-16 09:30:06.71787,623
200877,276,Active,0,51,2013-07-16 09:30:06.722936,623
200878,277,Active,27,10,2013-07-16 09:30:06.728245,623
200879,278,Active,7,21,2013-07-16 09:30:06.733248,623
200880,279,Active,35,2,2013-07-16 09:30:06.738241,623
200881,280,Active,10,22,2013-07-16 09:30:06.743308,623
200882,281,Active,19,25,2013-07-16 09:30:06.771699,623
200883,282,Active,21,1,2013-07-16 09:30:06.777773,623
200884,283,Active,10,24,2013-07-16 09:30:06.78273,623
200885,284,Active,4,44,2013-07-16 09:30:06.787806,623
200886,285,Active,27,3,2013-07-16 09:30:06.792572,623
200887,286,Active,24,3,2013-07-16 09:30:06.798019,623
200888,287,Active,9,17,2013-07-16 09:30:06.802771,623
200889,288,Active,46,2,2013-07-16 09:30:06.807802,623
200890,289,Active,26,6,2013-07-16 09:30:06.812674,623
200891,290,Active,3,27,2013-07-16 09:30:06.818846,623
200892,291,Active,21,37,2013-07-16 09:30:06.824223,623
200893,292,Active,7,28,2013-07-16 09:30:06.829232,623
200894,293,Active,38,14,2013-07-16 09:30:06.836815,623
200895,294,Active,0,38,2013-07-16 09:30:06.842057,623
200896,295,Active,53,6,2013-07-16 09:30:06.847758,623
200897,296,Active,1,50,2013-07-16 09:30:06.852624,623
200898,297,Active,12,34,2013-07-16 09:30:06.857688,623
200899,298,Active,1,56,2013-07-16 09:30:06.862995,623
200900,299,Active,7,32,2013-07-16 09:30:06.868606,623
200901,300,Active,4,39,2013-07-16 09:30:06.873167,623
200902,301,Active,22,31,2013-07-16 09:30:06.878256,623
200903,302,Active,17,18,2013-07-16 09:30:06.883225,623
200904,303,Active,27,9,2013-07-16 09:30:06.888148,623
200905,304,Active,10,20,2013-07-16 09:30:06.893492,623
200906,305,Active,13,23,2013-07-16 09:30:06.898789,623
200907,306,Active,37,3,2013-07-16 09:30:06.903907,623
200908,307,Active,1,48,2013-07-16 09:30:06.908874,623
200909,308,Active,6,25,2013-07-16 09:30:06.913862,623
200910,309,Active,14,14,2013-07-16 09:30:06.918464,623
200911,310,Active,8,30,2013-07-16 09:30:06.923672,623
200912,311,Active,0,38,2013-07-16 09:30:06.928552,623
200913,312,Active,11,17,2013-07-16 09:30:06.933569,623
200914,313,Active,6,30,2013-07-16 09:30:06.938252,623
200915,314,Active,19,3,2013-07-16 09:30:06.943239,623
200916,315,Active,2,31,2013-07-16 09:30:06.949323,623
200917,316,Active,2,28,2013-07-16 09:30:06.954119,623
200918,317,Active,8,6,2013-07-16 09:30:06.959138,623
200919,318,Active,17,6,2013-07-16 09:30:06.964264,623
200920,319,Active,25,2,2013-07-16 09:30:06.969604,623
200921,320,Active,7,28,2013-07-16 09:30:06.97448,623
200922,321,Active,4,8,2013-07-16 09:30:06.979226,623
200923,322,Active,2,46,2013-07-16 09:30:06.984004,623
200924,327,Active,4,25,2013-07-16 09:30:06.989101,623
200925,328,Active,3,30,2013-07-16 09:30:06.994184,623
200926,323,Active,1,38,2013-07-16 09:30:06.999637,623
200927,324,Active,5,19,2013-07-16 09:30:07.004329,623
200928,325,Active,0,0,2013-07-16 09:30:07.009266,623
200929,326,Active,0,31,2013-07-16 09:30:07.014484,623
200930,1,Active,14,20,2013-07-16 09:40:04.939006,624
200931,2,Active,9,20,2013-07-16 09:40:04.965288,624
200932,3,Active,4,20,2013-07-16 09:40:04.970373,624
200933,4,Active,26,36,2013-07-16 09:40:04.974649,624
200934,5,Active,22,13,2013-07-16 09:40:04.979432,624
200935,6,Active,11,7,2013-07-16 09:40:04.983808,624
200936,7,Active,19,0,2013-07-16 09:40:04.987879,624
200937,8,Active,10,20,2013-07-16 09:40:04.992986,624
200938,9,Active,4,25,2013-07-16 09:40:04.997251,624
200939,10,Inactive,0,28,2013-07-16 09:40:05.024517,624
200940,11,Active,25,0,2013-07-16 09:40:05.029336,624
200941,12,Active,2,17,2013-07-16 09:40:05.033873,624
200942,13,Active,5,33,2013-07-16 09:40:05.038401,624
200943,14,Active,3,30,2013-07-16 09:40:05.042659,624
200944,15,Active,28,2,2013-07-16 09:40:05.047154,624
200945,16,Active,15,18,2013-07-16 09:40:05.051229,624
200946,17,Active,11,17,2013-07-16 09:40:05.055499,624
200947,18,Active,0,52,2013-07-16 09:40:05.081527,624
200948,19,Active,17,4,2013-07-16 09:40:05.085666,624
200949,20,Active,3,22,2013-07-16 09:40:05.089707,624
200950,21,Active,4,30,2013-07-16 09:40:05.093871,624
200951,22,Active,3,43,2013-07-16 09:40:05.098271,624
200952,23,Active,1,42,2013-07-16 09:40:05.102829,624
200953,24,Active,2,43,2013-07-16 09:40:05.10893,624
200954,25,Active,3,44,2013-07-16 09:40:05.113146,624
200955,26,Active,20,4,2013-07-16 09:40:05.117307,624
200956,27,Active,4,41,2013-07-16 09:40:05.145066,624
200957,28,Active,2,25,2013-07-16 09:40:05.149337,624
200958,29,Active,15,5,2013-07-16 09:40:05.153898,624
200959,30,Active,16,22,2013-07-16 09:40:05.158172,624
200960,31,Active,19,20,2013-07-16 09:40:05.162343,624
200961,32,Active,18,12,2013-07-16 09:40:05.167151,624
200962,33,Active,3,24,2013-07-16 09:40:05.171288,624
200963,34,Active,17,18,2013-07-16 09:40:05.175613,624
200964,35,Active,1,49,2013-07-16 09:40:05.202326,624
200965,36,Active,10,15,2013-07-16 09:40:05.206389,624
200966,37,Active,10,13,2013-07-16 09:40:05.210644,624
200967,38,Active,9,29,2013-07-16 09:40:05.214638,624
200968,39,Active,35,2,2013-07-16 09:40:05.218788,624
200969,40,Active,36,2,2013-07-16 09:40:05.223125,624
200970,41,Active,15,10,2013-07-16 09:40:05.227445,624
200971,42,Active,5,26,2013-07-16 09:40:05.231464,624
200972,43,Active,14,7,2013-07-16 09:40:05.259044,624
200973,44,Active,11,10,2013-07-16 09:40:05.263235,624
200974,45,Active,5,14,2013-07-16 09:40:05.26758,624
200975,46,Active,19,11,2013-07-16 09:40:05.273036,624
200976,47,Active,17,3,2013-07-16 09:40:05.277211,624
200977,48,Active,12,6,2013-07-16 09:40:05.281667,624
200978,49,Active,3,17,2013-07-16 09:40:05.286026,624
200979,50,Active,5,22,2013-07-16 09:40:05.290402,624
200980,51,Active,9,30,2013-07-16 09:40:05.317188,624
200981,52,Active,7,18,2013-07-16 09:40:05.324925,624
200982,53,Active,17,13,2013-07-16 09:40:05.329237,624
200983,54,Active,6,40,2013-07-16 09:40:05.333411,624
200984,55,Active,15,14,2013-07-16 09:40:05.337717,624
200985,56,Active,2,37,2013-07-16 09:40:05.366463,624
200986,57,Active,17,6,2013-07-16 09:40:05.377681,624
200987,58,Active,6,30,2013-07-16 09:40:05.383249,624
200988,59,Active,7,28,2013-07-16 09:40:05.388272,624
200989,60,Active,10,15,2013-07-16 09:40:05.393732,624
200990,61,Active,4,20,2013-07-16 09:40:05.398806,624
200991,62,Active,7,20,2013-07-16 09:40:05.403648,624
200992,63,Active,3,23,2013-07-16 09:40:05.408722,624
200993,64,Active,26,3,2013-07-16 09:40:05.414797,624
200994,65,Active,20,1,2013-07-16 09:40:05.420361,624
200995,66,Active,1,55,2013-07-16 09:40:05.425611,624
200996,67,Active,2,22,2013-07-16 09:40:05.43097,624
200997,68,Active,19,2,2013-07-16 09:40:05.437078,624
200998,69,Active,23,15,2013-07-16 09:40:05.443399,624
200999,70,Active,14,14,2013-07-16 09:40:05.449866,624
201000,71,Active,13,6,2013-07-16 09:40:05.458851,624
201001,72,Active,4,19,2013-07-16 09:40:05.464802,624
201002,73,Active,11,7,2013-07-16 09:40:05.470906,624
201003,74,Active,1,18,2013-07-16 09:40:05.476148,624
201004,75,Active,21,7,2013-07-16 09:40:05.480931,624
201005,76,Active,2,53,2013-07-16 09:40:05.485716,624
201006,77,Active,12,14,2013-07-16 09:40:05.490559,624
201007,78,Active,18,16,2013-07-16 09:40:05.495342,624
201008,79,Active,3,43,2013-07-16 09:40:05.499959,624
201009,80,Active,11,6,2013-07-16 09:40:05.50605,624
201010,81,Active,1,27,2013-07-16 09:40:05.511004,624
201011,82,Active,8,11,2013-07-16 09:40:05.515986,624
201012,83,Active,10,40,2013-07-16 09:40:05.520711,624
201013,84,Active,3,27,2013-07-16 09:40:05.525551,624
201014,85,Active,0,24,2013-07-16 09:40:05.55143,624
201015,86,Active,11,20,2013-07-16 09:40:05.558108,624
201016,87,Active,15,10,2013-07-16 09:40:05.563478,624
201017,88,Active,11,21,2013-07-16 09:40:05.568707,624
201018,89,Active,29,9,2013-07-16 09:40:05.582746,624
201019,90,Active,30,3,2013-07-16 09:40:05.58818,624
201020,91,Active,18,5,2013-07-16 09:40:05.594076,624
201021,92,Active,6,24,2013-07-16 09:40:05.599066,624
201022,93,Active,2,31,2013-07-16 09:40:05.605565,624
201023,94,Active,4,28,2013-07-16 09:40:05.612,624
201024,95,Active,8,25,2013-07-16 09:40:05.618539,624
201025,96,Active,18,13,2013-07-16 09:40:05.624753,624
201026,97,Active,11,12,2013-07-16 09:40:05.630756,624
201027,98,Active,8,29,2013-07-16 09:40:05.636794,624
201028,99,Active,27,6,2013-07-16 09:40:05.642682,624
201029,100,Active,13,15,2013-07-16 09:40:05.648126,624
201030,101,Active,30,4,2013-07-16 09:40:05.653069,624
201031,102,Active,12,6,2013-07-16 09:40:05.657842,624
201032,103,Active,19,19,2013-07-16 09:40:05.663363,624
201033,104,Active,11,18,2013-07-16 09:40:05.668388,624
201034,105,Active,12,30,2013-07-16 09:40:05.673204,624
201035,106,Active,21,4,2013-07-16 09:40:05.678888,624
201036,107,Active,1,29,2013-07-16 09:40:05.684038,624
201037,108,Active,7,25,2013-07-16 09:40:05.688914,624
201038,109,Active,2,36,2013-07-16 09:40:05.694054,624
201039,110,Active,2,25,2013-07-16 09:40:05.721064,624
201040,111,Active,15,11,2013-07-16 09:40:05.725573,624
201041,112,Active,11,26,2013-07-16 09:40:05.729953,624
201042,113,Active,5,46,2013-07-16 09:40:05.780899,624
201043,114,Active,21,11,2013-07-16 09:40:05.786056,624
201044,115,Active,24,2,2013-07-16 09:40:05.791599,624
201045,116,Active,3,34,2013-07-16 09:40:05.796368,624
201046,117,Active,8,14,2013-07-16 09:40:05.801289,624
201047,118,Active,5,23,2013-07-16 09:40:05.806338,624
201048,119,Active,11,27,2013-07-16 09:40:05.811395,624
201049,120,Active,9,17,2013-07-16 09:40:05.816283,624
201050,121,Active,10,7,2013-07-16 09:40:05.821174,624
201051,122,Active,2,28,2013-07-16 09:40:05.826238,624
201052,123,Active,3,24,2013-07-16 09:40:05.831231,624
201053,124,Active,20,13,2013-07-16 09:40:05.836179,624
201054,125,Active,6,30,2013-07-16 09:40:05.841234,624
201055,126,Active,16,5,2013-07-16 09:40:05.846277,624
201056,127,Active,18,9,2013-07-16 09:40:05.851333,624
201057,128,Active,11,5,2013-07-16 09:40:05.856509,624
201058,129,Active,20,7,2013-07-16 09:40:05.86145,624
201059,130,Active,15,8,2013-07-16 09:40:05.866247,624
201060,131,Active,12,9,2013-07-16 09:40:05.871354,624
201061,132,Active,6,29,2013-07-16 09:40:05.876455,624
201062,133,Active,18,6,2013-07-16 09:40:05.881385,624
201063,134,Active,15,19,2013-07-16 09:40:05.889481,624
201064,135,Active,21,18,2013-07-16 09:40:05.894362,624
201065,136,Active,19,2,2013-07-16 09:40:05.899304,624
201066,137,Active,21,3,2013-07-16 09:40:05.904155,624
201067,138,Active,7,32,2013-07-16 09:40:05.909941,624
201068,139,Active,2,31,2013-07-16 09:40:05.914999,624
201069,140,Active,6,20,2013-07-16 09:40:05.919907,624
201070,141,Active,25,6,2013-07-16 09:40:05.924777,624
201071,142,Active,10,32,2013-07-16 09:40:05.929748,624
201072,143,Active,15,5,2013-07-16 09:40:05.956487,624
201073,144,Active,7,17,2013-07-16 09:40:05.962178,624
201074,145,Active,29,5,2013-07-16 09:40:05.967297,624
201075,146,Active,2,53,2013-07-16 09:40:05.972356,624
201076,147,Active,5,34,2013-07-16 09:40:05.977497,624
201077,148,Active,26,13,2013-07-16 09:40:05.98255,624
201078,149,Active,2,55,2013-07-16 09:40:05.98759,624
201079,150,Active,30,19,2013-07-16 09:40:05.992672,624
201080,151,Active,5,21,2013-07-16 09:40:05.997689,624
201081,152,Active,14,16,2013-07-16 09:40:06.002796,624
201082,153,Active,11,21,2013-07-16 09:40:06.007838,624
201083,154,Active,1,33,2013-07-16 09:40:06.01319,624
201084,155,Active,14,16,2013-07-16 09:40:06.019792,624
201085,156,Active,19,11,2013-07-16 09:40:06.03502,624
201086,157,Active,17,9,2013-07-16 09:40:06.040882,624
201087,158,Active,6,12,2013-07-16 09:40:06.047493,624
201088,159,Active,1,26,2013-07-16 09:40:06.053398,624
201089,160,Active,7,36,2013-07-16 09:40:06.058793,624
201090,161,Active,5,42,2013-07-16 09:40:06.063792,624
201091,162,Active,33,21,2013-07-16 09:40:06.06892,624
201092,163,Active,18,18,2013-07-16 09:40:06.074141,624
201093,164,Active,13,19,2013-07-16 09:40:06.07965,624
201094,165,Active,14,25,2013-07-16 09:40:06.084641,624
201095,166,Active,19,9,2013-07-16 09:40:06.08983,624
201096,167,Active,0,25,2013-07-16 09:40:06.094892,624
201097,168,Active,8,27,2013-07-16 09:40:06.100127,624
201098,169,Active,6,31,2013-07-16 09:40:06.135338,624
201099,170,Active,7,27,2013-07-16 09:40:06.140915,624
201100,171,Active,9,16,2013-07-16 09:40:06.146468,624
201101,172,Active,5,25,2013-07-16 09:40:06.151532,624
201102,173,Active,14,13,2013-07-16 09:40:06.156555,624
201103,174,Inactive,28,5,2013-07-16 09:40:06.161787,624
201104,175,Active,26,2,2013-07-16 09:40:06.167355,624
201105,176,Active,22,12,2013-07-16 09:40:06.194661,624
201106,177,Active,13,14,2013-07-16 09:40:06.202009,624
201107,178,Active,17,7,2013-07-16 09:40:06.207979,624
201108,179,Active,11,15,2013-07-16 09:40:06.213215,624
201109,180,Active,23,3,2013-07-16 09:40:06.218662,624
201110,181,Active,19,7,2013-07-16 09:40:06.224365,624
201111,182,Active,10,3,2013-07-16 09:40:06.24997,624
201112,183,Active,29,7,2013-07-16 09:40:06.255475,624
201113,184,Active,1,40,2013-07-16 09:40:06.260512,624
201114,185,Active,25,2,2013-07-16 09:40:06.265633,624
201115,186,Active,2,35,2013-07-16 09:40:06.270575,624
201116,187,Active,30,8,2013-07-16 09:40:06.27642,624
201117,189,Active,7,32,2013-07-16 09:40:06.281681,624
201118,190,Active,13,6,2013-07-16 09:40:06.308878,624
201119,191,Active,11,6,2013-07-16 09:40:06.313578,624
201120,192,Active,26,5,2013-07-16 09:40:06.31878,624
201121,193,Active,19,2,2013-07-16 09:40:06.323945,624
201122,194,Active,16,10,2013-07-16 09:40:06.328918,624
201123,195,Active,1,23,2013-07-16 09:40:06.334076,624
201124,196,Active,7,35,2013-07-16 09:40:06.339164,624
201125,197,Active,15,12,2013-07-16 09:40:06.344378,624
201126,198,Active,3,39,2013-07-16 09:40:06.370746,624
201127,199,Active,8,15,2013-07-16 09:40:06.3757,624
201128,200,Active,12,9,2013-07-16 09:40:06.381411,624
201129,201,Active,9,13,2013-07-16 09:40:06.387056,624
201130,202,Active,11,7,2013-07-16 09:40:06.392705,624
201131,203,Active,18,34,2013-07-16 09:40:06.397766,624
201132,204,Active,2,32,2013-07-16 09:40:06.402898,624
201133,205,Active,10,19,2013-07-16 09:40:06.408476,624
201134,206,Active,18,37,2013-07-16 09:40:06.413672,624
201135,207,Active,24,5,2013-07-16 09:40:06.419304,624
201136,208,Active,5,22,2013-07-16 09:40:06.424173,624
201137,209,Active,16,13,2013-07-16 09:40:06.429085,624
201138,210,Active,26,1,2013-07-16 09:40:06.434195,624
201139,211,Active,34,1,2013-07-16 09:40:06.4394,624
201140,212,Active,1,24,2013-07-16 09:40:06.44478,624
201141,213,Active,5,42,2013-07-16 09:40:06.449826,624
201142,214,Active,12,15,2013-07-16 09:40:06.45506,624
201143,215,Active,10,12,2013-07-16 09:40:06.460227,624
201144,216,Active,23,1,2013-07-16 09:40:06.465454,624
201145,217,Active,33,2,2013-07-16 09:40:06.471327,624
201146,218,Active,11,20,2013-07-16 09:40:06.476679,624
201147,219,Active,1,33,2013-07-16 09:40:06.481827,624
201148,220,Active,0,49,2013-07-16 09:40:06.48773,624
201149,221,Active,10,10,2013-07-16 09:40:06.493217,624
201150,222,Active,8,44,2013-07-16 09:40:06.498569,624
201151,223,Active,28,3,2013-07-16 09:40:06.504562,624
201152,224,Active,3,35,2013-07-16 09:40:06.510469,624
201153,225,Active,0,28,2013-07-16 09:40:06.515772,624
201154,226,Active,23,3,2013-07-16 09:40:06.547331,624
201155,227,Active,7,19,2013-07-16 09:40:06.553241,624
201156,228,Active,8,48,2013-07-16 09:40:06.558216,624
201157,229,Active,27,7,2013-07-16 09:40:06.56329,624
201158,230,Active,6,23,2013-07-16 09:40:06.568338,624
201159,231,Active,5,32,2013-07-16 09:40:06.573979,624
201160,232,Active,2,32,2013-07-16 09:40:06.579359,624
201161,233,Active,8,50,2013-07-16 09:40:06.584529,624
201162,234,Active,0,26,2013-07-16 09:40:06.589677,624
201163,235,Active,0,19,2013-07-16 09:40:06.594843,624
201164,236,Active,13,7,2013-07-16 09:40:06.601089,624
201165,237,Active,30,5,2013-07-16 09:40:06.607474,624
201166,238,Active,27,17,2013-07-16 09:40:06.614268,624
201167,239,Active,1,21,2013-07-16 09:40:06.620762,624
201168,240,Active,1,53,2013-07-16 09:40:06.626773,624
201169,241,Active,2,36,2013-07-16 09:40:06.632781,624
201170,242,Active,5,30,2013-07-16 09:40:06.638705,624
201171,243,Active,11,20,2013-07-16 09:40:06.644402,624
201172,244,Active,7,52,2013-07-16 09:40:06.649729,624
201173,245,Active,0,57,2013-07-16 09:40:06.654821,624
201174,246,Active,3,31,2013-07-16 09:40:06.65969,624
201175,247,Active,21,0,2013-07-16 09:40:06.664974,624
201176,248,Active,2,38,2013-07-16 09:40:06.670041,624
201177,249,Active,20,14,2013-07-16 09:40:06.675633,624
201178,250,Active,3,44,2013-07-16 09:40:06.680529,624
201179,251,Active,7,30,2013-07-16 09:40:06.686557,624
201180,252,Active,6,37,2013-07-16 09:40:06.692253,624
201181,253,Active,25,32,2013-07-16 09:40:06.697026,624
201182,254,Active,27,1,2013-07-16 09:40:06.703023,624
201183,255,Active,8,18,2013-07-16 09:40:06.707964,624
201184,256,Active,22,4,2013-07-16 09:40:06.713054,624
201185,257,Active,10,13,2013-07-16 09:40:06.718135,624
201186,258,Active,21,14,2013-07-16 09:40:06.722765,624
201187,259,Active,27,6,2013-07-16 09:40:06.727748,624
201188,260,Active,3,34,2013-07-16 09:40:06.732526,624
201189,261,Active,1,37,2013-07-16 09:40:06.737641,624
201190,262,Active,2,36,2013-07-16 09:40:06.742639,624
201191,263,Active,27,2,2013-07-16 09:40:06.747707,624
201192,264,Active,34,3,2013-07-16 09:40:06.752879,624
201193,265,Active,8,27,2013-07-16 09:40:06.75765,624
201194,266,Active,33,18,2013-07-16 09:40:06.762534,624
201195,267,Active,10,43,2013-07-16 09:40:06.767324,624
201196,268,Active,32,15,2013-07-16 09:40:06.794357,624
201197,269,Active,1,30,2013-07-16 09:40:06.801652,624
201198,270,Active,11,23,2013-07-16 09:40:06.806612,624
201199,271,Active,24,1,2013-07-16 09:40:06.811379,624
201200,272,Active,7,38,2013-07-16 09:40:06.816189,624
201201,273,Active,6,49,2013-07-16 09:40:06.821601,624
201202,274,Active,2,26,2013-07-16 09:40:06.826889,624
201203,275,Active,4,29,2013-07-16 09:40:06.855278,624
201204,276,Active,0,51,2013-07-16 09:40:06.860557,624
201205,277,Active,27,10,2013-07-16 09:40:06.865626,624
201206,278,Active,7,21,2013-07-16 09:40:06.870368,624
201207,279,Active,34,3,2013-07-16 09:40:06.875458,624
201208,280,Active,21,11,2013-07-16 09:40:06.880408,624
201209,281,Active,18,26,2013-07-16 09:40:06.885449,624
201210,282,Active,21,1,2013-07-16 09:40:06.912068,624
201211,283,Active,10,24,2013-07-16 09:40:06.916924,624
201212,284,Active,5,43,2013-07-16 09:40:06.921552,624
201213,285,Active,27,3,2013-07-16 09:40:06.926403,624
201214,286,Active,24,3,2013-07-16 09:40:06.931519,624
201215,287,Active,9,17,2013-07-16 09:40:06.936571,624
201216,288,Active,46,2,2013-07-16 09:40:06.941388,624
201217,289,Active,26,6,2013-07-16 09:40:06.94633,624
201218,290,Active,3,27,2013-07-16 09:40:06.951392,624
201219,291,Active,21,37,2013-07-16 09:40:06.957882,624
201220,292,Active,7,28,2013-07-16 09:40:06.963007,624
201221,293,Active,37,15,2013-07-16 09:40:06.968141,624
201222,294,Active,1,37,2013-07-16 09:40:06.973289,624
201223,295,Active,53,6,2013-07-16 09:40:06.978198,624
201224,296,Active,1,50,2013-07-16 09:40:06.983366,624
201225,297,Active,12,34,2013-07-16 09:40:06.988586,624
201226,298,Active,1,56,2013-07-16 09:40:06.993361,624
201227,299,Active,7,32,2013-07-16 09:40:06.998526,624
201228,300,Active,4,39,2013-07-16 09:40:07.003551,624
201229,301,Active,21,32,2013-07-16 09:40:07.008556,624
201230,302,Active,16,19,2013-07-16 09:40:07.013691,624
201231,303,Active,26,12,2013-07-16 09:40:07.018347,624
201232,304,Active,10,21,2013-07-16 09:40:07.023544,624
201233,305,Active,13,23,2013-07-16 09:40:07.028518,624
201234,306,Active,37,3,2013-07-16 09:40:07.033197,624
201235,307,Active,1,48,2013-07-16 09:40:07.038415,624
201236,308,Active,7,24,2013-07-16 09:40:07.04364,624
201237,309,Active,13,15,2013-07-16 09:40:07.04846,624
201238,310,Active,8,30,2013-07-16 09:40:07.053305,624
201239,311,Active,0,38,2013-07-16 09:40:07.058209,624
201240,312,Active,11,17,2013-07-16 09:40:07.063108,624
201241,313,Active,6,30,2013-07-16 09:40:07.162598,624
201242,314,Active,19,3,2013-07-16 09:40:07.167986,624
201243,315,Active,2,31,2013-07-16 09:40:07.173033,624
201244,316,Active,2,28,2013-07-16 09:40:07.177936,624
201245,317,Active,8,6,2013-07-16 09:40:07.183142,624
201246,318,Active,17,6,2013-07-16 09:40:07.189191,624
201247,319,Active,25,2,2013-07-16 09:40:07.19555,624
201248,320,Active,7,28,2013-07-16 09:40:07.201429,624
201249,321,Active,4,8,2013-07-16 09:40:07.206347,624
201250,322,Active,2,46,2013-07-16 09:40:07.211453,624
201251,327,Active,4,25,2013-07-16 09:40:07.21752,624
201252,328,Active,9,26,2013-07-16 09:40:07.22268,624
201253,323,Active,1,38,2013-07-16 09:40:07.228638,624
201254,324,Active,5,19,2013-07-16 09:40:07.233851,624
201255,325,Active,0,0,2013-07-16 09:40:07.238786,624
201256,326,Active,0,31,2013-07-16 09:40:07.244202,624
201257,1,Active,14,20,2013-07-16 09:50:05.178863,625
201258,2,Active,9,20,2013-07-16 09:50:05.187002,625
201259,3,Active,4,20,2013-07-16 09:50:05.191358,625
201260,4,Active,26,36,2013-07-16 09:50:05.19759,625
201261,5,Active,22,13,2013-07-16 09:50:05.201736,625
201262,6,Active,11,7,2013-07-16 09:50:05.205744,625
201263,7,Active,19,0,2013-07-16 09:50:05.209692,625
201264,8,Active,10,20,2013-07-16 09:50:05.213677,625
201265,9,Active,4,25,2013-07-16 09:50:05.22224,625
201266,10,Inactive,0,28,2013-07-16 09:50:05.226148,625
201267,11,Active,25,0,2013-07-16 09:50:05.230147,625
201268,12,Active,2,17,2013-07-16 09:50:05.234146,625
201269,13,Active,5,33,2013-07-16 09:50:05.238101,625
201270,14,Active,3,30,2013-07-16 09:50:05.245732,625
201271,15,Active,28,2,2013-07-16 09:50:05.249908,625
201272,16,Active,15,18,2013-07-16 09:50:05.253962,625
201273,17,Active,11,17,2013-07-16 09:50:05.261929,625
201274,18,Active,0,52,2013-07-16 09:50:05.265961,625
201275,19,Active,17,4,2013-07-16 09:50:05.270167,625
201276,20,Active,3,22,2013-07-16 09:50:05.274214,625
201277,21,Active,4,30,2013-07-16 09:50:05.278249,625
201278,22,Active,3,43,2013-07-16 09:50:05.28233,625
201279,23,Active,2,41,2013-07-16 09:50:05.287968,625
201280,24,Active,2,43,2013-07-16 09:50:05.292219,625
201281,25,Active,3,44,2013-07-16 09:50:05.296393,625
201282,26,Active,20,4,2013-07-16 09:50:05.300456,625
201283,27,Active,4,41,2013-07-16 09:50:05.304387,625
201284,28,Active,3,24,2013-07-16 09:50:05.308463,625
201285,29,Active,15,5,2013-07-16 09:50:05.312644,625
201286,30,Active,16,22,2013-07-16 09:50:05.316652,625
201287,31,Active,19,20,2013-07-16 09:50:05.321154,625
201288,32,Active,18,12,2013-07-16 09:50:05.325525,625
201289,33,Active,3,24,2013-07-16 09:50:05.330059,625
201290,34,Active,17,18,2013-07-16 09:50:05.334592,625
201291,35,Active,1,49,2013-07-16 09:50:05.339789,625
201292,36,Active,11,14,2013-07-16 09:50:05.34592,625
201293,37,Active,10,13,2013-07-16 09:50:05.350211,625
201294,38,Active,9,29,2013-07-16 09:50:05.354358,625
201295,39,Active,35,2,2013-07-16 09:50:05.358957,625
201296,40,Active,36,2,2013-07-16 09:50:05.36319,625
201297,41,Active,15,10,2013-07-16 09:50:05.368148,625
201298,42,Active,5,26,2013-07-16 09:50:05.372516,625
201299,43,Active,14,7,2013-07-16 09:50:05.376736,625
201300,44,Active,9,12,2013-07-16 09:50:05.380785,625
201301,45,Active,5,14,2013-07-16 09:50:05.384973,625
201302,46,Active,19,11,2013-07-16 09:50:05.389112,625
201303,47,Active,17,3,2013-07-16 09:50:05.393257,625
201304,48,Active,11,7,2013-07-16 09:50:05.397471,625
201305,49,Active,3,17,2013-07-16 09:50:05.402758,625
201306,50,Active,5,22,2013-07-16 09:50:05.406966,625
201307,51,Active,8,31,2013-07-16 09:50:05.411185,625
201308,52,Active,7,18,2013-07-16 09:50:05.41542,625
201309,53,Active,17,13,2013-07-16 09:50:05.419507,625
201310,54,Active,6,40,2013-07-16 09:50:05.423801,625
201311,55,Active,15,14,2013-07-16 09:50:05.428055,625
201312,56,Active,2,37,2013-07-16 09:50:05.455035,625
201313,57,Active,17,6,2013-07-16 09:50:05.460376,625
201314,58,Active,6,30,2013-07-16 09:50:05.465714,625
201315,59,Active,7,28,2013-07-16 09:50:05.474476,625
201316,60,Active,10,15,2013-07-16 09:50:05.479801,625
201317,61,Active,4,20,2013-07-16 09:50:05.484571,625
201318,62,Active,7,20,2013-07-16 09:50:05.489724,625
201319,63,Active,3,23,2013-07-16 09:50:05.494628,625
201320,64,Active,26,3,2013-07-16 09:50:05.499321,625
201321,65,Active,20,1,2013-07-16 09:50:05.504487,625
201322,66,Active,1,55,2013-07-16 09:50:05.509458,625
201323,67,Active,2,22,2013-07-16 09:50:05.51432,625
201324,68,Active,19,2,2013-07-16 09:50:05.520492,625
201325,69,Active,24,14,2013-07-16 09:50:05.525416,625
201326,70,Active,14,14,2013-07-16 09:50:05.530287,625
201327,71,Active,13,6,2013-07-16 09:50:05.535347,625
201328,72,Active,4,19,2013-07-16 09:50:05.54017,625
201329,73,Active,10,8,2013-07-16 09:50:05.54521,625
201330,74,Active,1,18,2013-07-16 09:50:05.551612,625
201331,75,Active,20,8,2013-07-16 09:50:05.556443,625
201332,76,Active,1,54,2013-07-16 09:50:05.561259,625
201333,77,Active,12,14,2013-07-16 09:50:05.565958,625
201334,78,Active,18,16,2013-07-16 09:50:05.570841,625
201335,79,Active,3,43,2013-07-16 09:50:05.575791,625
201336,80,Active,11,6,2013-07-16 09:50:05.580692,625
201337,81,Active,1,27,2013-07-16 09:50:05.586258,625
201338,82,Active,8,11,2013-07-16 09:50:05.591056,625
201339,83,Active,10,40,2013-07-16 09:50:05.595977,625
201340,84,Active,3,27,2013-07-16 09:50:05.601023,625
201341,85,Active,0,24,2013-07-16 09:50:05.60601,625
201342,86,Active,11,20,2013-07-16 09:50:05.610778,625
201343,87,Active,16,9,2013-07-16 09:50:05.618002,625
201344,88,Active,11,21,2013-07-16 09:50:05.623032,625
201345,89,Active,30,8,2013-07-16 09:50:05.628588,625
201346,90,Active,30,3,2013-07-16 09:50:05.633452,625
201347,91,Active,18,5,2013-07-16 09:50:05.638524,625
201348,92,Active,6,24,2013-07-16 09:50:05.643602,625
201349,93,Active,2,31,2013-07-16 09:50:05.648428,625
201350,94,Active,2,30,2013-07-16 09:50:05.653407,625
201351,95,Active,7,26,2013-07-16 09:50:05.658387,625
201352,96,Active,18,13,2013-07-16 09:50:05.663348,625
201353,97,Active,11,12,2013-07-16 09:50:05.668348,625
201354,98,Active,9,28,2013-07-16 09:50:05.673744,625
201355,99,Active,27,6,2013-07-16 09:50:05.67885,625
201356,100,Active,13,15,2013-07-16 09:50:05.683953,625
201357,101,Active,30,4,2013-07-16 09:50:05.688852,625
201358,102,Active,12,6,2013-07-16 09:50:05.694497,625
201359,103,Active,19,19,2013-07-16 09:50:05.700406,625
201360,104,Active,11,18,2013-07-16 09:50:05.705266,625
201361,105,Active,12,30,2013-07-16 09:50:05.710441,625
201362,106,Active,21,4,2013-07-16 09:50:05.715462,625
201363,107,Active,1,29,2013-07-16 09:50:05.721512,625
201364,108,Active,7,25,2013-07-16 09:50:05.726957,625
201365,109,Active,2,36,2013-07-16 09:50:05.734106,625
201366,110,Active,6,21,2013-07-16 09:50:05.739101,625
201367,111,Active,15,12,2013-07-16 09:50:05.743406,625
201368,112,Active,11,26,2013-07-16 09:50:05.770068,625
201369,113,Active,5,46,2013-07-16 09:50:05.776479,625
201370,114,Active,21,11,2013-07-16 09:50:05.781973,625
201371,115,Active,24,2,2013-07-16 09:50:05.787102,625
201372,116,Active,3,34,2013-07-16 09:50:05.791939,625
201373,117,Active,8,14,2013-07-16 09:50:05.796896,625
201374,118,Active,5,23,2013-07-16 09:50:05.801898,625
201375,119,Active,10,28,2013-07-16 09:50:05.80684,625
201376,120,Active,9,17,2013-07-16 09:50:05.811686,625
201377,121,Active,10,7,2013-07-16 09:50:05.816691,625
201378,122,Active,2,28,2013-07-16 09:50:05.821552,625
201379,123,Active,3,24,2013-07-16 09:50:05.826373,625
201380,124,Active,20,13,2013-07-16 09:50:05.831317,625
201381,125,Active,6,30,2013-07-16 09:50:05.836292,625
201382,126,Active,16,5,2013-07-16 09:50:05.841594,625
201383,127,Active,18,9,2013-07-16 09:50:05.846303,625
201384,128,Active,10,6,2013-07-16 09:50:05.851245,625
201385,129,Active,20,7,2013-07-16 09:50:05.856037,625
201386,130,Active,15,8,2013-07-16 09:50:05.860814,625
201387,131,Active,12,9,2013-07-16 09:50:05.865839,625
201388,132,Active,5,30,2013-07-16 09:50:05.874491,625
201389,133,Active,18,6,2013-07-16 09:50:05.879479,625
201390,134,Active,16,18,2013-07-16 09:50:05.884817,625
201391,135,Active,21,18,2013-07-16 09:50:05.890002,625
201392,136,Active,18,3,2013-07-16 09:50:05.895293,625
201393,137,Active,21,3,2013-07-16 09:50:05.900295,625
201394,138,Active,7,32,2013-07-16 09:50:05.905298,625
201395,139,Active,2,31,2013-07-16 09:50:05.910297,625
201396,140,Active,6,20,2013-07-16 09:50:05.915161,625
201397,141,Active,25,6,2013-07-16 09:50:05.920337,625
201398,142,Active,10,32,2013-07-16 09:50:05.925236,625
201399,143,Active,15,5,2013-07-16 09:50:05.930088,625
201400,144,Active,7,17,2013-07-16 09:50:05.934939,625
201401,145,Active,29,5,2013-07-16 09:50:05.939745,625
201402,146,Active,3,50,2013-07-16 09:50:05.944917,625
201403,147,Active,5,34,2013-07-16 09:50:05.949877,625
201404,148,Active,26,13,2013-07-16 09:50:05.954783,625
201405,149,Active,2,55,2013-07-16 09:50:05.959791,625
201406,150,Active,30,19,2013-07-16 09:50:05.964731,625
201407,151,Active,5,21,2013-07-16 09:50:05.969775,625
201408,152,Active,14,16,2013-07-16 09:50:05.974725,625
201409,153,Active,11,21,2013-07-16 09:50:05.979845,625
201410,154,Active,1,33,2013-07-16 09:50:05.98614,625
201411,155,Active,13,17,2013-07-16 09:50:05.991093,625
201412,156,Active,19,11,2013-07-16 09:50:05.99596,625
201413,157,Active,17,9,2013-07-16 09:50:06.001002,625
201414,158,Active,6,12,2013-07-16 09:50:06.005934,625
201415,159,Active,1,26,2013-07-16 09:50:06.010879,625
201416,160,Active,7,36,2013-07-16 09:50:06.015698,625
201417,161,Active,5,42,2013-07-16 09:50:06.020551,625
201418,162,Active,33,21,2013-07-16 09:50:06.026454,625
201419,163,Active,18,18,2013-07-16 09:50:06.031385,625
201420,164,Active,13,19,2013-07-16 09:50:06.036457,625
201421,165,Active,14,25,2013-07-16 09:50:06.04143,625
201422,166,Active,19,10,2013-07-16 09:50:06.046448,625
201423,167,Active,0,25,2013-07-16 09:50:06.051523,625
201424,168,Active,8,27,2013-07-16 09:50:06.057055,625
201425,169,Active,6,31,2013-07-16 09:50:06.083902,625
201426,170,Active,7,27,2013-07-16 09:50:06.088883,625
201427,171,Active,9,16,2013-07-16 09:50:06.093771,625
201428,172,Active,5,25,2013-07-16 09:50:06.098726,625
201429,173,Active,14,13,2013-07-16 09:50:06.103683,625
201430,174,Inactive,28,5,2013-07-16 09:50:06.108512,625
201431,175,Active,26,2,2013-07-16 09:50:06.113457,625
201432,176,Active,22,12,2013-07-16 09:50:06.120037,625
201433,177,Active,13,14,2013-07-16 09:50:06.125084,625
201434,178,Active,17,7,2013-07-16 09:50:06.129907,625
201435,179,Active,11,15,2013-07-16 09:50:06.134925,625
201436,180,Active,23,3,2013-07-16 09:50:06.139993,625
201437,181,Active,19,7,2013-07-16 09:50:06.144978,625
201438,182,Active,10,3,2013-07-16 09:50:06.149733,625
201439,183,Active,29,7,2013-07-16 09:50:06.154806,625
201440,184,Active,1,40,2013-07-16 09:50:06.159742,625
201441,185,Active,25,2,2013-07-16 09:50:06.164547,625
201442,186,Active,2,35,2013-07-16 09:50:06.169549,625
201443,187,Active,30,8,2013-07-16 09:50:06.174637,625
201444,189,Active,7,32,2013-07-16 09:50:06.17976,625
201445,190,Active,13,6,2013-07-16 09:50:06.184749,625
201446,191,Active,11,6,2013-07-16 09:50:06.189625,625
201447,192,Active,26,5,2013-07-16 09:50:06.195177,625
201448,193,Active,19,2,2013-07-16 09:50:06.200396,625
201449,194,Active,16,10,2013-07-16 09:50:06.205444,625
201450,195,Active,1,23,2013-07-16 09:50:06.210505,625
201451,196,Active,6,36,2013-07-16 09:50:06.215571,625
201452,197,Active,15,12,2013-07-16 09:50:06.220259,625
201453,198,Active,3,39,2013-07-16 09:50:06.225431,625
201454,199,Active,8,15,2013-07-16 09:50:06.230239,625
201455,200,Active,12,9,2013-07-16 09:50:06.235629,625
201456,201,Active,9,13,2013-07-16 09:50:06.240704,625
201457,202,Active,11,7,2013-07-16 09:50:06.245595,625
201458,203,Active,18,34,2013-07-16 09:50:06.250509,625
201459,204,Active,2,32,2013-07-16 09:50:06.255648,625
201460,205,Active,10,19,2013-07-16 09:50:06.260645,625
201461,206,Active,18,37,2013-07-16 09:50:06.265549,625
201462,207,Active,24,5,2013-07-16 09:50:06.270743,625
201463,208,Active,5,22,2013-07-16 09:50:06.275969,625
201464,209,Active,16,13,2013-07-16 09:50:06.28099,625
201465,210,Active,26,1,2013-07-16 09:50:06.285949,625
201466,211,Active,33,2,2013-07-16 09:50:06.290828,625
201467,212,Active,1,24,2013-07-16 09:50:06.295723,625
201468,213,Active,5,42,2013-07-16 09:50:06.30101,625
201469,214,Active,12,15,2013-07-16 09:50:06.306336,625
201470,215,Active,10,12,2013-07-16 09:50:06.311255,625
201471,216,Active,23,1,2013-07-16 09:50:06.316081,625
201472,217,Active,32,3,2013-07-16 09:50:06.320759,625
201473,218,Active,11,20,2013-07-16 09:50:06.326317,625
201474,219,Active,1,33,2013-07-16 09:50:06.332617,625
201475,220,Active,0,49,2013-07-16 09:50:06.338488,625
201476,221,Active,10,10,2013-07-16 09:50:06.344138,625
201477,222,Active,9,43,2013-07-16 09:50:06.350506,625
201478,223,Active,27,4,2013-07-16 09:50:06.356156,625
201479,224,Active,2,36,2013-07-16 09:50:06.362211,625
201480,225,Active,0,29,2013-07-16 09:50:06.368073,625
201481,226,Active,23,4,2013-07-16 09:50:06.399807,625
201482,227,Active,7,19,2013-07-16 09:50:06.405437,625
201483,228,Active,8,48,2013-07-16 09:50:06.410507,625
201484,229,Active,27,7,2013-07-16 09:50:06.415804,625
201485,230,Active,5,24,2013-07-16 09:50:06.421484,625
201486,231,Active,5,32,2013-07-16 09:50:06.426404,625
201487,232,Active,2,32,2013-07-16 09:50:06.431709,625
201488,233,Active,9,49,2013-07-16 09:50:06.436578,625
201489,234,Active,0,26,2013-07-16 09:50:06.442048,625
201490,235,Active,0,19,2013-07-16 09:50:06.4483,625
201491,236,Active,13,7,2013-07-16 09:50:06.453365,625
201492,237,Active,30,6,2013-07-16 09:50:06.458216,625
201493,238,Active,27,17,2013-07-16 09:50:06.46303,625
201494,239,Active,1,21,2013-07-16 09:50:06.467908,625
201495,240,Active,1,53,2013-07-16 09:50:06.472699,625
201496,241,Active,2,36,2013-07-16 09:50:06.477645,625
201497,242,Active,6,29,2013-07-16 09:50:06.48262,625
201498,243,Active,11,20,2013-07-16 09:50:06.487452,625
201499,244,Active,7,52,2013-07-16 09:50:06.492623,625
201500,245,Active,4,52,2013-07-16 09:50:06.497682,625
201501,246,Active,4,30,2013-07-16 09:50:06.502572,625
201502,247,Active,21,0,2013-07-16 09:50:06.50837,625
201503,248,Active,1,39,2013-07-16 09:50:06.513155,625
201504,249,Active,20,14,2013-07-16 09:50:06.518097,625
201505,250,Active,3,44,2013-07-16 09:50:06.523072,625
201506,251,Active,7,30,2013-07-16 09:50:06.527861,625
201507,252,Active,6,37,2013-07-16 09:50:06.532812,625
201508,253,Active,25,32,2013-07-16 09:50:06.537781,625
201509,254,Active,27,1,2013-07-16 09:50:06.54246,625
201510,255,Active,8,18,2013-07-16 09:50:06.547504,625
201511,256,Active,22,4,2013-07-16 09:50:06.552677,625
201512,257,Active,10,13,2013-07-16 09:50:06.558408,625
201513,258,Active,18,17,2013-07-16 09:50:06.563517,625
201514,259,Active,27,6,2013-07-16 09:50:06.568325,625
201515,260,Active,3,34,2013-07-16 09:50:06.573203,625
201516,261,Active,1,37,2013-07-16 09:50:06.578235,625
201517,262,Active,2,36,2013-07-16 09:50:06.58328,625
201518,263,Active,26,3,2013-07-16 09:50:06.588271,625
201519,264,Active,34,3,2013-07-16 09:50:06.593189,625
201520,265,Active,7,28,2013-07-16 09:50:06.598059,625
201521,266,Active,33,18,2013-07-16 09:50:06.603284,625
201522,267,Active,10,43,2013-07-16 09:50:06.610499,625
201523,268,Active,32,15,2013-07-16 09:50:06.615606,625
201524,269,Active,2,29,2013-07-16 09:50:06.621043,625
201525,270,Active,11,23,2013-07-16 09:50:06.625872,625
201526,271,Active,24,1,2013-07-16 09:50:06.630692,625
201527,272,Active,6,39,2013-07-16 09:50:06.63564,625
201528,273,Active,7,48,2013-07-16 09:50:06.640648,625
201529,274,Active,6,22,2013-07-16 09:50:06.645579,625
201530,275,Active,5,28,2013-07-16 09:50:06.650494,625
201531,276,Active,5,46,2013-07-16 09:50:06.655659,625
201532,277,Active,27,10,2013-07-16 09:50:06.660729,625
201533,278,Active,7,21,2013-07-16 09:50:06.665429,625
201534,279,Active,34,3,2013-07-16 09:50:06.670873,625
201535,280,Active,24,8,2013-07-16 09:50:06.676068,625
201536,281,Active,18,26,2013-07-16 09:50:06.68133,625
201537,282,Active,21,1,2013-07-16 09:50:06.710541,625
201538,283,Active,10,24,2013-07-16 09:50:06.715638,625
201539,284,Active,5,43,2013-07-16 09:50:06.720665,625
201540,285,Active,27,3,2013-07-16 09:50:06.725656,625
201541,286,Active,24,3,2013-07-16 09:50:06.73052,625
201542,287,Active,9,17,2013-07-16 09:50:06.735588,625
201543,288,Active,46,2,2013-07-16 09:50:06.740423,625
201544,289,Active,26,6,2013-07-16 09:50:06.746636,625
201545,290,Active,4,26,2013-07-16 09:50:06.752093,625
201546,291,Active,21,37,2013-07-16 09:50:06.757268,625
201547,292,Active,7,28,2013-07-16 09:50:06.762065,625
201548,293,Active,36,16,2013-07-16 09:50:06.766787,625
201549,294,Active,1,37,2013-07-16 09:50:06.771814,625
201550,295,Active,53,6,2013-07-16 09:50:06.776676,625
201551,296,Active,2,48,2013-07-16 09:50:06.781456,625
201552,297,Active,12,34,2013-07-16 09:50:06.786576,625
201553,298,Active,1,56,2013-07-16 09:50:06.791443,625
201554,299,Active,7,32,2013-07-16 09:50:06.796229,625
201555,300,Active,4,39,2013-07-16 09:50:06.801307,625
201556,301,Active,21,32,2013-07-16 09:50:06.807144,625
201557,302,Active,16,19,2013-07-16 09:50:06.812202,625
201558,303,Active,25,14,2013-07-16 09:50:06.817358,625
201559,304,Active,10,21,2013-07-16 09:50:06.82228,625
201560,305,Active,13,23,2013-07-16 09:50:06.827292,625
201561,306,Active,37,3,2013-07-16 09:50:06.832456,625
201562,307,Active,1,48,2013-07-16 09:50:06.837521,625
201563,308,Active,8,23,2013-07-16 09:50:06.842234,625
201564,309,Active,13,15,2013-07-16 09:50:06.847266,625
201565,310,Active,8,30,2013-07-16 09:50:06.852011,625
201566,311,Active,1,37,2013-07-16 09:50:06.857006,625
201567,312,Active,11,17,2013-07-16 09:50:06.861882,625
201568,313,Active,6,30,2013-07-16 09:50:06.866681,625
201569,314,Active,19,3,2013-07-16 09:50:06.871547,625
201570,315,Active,2,31,2013-07-16 09:50:06.876239,625
201571,316,Active,2,28,2013-07-16 09:50:06.881035,625
201572,317,Active,8,6,2013-07-16 09:50:06.885964,625
201573,318,Active,17,6,2013-07-16 09:50:06.890875,625
201574,319,Active,24,3,2013-07-16 09:50:06.895738,625
201575,320,Active,7,28,2013-07-16 09:50:06.900584,625
201576,321,Active,4,8,2013-07-16 09:50:06.905699,625
201577,322,Active,2,46,2013-07-16 09:50:06.91081,625
201578,327,Active,4,25,2013-07-16 09:50:06.915687,625
201579,328,Active,9,26,2013-07-16 09:50:06.922274,625
201580,323,Active,1,38,2013-07-16 09:50:06.927239,625
201581,324,Active,4,20,2013-07-16 09:50:06.931928,625
201582,325,Active,0,0,2013-07-16 09:50:06.93692,625
201583,326,Active,0,31,2013-07-16 09:50:06.941677,625
201584,1,Active,14,20,2013-07-16 10:00:05.872555,626
201585,2,Active,9,20,2013-07-16 10:00:05.907186,626
201586,3,Active,5,19,2013-07-16 10:00:05.91151,626
201587,4,Active,26,36,2013-07-16 10:00:05.918364,626
201588,5,Active,22,13,2013-07-16 10:00:05.922755,626
201589,6,Active,11,7,2013-07-16 10:00:05.926941,626
201590,7,Active,19,0,2013-07-16 10:00:05.931002,626
201591,8,Active,10,20,2013-07-16 10:00:05.935168,626
201592,9,Active,4,26,2013-07-16 10:00:05.961388,626
201593,10,Inactive,0,28,2013-07-16 10:00:05.965844,626
201594,11,Active,25,0,2013-07-16 10:00:05.970498,626
201595,12,Active,2,17,2013-07-16 10:00:05.974583,626
201596,13,Active,5,33,2013-07-16 10:00:05.979164,626
201597,14,Active,4,29,2013-07-16 10:00:05.983362,626
201598,15,Active,27,3,2013-07-16 10:00:05.987722,626
201599,16,Active,16,17,2013-07-16 10:00:05.991892,626
201600,17,Active,12,16,2013-07-16 10:00:06.019795,626
201601,18,Active,0,52,2013-07-16 10:00:06.024451,626
201602,19,Active,17,4,2013-07-16 10:00:06.028753,626
201603,20,Active,3,22,2013-07-16 10:00:06.033107,626
201604,21,Active,4,30,2013-07-16 10:00:06.037415,626
201605,22,Active,3,43,2013-07-16 10:00:06.04176,626
201606,23,Active,2,41,2013-07-16 10:00:06.046067,626
201607,24,Active,2,43,2013-07-16 10:00:06.050362,626
201608,25,Active,7,37,2013-07-16 10:00:06.077159,626
201609,26,Active,20,4,2013-07-16 10:00:06.081475,626
201610,27,Active,4,41,2013-07-16 10:00:06.086072,626
201611,28,Active,5,21,2013-07-16 10:00:06.090454,626
201612,29,Active,15,5,2013-07-16 10:00:06.094638,626
201613,30,Active,16,22,2013-07-16 10:00:06.098926,626
201614,31,Active,19,20,2013-07-16 10:00:06.104934,626
201615,32,Active,18,12,2013-07-16 10:00:06.109129,626
201616,33,Active,3,24,2013-07-16 10:00:06.137768,626
201617,34,Active,17,18,2013-07-16 10:00:06.14218,626
201618,35,Active,1,49,2013-07-16 10:00:06.146359,626
201619,36,Active,10,15,2013-07-16 10:00:06.150683,626
201620,37,Active,10,13,2013-07-16 10:00:06.15481,626
201621,38,Active,10,28,2013-07-16 10:00:06.15899,626
201622,39,Active,35,2,2013-07-16 10:00:06.163123,626
201623,40,Active,35,3,2013-07-16 10:00:06.167574,626
201624,41,Active,14,11,2013-07-16 10:00:06.171663,626
201625,42,Active,5,26,2013-07-16 10:00:06.176083,626
201626,43,Active,14,7,2013-07-16 10:00:06.180548,626
201627,44,Active,9,12,2013-07-16 10:00:06.184875,626
201628,45,Active,5,14,2013-07-16 10:00:06.189697,626
201629,46,Active,19,11,2013-07-16 10:00:06.195317,626
201630,47,Active,17,3,2013-07-16 10:00:06.200485,626
201631,48,Active,10,8,2013-07-16 10:00:06.206548,626
201632,49,Active,2,18,2013-07-16 10:00:06.211692,626
201633,50,Active,4,23,2013-07-16 10:00:06.216656,626
201634,51,Active,9,30,2013-07-16 10:00:06.221551,626
201635,52,Active,7,19,2013-07-16 10:00:06.226273,626
201636,53,Active,17,13,2013-07-16 10:00:06.231067,626
201637,54,Active,6,40,2013-07-16 10:00:06.235858,626
201638,55,Active,15,14,2013-07-16 10:00:06.240031,626
201639,56,Active,2,37,2013-07-16 10:00:06.270968,626
201640,57,Active,17,6,2013-07-16 10:00:06.276145,626
201641,58,Active,6,30,2013-07-16 10:00:06.281579,626
201642,59,Active,7,28,2013-07-16 10:00:06.309153,626
201643,60,Active,10,15,2013-07-16 10:00:06.314661,626
201644,61,Active,4,20,2013-07-16 10:00:06.31965,626
201645,62,Active,7,20,2013-07-16 10:00:06.32468,626
201646,63,Active,3,23,2013-07-16 10:00:06.329975,626
201647,64,Active,26,3,2013-07-16 10:00:06.335181,626
201648,65,Active,19,2,2013-07-16 10:00:06.3404,626
201649,66,Active,1,55,2013-07-16 10:00:06.345664,626
201650,67,Active,2,22,2013-07-16 10:00:06.350797,626
201651,68,Active,19,2,2013-07-16 10:00:06.355751,626
201652,69,Active,24,14,2013-07-16 10:00:06.360583,626
201653,70,Active,14,14,2013-07-16 10:00:06.365541,626
201654,71,Active,13,6,2013-07-16 10:00:06.370502,626
201655,72,Active,4,19,2013-07-16 10:00:06.375325,626
201656,73,Active,10,8,2013-07-16 10:00:06.380361,626
201657,74,Active,1,18,2013-07-16 10:00:06.385318,626
201658,75,Active,20,8,2013-07-16 10:00:06.390427,626
201659,76,Active,1,54,2013-07-16 10:00:06.399227,626
201660,77,Active,12,14,2013-07-16 10:00:06.404512,626
201661,78,Active,18,16,2013-07-16 10:00:06.409328,626
201662,79,Active,3,43,2013-07-16 10:00:06.41424,626
201663,80,Active,11,6,2013-07-16 10:00:06.419206,626
201664,81,Active,1,27,2013-07-16 10:00:06.42396,626
201665,82,Active,8,11,2013-07-16 10:00:06.428921,626
201666,83,Active,10,40,2013-07-16 10:00:06.433952,626
201667,84,Active,3,27,2013-07-16 10:00:06.439211,626
201668,85,Active,0,24,2013-07-16 10:00:06.444177,626
201669,86,Active,11,20,2013-07-16 10:00:06.449266,626
201670,87,Active,16,9,2013-07-16 10:00:06.454117,626
201671,88,Active,11,21,2013-07-16 10:00:06.458983,626
201672,89,Active,30,8,2013-07-16 10:00:06.483652,626
201673,90,Active,30,3,2013-07-16 10:00:06.488908,626
201674,91,Active,18,5,2013-07-16 10:00:06.493992,626
201675,92,Active,6,24,2013-07-16 10:00:06.498963,626
201676,93,Active,2,31,2013-07-16 10:00:06.504198,626
201677,94,Active,2,30,2013-07-16 10:00:06.509022,626
201678,95,Active,7,26,2013-07-16 10:00:06.514079,626
201679,96,Active,19,12,2013-07-16 10:00:06.541974,626
201680,97,Active,11,12,2013-07-16 10:00:06.546783,626
201681,98,Active,10,27,2013-07-16 10:00:06.551942,626
201682,99,Active,27,6,2013-07-16 10:00:06.5582,626
201683,100,Active,11,17,2013-07-16 10:00:06.563159,626
201684,101,Active,30,4,2013-07-16 10:00:06.568274,626
201685,102,Active,12,6,2013-07-16 10:00:06.573274,626
201686,103,Active,18,20,2013-07-16 10:00:06.602643,626
201687,104,Active,11,18,2013-07-16 10:00:06.608427,626
201688,105,Active,12,30,2013-07-16 10:00:06.613998,626
201689,106,Active,21,4,2013-07-16 10:00:06.620432,626
201690,107,Active,1,29,2013-07-16 10:00:06.626047,626
201691,108,Active,7,25,2013-07-16 10:00:06.631097,626
201692,109,Active,2,36,2013-07-16 10:00:06.636109,626
201693,110,Active,7,20,2013-07-16 10:00:06.661908,626
201694,111,Active,15,12,2013-07-16 10:00:06.666538,626
201695,112,Active,11,26,2013-07-16 10:00:06.694453,626
201696,113,Active,5,46,2013-07-16 10:00:06.723048,626
201697,114,Active,21,11,2013-07-16 10:00:06.728633,626
201698,115,Active,23,3,2013-07-16 10:00:06.733869,626
201699,116,Active,4,33,2013-07-16 10:00:06.738837,626
201700,117,Active,8,14,2013-07-16 10:00:06.744149,626
201701,118,Active,5,23,2013-07-16 10:00:06.750072,626
201702,119,Active,10,28,2013-07-16 10:00:06.755407,626
201703,120,Active,9,17,2013-07-16 10:00:06.781174,626
201704,121,Active,10,7,2013-07-16 10:00:06.787721,626
201705,122,Active,2,28,2013-07-16 10:00:06.792873,626
201706,123,Active,3,24,2013-07-16 10:00:06.79805,626
201707,124,Active,20,13,2013-07-16 10:00:06.804337,626
201708,125,Active,6,30,2013-07-16 10:00:06.810124,626
201709,126,Active,16,5,2013-07-16 10:00:06.840183,626
201710,127,Active,18,9,2013-07-16 10:00:06.846838,626
201711,128,Active,10,6,2013-07-16 10:00:06.853079,626
201712,129,Active,20,7,2013-07-16 10:00:06.858144,626
201713,130,Active,15,8,2013-07-16 10:00:06.863065,626
201714,131,Active,12,9,2013-07-16 10:00:06.868882,626
201715,132,Active,5,30,2013-07-16 10:00:06.874229,626
201716,133,Active,18,6,2013-07-16 10:00:06.900881,626
201717,134,Active,17,17,2013-07-16 10:00:06.906535,626
201718,135,Active,22,17,2013-07-16 10:00:06.911319,626
201719,136,Active,18,3,2013-07-16 10:00:06.917013,626
201720,137,Active,21,3,2013-07-16 10:00:06.922157,626
201721,138,Active,7,32,2013-07-16 10:00:06.927455,626
201722,139,Active,4,29,2013-07-16 10:00:06.93244,626
201723,140,Active,6,20,2013-07-16 10:00:06.95959,626
201724,141,Active,25,6,2013-07-16 10:00:06.964744,626
201725,142,Active,10,32,2013-07-16 10:00:06.969831,626
201726,143,Active,15,5,2013-07-16 10:00:06.974926,626
201727,144,Active,6,18,2013-07-16 10:00:06.980172,626
201728,145,Active,28,6,2013-07-16 10:00:06.985358,626
201729,146,Active,2,51,2013-07-16 10:00:06.990552,626
201730,147,Active,5,34,2013-07-16 10:00:07.017351,626
201731,148,Active,25,14,2013-07-16 10:00:07.022659,626
201732,149,Active,2,55,2013-07-16 10:00:07.029041,626
201733,150,Active,29,20,2013-07-16 10:00:07.034366,626
201734,151,Active,5,21,2013-07-16 10:00:07.039477,626
201735,152,Active,14,16,2013-07-16 10:00:07.044583,626
201736,153,Active,11,21,2013-07-16 10:00:07.049735,626
201737,154,Active,1,33,2013-07-16 10:00:07.078064,626
201738,155,Active,15,16,2013-07-16 10:00:07.083611,626
201739,156,Active,19,11,2013-07-16 10:00:07.08909,626
201740,157,Active,17,9,2013-07-16 10:00:07.093957,626
201741,158,Active,6,12,2013-07-16 10:00:07.099092,626
201742,159,Active,1,26,2013-07-16 10:00:07.10424,626
201743,160,Active,7,36,2013-07-16 10:00:07.10962,626
201744,161,Active,5,42,2013-07-16 10:00:07.138408,626
201745,162,Active,33,21,2013-07-16 10:00:07.144788,626
201746,163,Active,19,17,2013-07-16 10:00:07.150733,626
201747,164,Active,13,19,2013-07-16 10:00:07.156302,626
201748,165,Active,16,23,2013-07-16 10:00:07.161518,626
201749,166,Active,19,10,2013-07-16 10:00:07.166613,626
201750,167,Active,0,25,2013-07-16 10:00:07.1717,626
201751,168,Active,8,27,2013-07-16 10:00:07.197681,626
201752,169,Active,6,31,2013-07-16 10:00:07.203711,626
201753,170,Active,7,27,2013-07-16 10:00:07.208957,626
201754,171,Active,9,16,2013-07-16 10:00:07.215121,626
201755,172,Active,5,25,2013-07-16 10:00:07.219992,626
201756,173,Active,14,13,2013-07-16 10:00:07.224829,626
201757,174,Inactive,28,5,2013-07-16 10:00:07.229904,626
201758,175,Active,26,2,2013-07-16 10:00:07.234828,626
201759,176,Active,22,12,2013-07-16 10:00:07.239922,626
201760,177,Active,13,14,2013-07-16 10:00:07.244933,626
201761,178,Active,17,7,2013-07-16 10:00:07.250181,626
201762,179,Active,11,15,2013-07-16 10:00:07.255734,626
201763,180,Active,23,3,2013-07-16 10:00:07.26083,626
201764,181,Active,19,7,2013-07-16 10:00:07.267183,626
201765,182,Active,9,4,2013-07-16 10:00:07.272012,626
201766,183,Active,29,7,2013-07-16 10:00:07.277475,626
201767,184,Active,1,40,2013-07-16 10:00:07.282663,626
201768,185,Active,25,2,2013-07-16 10:00:07.287354,626
201769,186,Active,2,35,2013-07-16 10:00:07.292547,626
201770,187,Active,30,8,2013-07-16 10:00:07.297738,626
201771,189,Active,7,32,2013-07-16 10:00:07.302749,626
201772,190,Active,13,6,2013-07-16 10:00:07.307716,626
201773,191,Active,11,6,2013-07-16 10:00:07.312541,626
201774,192,Active,26,5,2013-07-16 10:00:07.317578,626
201775,193,Active,19,2,2013-07-16 10:00:07.322617,626
201776,194,Active,16,10,2013-07-16 10:00:07.327281,626
201777,195,Active,1,23,2013-07-16 10:00:07.332428,626
201778,196,Active,6,36,2013-07-16 10:00:07.33753,626
201779,197,Active,15,12,2013-07-16 10:00:07.342488,626
201780,198,Active,5,37,2013-07-16 10:00:07.347537,626
201781,199,Active,7,16,2013-07-16 10:00:07.352936,626
201782,200,Active,12,9,2013-07-16 10:00:07.35781,626
201783,201,Active,9,13,2013-07-16 10:00:07.362733,626
201784,202,Active,11,7,2013-07-16 10:00:07.367901,626
201785,203,Active,17,35,2013-07-16 10:00:07.373452,626
201786,204,Active,2,32,2013-07-16 10:00:07.383283,626
201787,205,Active,10,18,2013-07-16 10:00:07.388787,626
201788,206,Active,18,37,2013-07-16 10:00:07.393918,626
201789,207,Active,24,5,2013-07-16 10:00:07.399129,626
201790,208,Active,5,22,2013-07-16 10:00:07.404244,626
201791,209,Active,16,13,2013-07-16 10:00:07.409368,626
201792,210,Active,26,1,2013-07-16 10:00:07.414566,626
201793,211,Active,31,4,2013-07-16 10:00:07.419437,626
201794,212,Active,1,24,2013-07-16 10:00:07.424141,626
201795,213,Active,5,42,2013-07-16 10:00:07.429277,626
201796,214,Active,12,15,2013-07-16 10:00:07.434146,626
201797,215,Active,10,12,2013-07-16 10:00:07.439087,626
201798,216,Active,23,1,2013-07-16 10:00:07.444137,626
201799,217,Active,31,4,2013-07-16 10:00:07.449048,626
201800,218,Active,11,20,2013-07-16 10:00:07.454106,626
201801,219,Active,1,33,2013-07-16 10:00:07.458941,626
201802,220,Active,0,49,2013-07-16 10:00:07.465182,626
201803,221,Active,10,10,2013-07-16 10:00:07.47022,626
201804,222,Active,10,42,2013-07-16 10:00:07.475981,626
201805,223,Active,27,4,2013-07-16 10:00:07.483563,626
201806,224,Active,2,36,2013-07-16 10:00:07.489539,626
201807,225,Active,0,29,2013-07-16 10:00:07.495225,626
201808,226,Active,23,4,2013-07-16 10:00:07.524038,626
201809,227,Active,7,19,2013-07-16 10:00:07.529321,626
201810,228,Active,8,48,2013-07-16 10:00:07.533977,626
201811,229,Active,27,7,2013-07-16 10:00:07.540057,626
201812,230,Active,5,24,2013-07-16 10:00:07.545754,626
201813,231,Active,5,32,2013-07-16 10:00:07.551008,626
201814,232,Active,2,32,2013-07-16 10:00:07.578613,626
201815,233,Active,8,50,2013-07-16 10:00:07.584693,626
201816,234,Active,0,26,2013-07-16 10:00:07.590573,626
201817,235,Active,1,18,2013-07-16 10:00:07.596366,626
201818,236,Active,13,7,2013-07-16 10:00:07.602012,626
201819,237,Active,31,5,2013-07-16 10:00:07.606949,626
201820,238,Active,26,18,2013-07-16 10:00:07.612028,626
201821,239,Active,1,20,2013-07-16 10:00:07.641441,626
201822,240,Active,1,53,2013-07-16 10:00:07.647891,626
201823,241,Active,2,36,2013-07-16 10:00:07.653332,626
201824,242,Active,6,29,2013-07-16 10:00:07.659452,626
201825,243,Active,11,20,2013-07-16 10:00:07.664824,626
201826,244,Active,7,52,2013-07-16 10:00:07.669745,626
201827,245,Active,3,53,2013-07-16 10:00:07.674851,626
201828,246,Active,5,29,2013-07-16 10:00:07.680015,626
201829,247,Active,21,0,2013-07-16 10:00:07.685408,626
201830,248,Active,1,39,2013-07-16 10:00:07.690425,626
201831,249,Active,20,14,2013-07-16 10:00:07.695738,626
201832,250,Active,3,44,2013-07-16 10:00:07.70099,626
201833,251,Active,7,30,2013-07-16 10:00:07.705842,626
201834,252,Active,6,37,2013-07-16 10:00:07.711026,626
201835,253,Active,25,32,2013-07-16 10:00:07.716297,626
201836,254,Active,27,1,2013-07-16 10:00:07.721607,626
201837,255,Active,8,18,2013-07-16 10:00:07.726796,626
201838,256,Active,21,5,2013-07-16 10:00:07.731972,626
201839,257,Active,10,13,2013-07-16 10:00:07.73703,626
201840,258,Active,16,20,2013-07-16 10:00:07.742232,626
201841,259,Active,27,6,2013-07-16 10:00:07.747325,626
201842,260,Active,3,34,2013-07-16 10:00:07.752358,626
201843,261,Active,0,38,2013-07-16 10:00:07.757455,626
201844,262,Active,2,36,2013-07-16 10:00:07.762635,626
201845,263,Active,26,3,2013-07-16 10:00:07.768007,626
201846,264,Active,34,3,2013-07-16 10:00:07.77331,626
201847,265,Active,7,28,2013-07-16 10:00:07.778329,626
201848,266,Active,32,19,2013-07-16 10:00:07.783226,626
201849,267,Active,10,42,2013-07-16 10:00:07.788485,626
201850,268,Active,31,16,2013-07-16 10:00:07.793544,626
201851,269,Active,2,29,2013-07-16 10:00:07.798675,626
201852,270,Active,11,23,2013-07-16 10:00:07.803962,626
201853,271,Active,24,1,2013-07-16 10:00:07.809116,626
201854,272,Active,6,39,2013-07-16 10:00:07.814486,626
201855,273,Active,6,49,2013-07-16 10:00:07.819505,626
201856,274,Active,9,20,2013-07-16 10:00:07.824562,626
201857,275,Active,5,28,2013-07-16 10:00:07.83013,626
201858,276,Active,5,46,2013-07-16 10:00:07.835284,626
201859,277,Active,27,10,2013-07-16 10:00:07.840023,626
201860,278,Active,7,21,2013-07-16 10:00:07.84501,626
201861,279,Active,34,3,2013-07-16 10:00:07.85012,626
201862,280,Active,22,11,2013-07-16 10:00:07.855342,626
201863,281,Active,17,27,2013-07-16 10:00:07.860656,626
201864,282,Active,21,1,2013-07-16 10:00:07.888444,626
201865,283,Active,10,25,2013-07-16 10:00:07.893503,626
201866,284,Active,6,42,2013-07-16 10:00:07.898512,626
201867,285,Active,27,3,2013-07-16 10:00:07.903396,626
201868,286,Active,23,4,2013-07-16 10:00:07.908293,626
201869,287,Active,9,18,2013-07-16 10:00:07.915032,626
201870,288,Active,46,2,2013-07-16 10:00:07.920049,626
201871,289,Active,26,6,2013-07-16 10:00:07.924838,626
201872,290,Active,4,26,2013-07-16 10:00:07.929818,626
201873,291,Active,19,39,2013-07-16 10:00:07.934871,626
201874,292,Active,7,28,2013-07-16 10:00:07.939894,626
201875,293,Active,34,18,2013-07-16 10:00:07.944721,626
201876,294,Active,1,37,2013-07-16 10:00:07.949669,626
201877,295,Active,50,9,2013-07-16 10:00:07.954847,626
201878,296,Active,3,47,2013-07-16 10:00:07.959922,626
201879,297,Active,12,34,2013-07-16 10:00:07.965112,626
201880,298,Active,2,55,2013-07-16 10:00:07.970277,626
201881,299,Active,7,32,2013-07-16 10:00:07.975539,626
201882,300,Active,4,39,2013-07-16 10:00:07.980403,626
201883,301,Active,21,32,2013-07-16 10:00:07.985598,626
201884,302,Active,16,19,2013-07-16 10:00:07.990932,626
201885,303,Active,23,16,2013-07-16 10:00:07.995981,626
201886,304,Active,9,22,2013-07-16 10:00:08.001235,626
201887,305,Active,13,23,2013-07-16 10:00:08.006029,626
201888,306,Active,37,3,2013-07-16 10:00:08.010877,626
201889,307,Active,1,48,2013-07-16 10:00:08.016063,626
201890,308,Active,8,23,2013-07-16 10:00:08.021135,626
201891,309,Active,13,15,2013-07-16 10:00:08.02662,626
201892,310,Active,8,30,2013-07-16 10:00:08.031528,626
201893,311,Active,1,37,2013-07-16 10:00:08.036593,626
201894,312,Active,11,17,2013-07-16 10:00:08.041665,626
201895,313,Active,6,30,2013-07-16 10:00:08.046544,626
201896,314,Active,19,3,2013-07-16 10:00:08.051613,626
201897,315,Active,2,31,2013-07-16 10:00:08.057156,626
201898,316,Active,3,27,2013-07-16 10:00:08.062349,626
201899,317,Active,8,6,2013-07-16 10:00:08.06747,626
201900,318,Active,17,6,2013-07-16 10:00:08.072584,626
201901,319,Active,24,3,2013-07-16 10:00:08.077838,626
201902,320,Active,7,28,2013-07-16 10:00:08.083058,626
201903,321,Active,4,8,2013-07-16 10:00:08.088899,626
201904,322,Active,2,46,2013-07-16 10:00:08.093914,626
201905,327,Active,4,25,2013-07-16 10:00:08.099037,626
201906,328,Active,9,26,2013-07-16 10:00:08.104064,626
201907,323,Active,2,37,2013-07-16 10:00:08.108833,626
201908,324,Active,4,20,2013-07-16 10:00:08.113853,626
201909,325,Active,0,0,2013-07-16 10:00:08.118794,626
201910,326,Active,0,31,2013-07-16 10:00:08.123971,626
201911,1,Active,14,20,2013-07-16 10:10:05.246762,627
201912,2,Active,10,18,2013-07-16 10:10:05.257811,627
201913,3,Active,5,19,2013-07-16 10:10:05.262293,627
201914,4,Active,26,36,2013-07-16 10:10:05.266467,627
201915,5,Active,23,12,2013-07-16 10:10:05.27053,627
201916,6,Active,11,7,2013-07-16 10:10:05.274675,627
201917,7,Active,19,0,2013-07-16 10:10:05.278669,627
201918,8,Active,10,20,2013-07-16 10:10:05.282873,627
201919,9,Active,4,26,2013-07-16 10:10:05.287076,627
201920,10,Inactive,0,28,2013-07-16 10:10:05.291262,627
201921,11,Active,25,0,2013-07-16 10:10:05.299572,627
201922,12,Active,2,17,2013-07-16 10:10:05.303582,627
201923,13,Active,5,33,2013-07-16 10:10:05.307667,627
201924,14,Active,4,29,2013-07-16 10:10:05.311788,627
201925,15,Active,25,5,2013-07-16 10:10:05.315936,627
201926,16,Active,16,17,2013-07-16 10:10:05.320324,627
201927,17,Active,12,16,2013-07-16 10:10:05.324606,627
201928,18,Active,1,51,2013-07-16 10:10:05.328866,627
201929,19,Active,17,4,2013-07-16 10:10:05.333135,627
201930,20,Active,3,22,2013-07-16 10:10:05.337363,627
201931,21,Active,4,30,2013-07-16 10:10:05.341613,627
201932,22,Active,3,43,2013-07-16 10:10:05.345829,627
201933,23,Active,4,39,2013-07-16 10:10:05.350003,627
201934,24,Active,3,42,2013-07-16 10:10:05.355151,627
201935,25,Active,9,34,2013-07-16 10:10:05.359343,627
201936,26,Active,20,4,2013-07-16 10:10:05.36347,627
201937,27,Active,5,40,2013-07-16 10:10:05.367643,627
201938,28,Active,5,21,2013-07-16 10:10:05.371872,627
201939,29,Active,15,5,2013-07-16 10:10:05.376285,627
201940,30,Active,16,22,2013-07-16 10:10:05.381048,627
201941,31,Active,19,20,2013-07-16 10:10:05.385277,627
201942,32,Active,18,12,2013-07-16 10:10:05.389473,627
201943,33,Active,3,24,2013-07-16 10:10:05.393622,627
201944,34,Active,17,18,2013-07-16 10:10:05.397801,627
201945,35,Active,2,48,2013-07-16 10:10:05.401828,627
201946,36,Active,10,15,2013-07-16 10:10:05.405846,627
201947,37,Active,10,13,2013-07-16 10:10:05.409991,627
201948,38,Active,10,28,2013-07-16 10:10:05.414071,627
201949,39,Active,35,2,2013-07-16 10:10:05.419274,627
201950,40,Active,35,3,2013-07-16 10:10:05.42329,627
201951,41,Active,14,12,2013-07-16 10:10:05.427349,627
201952,42,Active,5,26,2013-07-16 10:10:05.431535,627
201953,43,Active,14,7,2013-07-16 10:10:05.435611,627
201954,44,Active,9,12,2013-07-16 10:10:05.439577,627
201955,45,Active,5,14,2013-07-16 10:10:05.443726,627
201956,46,Active,19,11,2013-07-16 10:10:05.451118,627
201957,47,Active,17,3,2013-07-16 10:10:05.455252,627
201958,48,Active,10,8,2013-07-16 10:10:05.459336,627
201959,49,Active,2,18,2013-07-16 10:10:05.463444,627
201960,50,Active,5,22,2013-07-16 10:10:05.468056,627
201961,51,Active,9,30,2013-07-16 10:10:05.472415,627
201962,52,Active,7,19,2013-07-16 10:10:05.476573,627
201963,53,Active,17,13,2013-07-16 10:10:05.480603,627
201964,54,Active,5,41,2013-07-16 10:10:05.484714,627
201965,55,Active,15,14,2013-07-16 10:10:05.488881,627
201966,56,Active,2,37,2013-07-16 10:10:05.49306,627
201967,57,Active,17,6,2013-07-16 10:10:05.523665,627
201968,58,Active,6,30,2013-07-16 10:10:05.529575,627
201969,59,Active,7,28,2013-07-16 10:10:05.534979,627
201970,60,Active,10,15,2013-07-16 10:10:05.540239,627
201971,61,Active,4,20,2013-07-16 10:10:05.545492,627
201972,62,Active,7,20,2013-07-16 10:10:05.551001,627
201973,63,Active,3,23,2013-07-16 10:10:05.556584,627
201974,64,Active,26,3,2013-07-16 10:10:05.563523,627
201975,65,Active,19,2,2013-07-16 10:10:05.568932,627
201976,66,Active,1,55,2013-07-16 10:10:05.574348,627
201977,67,Active,2,22,2013-07-16 10:10:05.579961,627
201978,68,Active,19,2,2013-07-16 10:10:05.58814,627
201979,69,Active,22,16,2013-07-16 10:10:05.594174,627
201980,70,Active,14,14,2013-07-16 10:10:05.599976,627
201981,71,Active,13,6,2013-07-16 10:10:05.605596,627
201982,72,Active,4,19,2013-07-16 10:10:05.611035,627
201983,73,Active,10,8,2013-07-16 10:10:05.616927,627
201984,74,Active,1,18,2013-07-16 10:10:05.622261,627
201985,75,Active,20,8,2013-07-16 10:10:05.62765,627
201986,76,Active,1,54,2013-07-16 10:10:05.632673,627
201987,77,Active,12,14,2013-07-16 10:10:05.637533,627
201988,78,Active,18,16,2013-07-16 10:10:05.642138,627
201989,79,Active,3,43,2013-07-16 10:10:05.647014,627
201990,80,Active,11,6,2013-07-16 10:10:05.652048,627
201991,81,Active,1,27,2013-07-16 10:10:05.656965,627
201992,82,Active,8,11,2013-07-16 10:10:05.66194,627
201993,83,Active,10,40,2013-07-16 10:10:05.666837,627
201994,84,Active,2,28,2013-07-16 10:10:05.671795,627
201995,85,Active,0,24,2013-07-16 10:10:05.676751,627
201996,86,Active,11,20,2013-07-16 10:10:05.681725,627
201997,87,Active,16,9,2013-07-16 10:10:05.686431,627
201998,88,Active,11,21,2013-07-16 10:10:05.691313,627
201999,89,Active,30,8,2013-07-16 10:10:05.696306,627
202000,90,Active,29,4,2013-07-16 10:10:05.701266,627
202001,91,Active,18,5,2013-07-16 10:10:05.708063,627
202002,92,Active,6,24,2013-07-16 10:10:05.713062,627
202003,93,Active,2,31,2013-07-16 10:10:05.717921,627
202004,94,Active,1,31,2013-07-16 10:10:05.722739,627
202005,95,Active,7,26,2013-07-16 10:10:05.727542,627
202006,96,Active,20,11,2013-07-16 10:10:05.732542,627
202007,97,Active,11,12,2013-07-16 10:10:05.737628,627
202008,98,Active,10,27,2013-07-16 10:10:05.742618,627
202009,99,Active,27,6,2013-07-16 10:10:05.74759,627
202010,100,Active,12,17,2013-07-16 10:10:05.752485,627
202011,101,Active,30,4,2013-07-16 10:10:05.759765,627
202012,102,Active,12,6,2013-07-16 10:10:05.764692,627
202013,103,Active,17,21,2013-07-16 10:10:05.772084,627
202014,104,Active,11,18,2013-07-16 10:10:05.777189,627
202015,105,Active,12,30,2013-07-16 10:10:05.78213,627
202016,106,Active,21,4,2013-07-16 10:10:05.78707,627
202017,107,Active,1,29,2013-07-16 10:10:05.792048,627
202018,108,Active,7,25,2013-07-16 10:10:05.796881,627
202019,109,Active,2,36,2013-07-16 10:10:05.801983,627
202020,110,Active,7,20,2013-07-16 10:10:05.806937,627
202021,111,Active,15,12,2013-07-16 10:10:05.811443,627
202022,112,Active,11,26,2013-07-16 10:10:05.815925,627
202023,113,Active,5,46,2013-07-16 10:10:05.844038,627
202024,114,Active,21,11,2013-07-16 10:10:05.849285,627
202025,115,Active,22,4,2013-07-16 10:10:05.854309,627
202026,116,Active,5,32,2013-07-16 10:10:05.860187,627
202027,117,Active,8,14,2013-07-16 10:10:05.865181,627
202028,118,Active,5,23,2013-07-16 10:10:05.86998,627
202029,119,Active,10,28,2013-07-16 10:10:05.875,627
202030,120,Active,9,17,2013-07-16 10:10:05.87996,627
202031,121,Active,10,7,2013-07-16 10:10:05.884956,627
202032,122,Active,2,28,2013-07-16 10:10:05.88997,627
202033,123,Active,3,24,2013-07-16 10:10:05.894902,627
202034,124,Active,20,13,2013-07-16 10:10:05.899694,627
202035,125,Active,6,30,2013-07-16 10:10:05.904642,627
202036,126,Active,16,5,2013-07-16 10:10:05.909638,627
202037,127,Active,18,9,2013-07-16 10:10:05.914503,627
202038,128,Active,10,6,2013-07-16 10:10:05.91942,627
202039,129,Active,20,7,2013-07-16 10:10:05.924444,627
202040,130,Active,15,8,2013-07-16 10:10:05.929399,627
202041,131,Active,12,9,2013-07-16 10:10:05.934318,627
202042,132,Active,4,31,2013-07-16 10:10:05.939326,627
202043,133,Active,18,6,2013-07-16 10:10:05.944373,627
202044,134,Active,19,15,2013-07-16 10:10:05.949323,627
202045,135,Active,22,17,2013-07-16 10:10:05.956045,627
202046,136,Active,18,3,2013-07-16 10:10:05.9611,627
202047,137,Active,21,3,2013-07-16 10:10:05.966163,627
202048,138,Active,7,32,2013-07-16 10:10:05.971998,627
202049,139,Active,3,29,2013-07-16 10:10:05.976977,627
202050,140,Active,6,20,2013-07-16 10:10:05.98224,627
202051,141,Active,25,6,2013-07-16 10:10:05.987204,627
202052,142,Active,10,32,2013-07-16 10:10:05.992256,627
202053,143,Active,14,6,2013-07-16 10:10:05.997438,627
202054,144,Active,6,19,2013-07-16 10:10:06.002294,627
202055,145,Active,28,6,2013-07-16 10:10:06.007291,627
202056,146,Active,2,51,2013-07-16 10:10:06.012121,627
202057,147,Active,5,34,2013-07-16 10:10:06.017103,627
202058,148,Active,25,14,2013-07-16 10:10:06.021934,627
202059,149,Active,2,55,2013-07-16 10:10:06.026927,627
202060,150,Active,29,20,2013-07-16 10:10:06.03185,627
202061,151,Active,5,21,2013-07-16 10:10:06.036818,627
202062,152,Active,14,16,2013-07-16 10:10:06.041713,627
202063,153,Active,11,21,2013-07-16 10:10:06.046728,627
202064,154,Active,2,32,2013-07-16 10:10:06.051615,627
202065,155,Active,15,16,2013-07-16 10:10:06.056598,627
202066,156,Active,18,12,2013-07-16 10:10:06.061706,627
202067,157,Active,17,9,2013-07-16 10:10:06.066678,627
202068,158,Active,6,12,2013-07-16 10:10:06.071595,627
202069,159,Active,1,26,2013-07-16 10:10:06.076697,627
202070,160,Active,7,36,2013-07-16 10:10:06.081729,627
202071,161,Active,5,42,2013-07-16 10:10:06.088017,627
202072,162,Active,32,22,2013-07-16 10:10:06.09291,627
202073,163,Active,19,17,2013-07-16 10:10:06.097947,627
202074,164,Active,13,19,2013-07-16 10:10:06.102808,627
202075,165,Active,16,24,2013-07-16 10:10:06.107954,627
202076,166,Active,19,10,2013-07-16 10:10:06.113603,627
202077,167,Active,0,25,2013-07-16 10:10:06.118624,627
202078,168,Active,8,27,2013-07-16 10:10:06.123716,627
202079,169,Active,6,31,2013-07-16 10:10:06.151209,627
202080,170,Active,7,27,2013-07-16 10:10:06.157055,627
202081,171,Active,9,16,2013-07-16 10:10:06.1621,627
202082,172,Active,5,25,2013-07-16 10:10:06.167014,627
202083,173,Active,14,13,2013-07-16 10:10:06.172098,627
202084,174,Inactive,28,5,2013-07-16 10:10:06.177197,627
202085,175,Active,26,2,2013-07-16 10:10:06.182167,627
202086,176,Active,22,12,2013-07-16 10:10:06.187299,627
202087,177,Active,13,14,2013-07-16 10:10:06.192224,627
202088,178,Active,17,7,2013-07-16 10:10:06.197144,627
202089,179,Active,11,15,2013-07-16 10:10:06.202295,627
202090,180,Active,23,3,2013-07-16 10:10:06.207197,627
202091,181,Active,19,7,2013-07-16 10:10:06.212061,627
202092,182,Active,9,4,2013-07-16 10:10:06.219321,627
202093,183,Active,29,7,2013-07-16 10:10:06.228375,627
202094,184,Active,1,40,2013-07-16 10:10:06.233733,627
202095,185,Active,25,2,2013-07-16 10:10:06.238628,627
202096,186,Active,2,35,2013-07-16 10:10:06.245274,627
202097,187,Active,30,8,2013-07-16 10:10:06.25066,627
202098,189,Active,7,32,2013-07-16 10:10:06.255863,627
202099,190,Active,13,6,2013-07-16 10:10:06.268209,627
202100,191,Active,10,7,2013-07-16 10:10:06.273828,627
202101,192,Active,26,5,2013-07-16 10:10:06.285526,627
202102,193,Active,18,3,2013-07-16 10:10:06.298053,627
202103,194,Active,15,11,2013-07-16 10:10:06.303155,627
202104,195,Active,1,23,2013-07-16 10:10:06.317571,627
202105,196,Active,6,36,2013-07-16 10:10:06.326968,627
202106,197,Active,15,12,2013-07-16 10:10:06.331659,627
202107,198,Active,5,37,2013-07-16 10:10:06.336633,627
202108,199,Active,7,16,2013-07-16 10:10:06.341559,627
202109,200,Active,12,9,2013-07-16 10:10:06.346523,627
202110,201,Active,9,13,2013-07-16 10:10:06.351502,627
202111,202,Active,11,7,2013-07-16 10:10:06.356178,627
202112,203,Active,17,35,2013-07-16 10:10:06.361262,627
202113,204,Active,2,32,2013-07-16 10:10:06.366093,627
202114,205,Active,10,18,2013-07-16 10:10:06.371089,627
202115,206,Active,18,37,2013-07-16 10:10:06.376448,627
202116,207,Active,24,5,2013-07-16 10:10:06.38127,627
202117,208,Active,5,22,2013-07-16 10:10:06.38649,627
202118,209,Active,16,13,2013-07-16 10:10:06.391529,627
202119,210,Active,26,1,2013-07-16 10:10:06.397213,627
202120,211,Active,31,5,2013-07-16 10:10:06.402256,627
202121,212,Active,1,24,2013-07-16 10:10:06.412385,627
202122,213,Active,5,42,2013-07-16 10:10:06.417604,627
202123,214,Active,12,15,2013-07-16 10:10:06.422669,627
202124,215,Active,10,12,2013-07-16 10:10:06.428042,627
202125,216,Active,22,2,2013-07-16 10:10:06.43349,627
202126,217,Active,31,4,2013-07-16 10:10:06.438869,627
202127,218,Active,11,20,2013-07-16 10:10:06.444401,627
202128,219,Active,1,33,2013-07-16 10:10:06.449499,627
202129,220,Active,0,49,2013-07-16 10:10:06.454504,627
202130,221,Active,10,10,2013-07-16 10:10:06.459707,627
202131,222,Active,11,41,2013-07-16 10:10:06.464869,627
202132,223,Active,27,4,2013-07-16 10:10:06.470167,627
202133,224,Active,3,35,2013-07-16 10:10:06.475737,627
202134,225,Active,0,29,2013-07-16 10:10:06.480881,627
202135,226,Active,24,3,2013-07-16 10:10:06.509382,627
202136,227,Active,7,19,2013-07-16 10:10:06.514448,627
202137,228,Active,8,48,2013-07-16 10:10:06.519561,627
202138,229,Active,27,7,2013-07-16 10:10:06.524362,627
202139,230,Active,4,25,2013-07-16 10:10:06.529443,627
202140,231,Active,4,33,2013-07-16 10:10:06.534298,627
202141,232,Active,3,32,2013-07-16 10:10:06.5392,627
202142,233,Active,8,50,2013-07-16 10:10:06.544164,627
202143,234,Active,0,26,2013-07-16 10:10:06.551906,627
202144,235,Active,3,16,2013-07-16 10:10:06.55689,627
202145,236,Active,13,7,2013-07-16 10:10:06.56227,627
202146,237,Active,31,5,2013-07-16 10:10:06.567198,627
202147,238,Active,26,18,2013-07-16 10:10:06.572146,627
202148,239,Active,1,20,2013-07-16 10:10:06.57709,627
202149,240,Active,2,51,2013-07-16 10:10:06.582218,627
202150,241,Active,1,36,2013-07-16 10:10:06.587221,627
202151,242,Active,5,30,2013-07-16 10:10:06.592103,627
202152,243,Active,11,20,2013-07-16 10:10:06.596789,627
202153,244,Active,7,52,2013-07-16 10:10:06.601932,627
202154,245,Active,2,54,2013-07-16 10:10:06.606969,627
202155,246,Active,5,29,2013-07-16 10:10:06.612048,627
202156,247,Active,21,0,2013-07-16 10:10:06.61774,627
202157,248,Active,3,37,2013-07-16 10:10:06.622564,627
202158,249,Active,20,14,2013-07-16 10:10:06.62772,627
202159,250,Active,3,44,2013-07-16 10:10:06.632718,627
202160,251,Active,7,30,2013-07-16 10:10:06.63737,627
202161,252,Active,6,37,2013-07-16 10:10:06.642849,627
202162,253,Active,25,32,2013-07-16 10:10:06.647663,627
202163,254,Active,27,1,2013-07-16 10:10:06.652789,627
202164,255,Active,8,18,2013-07-16 10:10:06.657786,627
202165,256,Active,21,5,2013-07-16 10:10:06.662852,627
202166,257,Active,10,13,2013-07-16 10:10:06.671645,627
202167,258,Active,14,22,2013-07-16 10:10:06.676669,627
202168,259,Active,26,6,2013-07-16 10:10:06.681574,627
202169,260,Active,3,34,2013-07-16 10:10:06.686592,627
202170,261,Active,0,38,2013-07-16 10:10:06.69148,627
202171,262,Active,2,36,2013-07-16 10:10:06.696469,627
202172,263,Active,26,3,2013-07-16 10:10:06.701473,627
202173,264,Active,34,3,2013-07-16 10:10:06.706426,627
202174,265,Active,7,28,2013-07-16 10:10:06.71121,627
202175,266,Active,32,19,2013-07-16 10:10:06.71626,627
202176,267,Active,9,43,2013-07-16 10:10:06.721465,627
202177,268,Active,30,17,2013-07-16 10:10:06.726487,627
202178,269,Active,3,28,2013-07-16 10:10:06.73175,627
202179,270,Active,11,23,2013-07-16 10:10:06.736956,627
202180,271,Active,24,1,2013-07-16 10:10:06.741905,627
202181,272,Active,7,38,2013-07-16 10:10:06.746699,627
202182,273,Active,6,49,2013-07-16 10:10:06.751611,627
202183,274,Active,10,19,2013-07-16 10:10:06.756489,627
202184,275,Active,6,27,2013-07-16 10:10:06.761452,627
202185,276,Active,6,45,2013-07-16 10:10:06.766461,627
202186,277,Active,27,10,2013-07-16 10:10:06.771567,627
202187,278,Active,7,21,2013-07-16 10:10:06.776747,627
202188,279,Active,35,2,2013-07-16 10:10:06.783861,627
202189,280,Active,22,11,2013-07-16 10:10:06.789071,627
202190,281,Active,17,27,2013-07-16 10:10:06.794009,627
202191,282,Active,21,1,2013-07-16 10:10:06.82109,627
202192,283,Active,10,25,2013-07-16 10:10:06.826447,627
202193,284,Active,7,41,2013-07-16 10:10:06.831542,627
202194,285,Active,27,3,2013-07-16 10:10:06.83658,627
202195,286,Active,23,4,2013-07-16 10:10:06.841652,627
202196,287,Active,9,18,2013-07-16 10:10:06.846927,627
202197,288,Active,46,2,2013-07-16 10:10:06.851908,627
202198,289,Active,26,6,2013-07-16 10:10:06.857114,627
202199,290,Active,5,25,2013-07-16 10:10:06.862103,627
202200,291,Active,20,38,2013-07-16 10:10:06.867282,627
202201,292,Active,7,28,2013-07-16 10:10:06.872266,627
202202,293,Active,35,17,2013-07-16 10:10:06.87747,627
202203,294,Active,1,37,2013-07-16 10:10:06.882574,627
202204,295,Active,50,10,2013-07-16 10:10:06.887664,627
202205,296,Active,3,47,2013-07-16 10:10:06.892691,627
202206,297,Active,12,34,2013-07-16 10:10:06.897749,627
202207,298,Active,2,54,2013-07-16 10:10:06.902735,627
202208,299,Active,7,32,2013-07-16 10:10:06.907794,627
202209,300,Active,5,38,2013-07-16 10:10:06.912458,627
202210,301,Active,19,34,2013-07-16 10:10:06.920186,627
202211,302,Active,14,21,2013-07-16 10:10:06.925324,627
202212,303,Active,17,22,2013-07-16 10:10:06.930506,627
202213,304,Active,8,23,2013-07-16 10:10:06.935253,627
202214,305,Active,13,23,2013-07-16 10:10:06.94012,627
202215,306,Active,37,3,2013-07-16 10:10:06.945163,627
202216,307,Active,1,48,2013-07-16 10:10:06.949928,627
202217,308,Active,8,23,2013-07-16 10:10:06.955171,627
202218,309,Active,13,15,2013-07-16 10:10:06.960296,627
202219,310,Active,9,29,2013-07-16 10:10:06.965155,627
202220,311,Active,1,37,2013-07-16 10:10:06.970129,627
202221,312,Active,11,17,2013-07-16 10:10:06.975312,627
202222,313,Active,5,31,2013-07-16 10:10:06.980382,627
202223,314,Active,19,3,2013-07-16 10:10:06.985375,627
202224,315,Active,2,31,2013-07-16 10:10:06.990317,627
202225,316,Active,4,26,2013-07-16 10:10:06.995593,627
202226,317,Active,8,6,2013-07-16 10:10:07.000785,627
202227,318,Active,17,6,2013-07-16 10:10:07.006255,627
202228,319,Active,24,3,2013-07-16 10:10:07.011177,627
202229,320,Active,7,28,2013-07-16 10:10:07.016252,627
202230,321,Active,4,8,2013-07-16 10:10:07.021429,627
202231,322,Active,2,46,2013-07-16 10:10:07.026379,627
202232,327,Active,4,25,2013-07-16 10:10:07.031268,627
202233,328,Active,9,26,2013-07-16 10:10:07.040439,627
202234,323,Active,2,37,2013-07-16 10:10:07.045499,627
202235,324,Active,3,21,2013-07-16 10:10:07.050444,627
202236,325,Active,0,0,2013-07-16 10:10:07.055339,627
202237,326,Active,0,31,2013-07-16 10:10:07.060594,627
202238,1,Active,14,20,2013-07-16 10:20:04.795692,628
202239,2,Active,10,18,2013-07-16 10:20:04.805338,628
202240,3,Active,5,19,2013-07-16 10:20:04.809728,628
202241,4,Active,26,36,2013-07-16 10:20:04.813887,628
202242,5,Active,23,12,2013-07-16 10:20:04.818205,628
202243,6,Active,11,7,2013-07-16 10:20:04.82422,628
202244,7,Active,19,0,2013-07-16 10:20:04.828456,628
202245,8,Active,10,20,2013-07-16 10:20:04.832573,628
202246,9,Active,5,25,2013-07-16 10:20:04.836734,628
202247,10,Inactive,0,28,2013-07-16 10:20:04.840763,628
202248,11,Active,25,0,2013-07-16 10:20:04.847951,628
202249,12,Active,2,17,2013-07-16 10:20:04.852038,628
202250,13,Active,5,33,2013-07-16 10:20:04.856152,628
202251,14,Active,4,29,2013-07-16 10:20:04.860461,628
202252,15,Active,24,6,2013-07-16 10:20:04.864916,628
202253,16,Active,16,17,2013-07-16 10:20:04.868912,628
202254,17,Active,12,16,2013-07-16 10:20:04.873087,628
202255,18,Active,1,51,2013-07-16 10:20:04.877141,628
202256,19,Active,17,4,2013-07-16 10:20:04.881095,628
202257,20,Active,3,22,2013-07-16 10:20:04.885232,628
202258,21,Active,4,30,2013-07-16 10:20:04.889378,628
202259,22,Active,3,43,2013-07-16 10:20:04.893735,628
202260,23,Active,5,39,2013-07-16 10:20:04.89791,628
202261,24,Active,5,40,2013-07-16 10:20:04.901982,628
202262,25,Active,10,34,2013-07-16 10:20:04.90612,628
202263,26,Active,21,3,2013-07-16 10:20:04.91023,628
202264,27,Active,5,40,2013-07-16 10:20:04.914339,628
202265,28,Active,6,20,2013-07-16 10:20:04.918497,628
202266,29,Active,15,5,2013-07-16 10:20:04.922667,628
202267,30,Active,16,22,2013-07-16 10:20:04.926798,628
202268,31,Active,19,20,2013-07-16 10:20:04.93087,628
202269,32,Active,18,12,2013-07-16 10:20:04.934937,628
202270,33,Active,3,24,2013-07-16 10:20:04.940027,628
202271,34,Active,17,18,2013-07-16 10:20:04.94411,628
202272,35,Active,2,48,2013-07-16 10:20:04.948066,628
202273,36,Active,11,13,2013-07-16 10:20:04.952075,628
202274,37,Active,10,13,2013-07-16 10:20:04.956159,628
202275,38,Active,9,29,2013-07-16 10:20:04.960214,628
202276,39,Active,35,2,2013-07-16 10:20:04.964222,628
202277,40,Active,35,3,2013-07-16 10:20:04.968474,628
202278,41,Active,13,13,2013-07-16 10:20:04.97262,628
202279,42,Active,5,26,2013-07-16 10:20:04.976783,628
202280,43,Active,13,8,2013-07-16 10:20:04.980998,628
202281,44,Active,9,12,2013-07-16 10:20:04.985136,628
202282,45,Active,5,14,2013-07-16 10:20:04.989367,628
202283,46,Active,18,12,2013-07-16 10:20:04.99382,628
202284,47,Active,17,3,2013-07-16 10:20:04.998105,628
202285,48,Active,10,8,2013-07-16 10:20:05.002345,628
202286,49,Active,3,17,2013-07-16 10:20:05.006412,628
202287,50,Active,6,21,2013-07-16 10:20:05.010569,628
202288,51,Active,9,30,2013-07-16 10:20:05.014762,628
202289,52,Active,7,19,2013-07-16 10:20:05.018866,628
202290,53,Active,17,13,2013-07-16 10:20:05.02307,628
202291,54,Active,4,42,2013-07-16 10:20:05.027338,628
202292,55,Active,15,14,2013-07-16 10:20:05.032082,628
202293,56,Active,2,37,2013-07-16 10:20:05.058416,628
202294,57,Active,17,6,2013-07-16 10:20:05.063816,628
202295,58,Active,6,30,2013-07-16 10:20:05.068756,628
202296,59,Active,7,28,2013-07-16 10:20:05.073834,628
202297,60,Active,10,15,2013-07-16 10:20:05.078785,628
202298,61,Active,4,20,2013-07-16 10:20:05.083636,628
202299,62,Active,7,20,2013-07-16 10:20:05.088414,628
202300,63,Active,3,23,2013-07-16 10:20:05.093528,628
202301,64,Active,26,3,2013-07-16 10:20:05.098324,628
202302,65,Active,19,2,2013-07-16 10:20:05.103243,628
202303,66,Active,1,55,2013-07-16 10:20:05.108242,628
202304,67,Active,2,22,2013-07-16 10:20:05.113101,628
202305,68,Active,19,2,2013-07-16 10:20:05.118025,628
202306,69,Active,22,16,2013-07-16 10:20:05.122703,628
202307,70,Active,14,14,2013-07-16 10:20:05.127658,628
202308,71,Active,13,6,2013-07-16 10:20:05.132413,628
202309,72,Active,4,19,2013-07-16 10:20:05.137234,628
202310,73,Active,10,8,2013-07-16 10:20:05.142323,628
202311,74,Active,1,18,2013-07-16 10:20:05.147004,628
202312,75,Active,20,8,2013-07-16 10:20:05.151952,628
202313,76,Active,2,53,2013-07-16 10:20:05.156715,628
202314,77,Active,12,14,2013-07-16 10:20:05.162088,628
202315,78,Active,18,16,2013-07-16 10:20:05.167267,628
202316,79,Active,3,43,2013-07-16 10:20:05.172476,628
202317,80,Active,11,6,2013-07-16 10:20:05.177519,628
202318,81,Active,2,26,2013-07-16 10:20:05.182434,628
202319,82,Active,8,11,2013-07-16 10:20:05.187359,628
202320,83,Active,10,40,2013-07-16 10:20:05.192368,628
202321,84,Active,2,28,2013-07-16 10:20:05.197353,628
202322,85,Active,0,24,2013-07-16 10:20:05.202332,628
202323,86,Active,11,20,2013-07-16 10:20:05.207245,628
202324,87,Active,16,9,2013-07-16 10:20:05.212231,628
202325,88,Active,11,21,2013-07-16 10:20:05.217173,628
202326,89,Active,31,7,2013-07-16 10:20:05.2222,628
202327,90,Active,29,4,2013-07-16 10:20:05.227614,628
202328,91,Active,18,5,2013-07-16 10:20:05.232331,628
202329,92,Active,6,24,2013-07-16 10:20:05.237425,628
202330,93,Active,2,31,2013-07-16 10:20:05.24232,628
202331,94,Active,3,29,2013-07-16 10:20:05.247255,628
202332,95,Active,7,26,2013-07-16 10:20:05.25225,628
202333,96,Active,20,11,2013-07-16 10:20:05.257224,628
202334,97,Active,10,13,2013-07-16 10:20:05.262249,628
202335,98,Active,11,26,2013-07-16 10:20:05.267296,628
202336,99,Active,27,6,2013-07-16 10:20:05.272265,628
202337,100,Active,13,16,2013-07-16 10:20:05.28067,628
202338,101,Active,31,3,2013-07-16 10:20:05.285673,628
202339,102,Active,12,6,2013-07-16 10:20:05.290728,628
202340,103,Active,17,21,2013-07-16 10:20:05.295538,628
202341,104,Active,11,18,2013-07-16 10:20:05.300741,628
202342,105,Active,12,30,2013-07-16 10:20:05.305742,628
202343,106,Active,21,4,2013-07-16 10:20:05.310888,628
202344,107,Active,1,29,2013-07-16 10:20:05.315681,628
202345,108,Active,7,25,2013-07-16 10:20:05.320652,628
202346,109,Active,2,36,2013-07-16 10:20:05.325419,628
202347,110,Active,7,20,2013-07-16 10:20:05.330383,628
202348,111,Active,15,12,2013-07-16 10:20:05.334814,628
202349,112,Active,11,26,2013-07-16 10:20:05.339407,628
202350,113,Active,7,44,2013-07-16 10:20:05.366409,628
202351,114,Active,21,11,2013-07-16 10:20:05.371357,628
202352,115,Active,22,4,2013-07-16 10:20:05.376265,628
202353,116,Active,5,32,2013-07-16 10:20:05.38131,628
202354,117,Active,8,14,2013-07-16 10:20:05.386239,628
202355,118,Active,5,23,2013-07-16 10:20:05.393084,628
202356,119,Active,10,28,2013-07-16 10:20:05.398041,628
202357,120,Active,9,17,2013-07-16 10:20:05.404207,628
202358,121,Active,10,6,2013-07-16 10:20:05.409363,628
202359,122,Active,2,28,2013-07-16 10:20:05.414578,628
202360,123,Active,3,24,2013-07-16 10:20:05.419353,628
202361,124,Active,20,13,2013-07-16 10:20:05.42422,628
202362,125,Active,6,30,2013-07-16 10:20:05.429276,628
202363,126,Active,16,5,2013-07-16 10:20:05.434159,628
202364,127,Active,18,9,2013-07-16 10:20:05.440836,628
202365,128,Active,9,7,2013-07-16 10:20:05.446861,628
202366,129,Active,20,7,2013-07-16 10:20:05.451807,628
202367,130,Active,15,8,2013-07-16 10:20:05.457031,628
202368,131,Active,12,9,2013-07-16 10:20:05.462039,628
202369,132,Active,4,31,2013-07-16 10:20:05.467089,628
202370,133,Active,17,7,2013-07-16 10:20:05.471844,628
202371,134,Active,19,15,2013-07-16 10:20:05.477106,628
202372,135,Active,22,17,2013-07-16 10:20:05.48211,628
202373,136,Active,18,3,2013-07-16 10:20:05.487049,628
202374,137,Active,21,3,2013-07-16 10:20:05.492236,628
202375,138,Active,7,32,2013-07-16 10:20:05.4983,628
202376,139,Active,3,29,2013-07-16 10:20:05.503507,628
202377,140,Active,6,20,2013-07-16 10:20:05.508761,628
202378,141,Active,25,6,2013-07-16 10:20:05.513816,628
202379,142,Active,10,32,2013-07-16 10:20:05.518695,628
202380,143,Active,13,7,2013-07-16 10:20:05.523612,628
202381,144,Active,6,19,2013-07-16 10:20:05.528606,628
202382,145,Active,28,6,2013-07-16 10:20:05.533454,628
202383,146,Active,2,51,2013-07-16 10:20:05.538329,628
202384,147,Active,6,33,2013-07-16 10:20:05.54323,628
202385,148,Active,25,14,2013-07-16 10:20:05.548237,628
202386,149,Active,2,55,2013-07-16 10:20:05.553343,628
202387,150,Active,26,23,2013-07-16 10:20:05.55829,628
202388,151,Active,5,21,2013-07-16 10:20:05.563125,628
202389,152,Active,14,16,2013-07-16 10:20:05.5682,628
202390,153,Active,9,23,2013-07-16 10:20:05.57321,628
202391,154,Active,3,31,2013-07-16 10:20:05.578077,628
202392,155,Active,16,15,2013-07-16 10:20:05.58298,628
202393,156,Active,17,13,2013-07-16 10:20:05.587908,628
202394,157,Active,17,9,2013-07-16 10:20:05.592694,628
202395,158,Active,6,12,2013-07-16 10:20:05.597632,628
202396,159,Active,1,26,2013-07-16 10:20:05.602467,628
202397,160,Active,7,36,2013-07-16 10:20:05.607371,628
202398,161,Active,5,42,2013-07-16 10:20:05.612213,628
202399,162,Active,29,25,2013-07-16 10:20:05.617183,628
202400,163,Active,18,18,2013-07-16 10:20:05.62225,628
202401,164,Active,12,20,2013-07-16 10:20:05.627172,628
202402,165,Active,16,24,2013-07-16 10:20:05.632146,628
202403,166,Active,20,9,2013-07-16 10:20:05.63696,628
202404,167,Active,0,25,2013-07-16 10:20:05.64183,628
202405,168,Active,8,27,2013-07-16 10:20:05.646822,628
202406,169,Active,6,31,2013-07-16 10:20:05.673548,628
202407,170,Active,7,27,2013-07-16 10:20:05.67842,628
202408,171,Active,9,16,2013-07-16 10:20:05.684644,628
202409,172,Active,5,25,2013-07-16 10:20:05.689209,628
202410,173,Active,14,13,2013-07-16 10:20:05.694116,628
202411,174,Inactive,28,5,2013-07-16 10:20:05.699068,628
202412,175,Active,26,2,2013-07-16 10:20:05.703756,628
202413,176,Active,22,12,2013-07-16 10:20:05.708796,628
202414,177,Active,13,14,2013-07-16 10:20:05.713646,628
202415,178,Active,17,7,2013-07-16 10:20:05.718621,628
202416,179,Active,11,15,2013-07-16 10:20:05.723473,628
202417,180,Active,23,3,2013-07-16 10:20:05.728182,628
202418,181,Active,19,7,2013-07-16 10:20:05.733222,628
202419,182,Active,9,4,2013-07-16 10:20:05.738187,628
202420,183,Active,30,6,2013-07-16 10:20:05.742913,628
202421,184,Active,1,40,2013-07-16 10:20:05.747857,628
202422,185,Active,25,2,2013-07-16 10:20:05.752707,628
202423,186,Active,2,35,2013-07-16 10:20:05.757834,628
202424,187,Active,30,8,2013-07-16 10:20:05.762639,628
202425,189,Active,6,33,2013-07-16 10:20:05.76726,628
202426,190,Active,13,6,2013-07-16 10:20:05.772382,628
202427,191,Active,10,7,2013-07-16 10:20:05.778769,628
202428,192,Active,26,5,2013-07-16 10:20:05.783597,628
202429,193,Active,18,3,2013-07-16 10:20:05.788603,628
202430,194,Active,15,11,2013-07-16 10:20:05.793676,628
202431,195,Active,0,24,2013-07-16 10:20:05.800539,628
202432,196,Active,6,36,2013-07-16 10:20:05.805422,628
202433,197,Active,15,12,2013-07-16 10:20:05.810406,628
202434,198,Active,6,36,2013-07-16 10:20:05.815312,628
202435,199,Active,7,16,2013-07-16 10:20:05.820139,628
202436,200,Active,12,9,2013-07-16 10:20:05.825402,628
202437,201,Active,9,13,2013-07-16 10:20:05.830125,628
202438,202,Active,11,7,2013-07-16 10:20:05.835077,628
202439,203,Active,17,36,2013-07-16 10:20:05.839784,628
202440,204,Active,2,32,2013-07-16 10:20:05.844806,628
202441,205,Active,11,17,2013-07-16 10:20:05.85284,628
202442,206,Active,17,38,2013-07-16 10:20:05.857798,628
202443,207,Active,23,6,2013-07-16 10:20:05.862652,628
202444,208,Active,5,22,2013-07-16 10:20:05.867439,628
202445,209,Active,16,13,2013-07-16 10:20:05.872215,628
202446,210,Active,24,3,2013-07-16 10:20:05.877614,628
202447,211,Active,31,5,2013-07-16 10:20:05.88264,628
202448,212,Active,1,24,2013-07-16 10:20:05.887596,628
202449,213,Active,5,42,2013-07-16 10:20:05.892546,628
202450,214,Active,12,15,2013-07-16 10:20:05.897567,628
202451,215,Active,10,12,2013-07-16 10:20:05.904581,628
202452,216,Active,22,1,2013-07-16 10:20:05.910608,628
202453,217,Active,31,4,2013-07-16 10:20:05.915419,628
202454,218,Active,11,20,2013-07-16 10:20:05.920205,628
202455,219,Active,1,33,2013-07-16 10:20:05.925249,628
202456,220,Active,0,49,2013-07-16 10:20:05.930173,628
202457,221,Active,10,10,2013-07-16 10:20:05.93513,628
202458,222,Active,10,42,2013-07-16 10:20:05.940155,628
202459,223,Active,27,4,2013-07-16 10:20:05.948613,628
202460,224,Active,3,35,2013-07-16 10:20:05.954972,628
202461,225,Active,0,28,2013-07-16 10:20:05.960173,628
202462,226,Active,24,3,2013-07-16 10:20:05.987655,628
202463,227,Active,7,20,2013-07-16 10:20:05.992588,628
202464,228,Active,8,48,2013-07-16 10:20:05.99753,628
202465,229,Active,27,6,2013-07-16 10:20:06.002533,628
202466,230,Active,3,26,2013-07-16 10:20:06.007348,628
202467,231,Active,4,33,2013-07-16 10:20:06.01237,628
202468,232,Active,3,32,2013-07-16 10:20:06.017386,628
202469,233,Active,6,52,2013-07-16 10:20:06.02228,628
202470,234,Active,0,26,2013-07-16 10:20:06.027171,628
202471,235,Active,3,16,2013-07-16 10:20:06.031918,628
202472,236,Active,13,7,2013-07-16 10:20:06.036884,628
202473,237,Active,31,5,2013-07-16 10:20:06.041817,628
202474,238,Active,25,19,2013-07-16 10:20:06.046583,628
202475,239,Active,1,20,2013-07-16 10:20:06.051367,628
202476,240,Active,2,51,2013-07-16 10:20:06.056206,628
202477,241,Active,0,38,2013-07-16 10:20:06.060713,628
202478,242,Active,5,30,2013-07-16 10:20:06.065724,628
202479,243,Active,11,20,2013-07-16 10:20:06.070557,628
202480,244,Active,8,51,2013-07-16 10:20:06.075396,628
202481,245,Active,2,54,2013-07-16 10:20:06.080817,628
202482,246,Active,4,30,2013-07-16 10:20:06.085431,628
202483,247,Active,21,0,2013-07-16 10:20:06.090254,628
202484,248,Active,3,37,2013-07-16 10:20:06.095117,628
202485,249,Active,20,14,2013-07-16 10:20:06.099797,628
202486,250,Active,2,45,2013-07-16 10:20:06.104821,628
202487,251,Active,7,30,2013-07-16 10:20:06.110049,628
202488,252,Active,6,37,2013-07-16 10:20:06.114772,628
202489,253,Active,25,32,2013-07-16 10:20:06.120139,628
202490,254,Active,27,1,2013-07-16 10:20:06.125294,628
202491,255,Active,8,18,2013-07-16 10:20:06.129954,628
202492,256,Active,20,6,2013-07-16 10:20:06.134819,628
202493,257,Active,9,14,2013-07-16 10:20:06.139704,628
202494,258,Active,13,23,2013-07-16 10:20:06.144472,628
202495,259,Active,26,6,2013-07-16 10:20:06.149403,628
202496,260,Active,3,34,2013-07-16 10:20:06.154167,628
202497,261,Active,1,37,2013-07-16 10:20:06.159086,628
202498,262,Active,2,36,2013-07-16 10:20:06.163907,628
202499,263,Active,25,4,2013-07-16 10:20:06.168969,628
202500,264,Active,34,3,2013-07-16 10:20:06.173849,628
202501,265,Active,9,26,2013-07-16 10:20:06.178755,628
202502,266,Active,25,27,2013-07-16 10:20:06.183597,628
202503,267,Active,7,45,2013-07-16 10:20:06.191673,628
202504,268,Active,28,19,2013-07-16 10:20:06.196431,628
202505,269,Active,3,28,2013-07-16 10:20:06.201359,628
202506,270,Active,11,23,2013-07-16 10:20:06.206245,628
202507,271,Active,24,1,2013-07-16 10:20:06.211227,628
202508,272,Active,7,38,2013-07-16 10:20:06.216282,628
202509,273,Active,6,49,2013-07-16 10:20:06.221023,628
202510,274,Active,11,18,2013-07-16 10:20:06.225981,628
202511,275,Active,6,27,2013-07-16 10:20:06.230761,628
202512,276,Active,6,45,2013-07-16 10:20:06.235556,628
202513,277,Active,26,11,2013-07-16 10:20:06.240422,628
202514,278,Active,7,21,2013-07-16 10:20:06.245544,628
202515,279,Active,35,2,2013-07-16 10:20:06.250521,628
202516,280,Active,22,11,2013-07-16 10:20:06.255447,628
202517,281,Active,18,26,2013-07-16 10:20:06.260473,628
202518,282,Active,21,1,2013-07-16 10:20:06.2874,628
202519,283,Active,9,26,2013-07-16 10:20:06.293782,628
202520,284,Active,7,41,2013-07-16 10:20:06.299443,628
202521,285,Active,27,3,2013-07-16 10:20:06.304553,628
202522,286,Active,22,5,2013-07-16 10:20:06.309972,628
202523,287,Active,9,18,2013-07-16 10:20:06.315275,628
202524,288,Active,45,3,2013-07-16 10:20:06.320451,628
202525,289,Active,26,6,2013-07-16 10:20:06.325903,628
202526,290,Active,5,24,2013-07-16 10:20:06.332887,628
202527,291,Active,20,38,2013-07-16 10:20:06.337962,628
202528,292,Active,9,26,2013-07-16 10:20:06.34326,628
202529,293,Active,38,14,2013-07-16 10:20:06.348748,628
202530,294,Active,1,37,2013-07-16 10:20:06.353533,628
202531,295,Active,50,10,2013-07-16 10:20:06.358489,628
202532,296,Active,3,47,2013-07-16 10:20:06.363754,628
202533,297,Active,12,34,2013-07-16 10:20:06.369038,628
202534,298,Active,5,51,2013-07-16 10:20:06.374271,628
202535,299,Active,7,32,2013-07-16 10:20:06.379792,628
202536,300,Active,5,38,2013-07-16 10:20:06.385494,628
202537,301,Active,18,35,2013-07-16 10:20:06.39074,628
202538,302,Active,14,21,2013-07-16 10:20:06.397068,628
202539,303,Active,10,28,2013-07-16 10:20:06.401657,628
202540,304,Active,8,23,2013-07-16 10:20:06.406693,628
202541,305,Active,13,23,2013-07-16 10:20:06.411636,628
202542,306,Active,37,3,2013-07-16 10:20:06.416393,628
202543,307,Active,1,48,2013-07-16 10:20:06.421285,628
202544,308,Active,8,23,2013-07-16 10:20:06.426131,628
202545,309,Active,14,14,2013-07-16 10:20:06.431189,628
202546,310,Active,9,29,2013-07-16 10:20:06.436175,628
202547,311,Active,2,36,2013-07-16 10:20:06.440828,628
202548,312,Active,11,17,2013-07-16 10:20:06.448739,628
202549,313,Active,3,33,2013-07-16 10:20:06.453822,628
202550,314,Active,19,4,2013-07-16 10:20:06.458596,628
202551,315,Active,2,31,2013-07-16 10:20:06.463683,628
202552,316,Active,4,26,2013-07-16 10:20:06.468863,628
202553,317,Active,8,6,2013-07-16 10:20:06.474021,628
202554,318,Active,17,6,2013-07-16 10:20:06.479165,628
202555,319,Active,23,3,2013-07-16 10:20:06.484566,628
202556,320,Active,7,28,2013-07-16 10:20:06.489668,628
202557,321,Active,4,8,2013-07-16 10:20:06.494878,628
202558,322,Active,2,46,2013-07-16 10:20:06.501337,628
202559,327,Active,4,25,2013-07-16 10:20:06.506606,628
202560,328,Active,9,26,2013-07-16 10:20:06.511407,628
202561,323,Active,2,37,2013-07-16 10:20:06.517087,628
202562,324,Active,3,21,2013-07-16 10:20:06.522052,628
202563,325,Active,0,0,2013-07-16 10:20:06.527067,628
202564,326,Active,0,31,2013-07-16 10:20:06.532301,628
202565,1,Active,14,20,2013-07-16 10:30:05.222285,629
202566,2,Active,9,19,2013-07-16 10:30:05.230451,629
202567,3,Active,4,20,2013-07-16 10:30:05.234766,629
202568,4,Active,26,36,2013-07-16 10:30:05.239731,629
202569,5,Active,25,10,2013-07-16 10:30:05.243889,629
202570,6,Active,11,7,2013-07-16 10:30:05.248014,629
202571,7,Active,19,0,2013-07-16 10:30:05.252027,629
202572,8,Active,10,20,2013-07-16 10:30:05.256896,629
202573,9,Active,4,26,2013-07-16 10:30:05.261566,629
202574,10,Inactive,0,28,2013-07-16 10:30:05.265554,629
202575,11,Active,25,0,2013-07-16 10:30:05.270427,629
202576,12,Active,2,17,2013-07-16 10:30:05.277166,629
202577,13,Active,5,33,2013-07-16 10:30:05.281257,629
202578,14,Active,2,31,2013-07-16 10:30:05.285373,629
202579,15,Active,24,6,2013-07-16 10:30:05.290463,629
202580,16,Active,16,17,2013-07-16 10:30:05.294699,629
202581,17,Active,12,16,2013-07-16 10:30:05.298848,629
202582,18,Active,1,51,2013-07-16 10:30:05.303122,629
202583,19,Active,17,4,2013-07-16 10:30:05.307523,629
202584,20,Active,3,22,2013-07-16 10:30:05.312498,629
202585,21,Active,4,30,2013-07-16 10:30:05.3174,629
202586,22,Active,3,43,2013-07-16 10:30:05.32152,629
202587,23,Active,7,37,2013-07-16 10:30:05.326366,629
202588,24,Active,4,41,2013-07-16 10:30:05.331222,629
202589,25,Active,12,32,2013-07-16 10:30:05.335604,629
202590,26,Active,20,4,2013-07-16 10:30:05.339965,629
202591,27,Active,5,40,2013-07-16 10:30:05.344286,629
202592,28,Active,7,19,2013-07-16 10:30:05.348781,629
202593,29,Active,15,5,2013-07-16 10:30:05.353373,629
202594,30,Active,16,22,2013-07-16 10:30:05.358645,629
202595,31,Active,19,20,2013-07-16 10:30:05.36308,629
202596,32,Active,18,12,2013-07-16 10:30:05.367289,629
202597,33,Active,3,24,2013-07-16 10:30:05.371522,629
202598,34,Active,17,18,2013-07-16 10:30:05.377405,629
202599,35,Active,2,48,2013-07-16 10:30:05.38182,629
202600,36,Active,11,13,2013-07-16 10:30:05.386241,629
202601,37,Active,10,13,2013-07-16 10:30:05.390741,629
202602,38,Active,9,29,2013-07-16 10:30:05.39497,629
202603,39,Active,35,2,2013-07-16 10:30:05.399474,629
202604,40,Active,35,3,2013-07-16 10:30:05.406478,629
202605,41,Active,12,14,2013-07-16 10:30:05.411239,629
202606,42,Active,5,26,2013-07-16 10:30:05.415488,629
202607,43,Active,13,8,2013-07-16 10:30:05.420627,629
202608,44,Active,9,12,2013-07-16 10:30:05.425389,629
202609,45,Active,5,14,2013-07-16 10:30:05.429425,629
202610,46,Active,18,12,2013-07-16 10:30:05.43358,629
202611,47,Active,17,3,2013-07-16 10:30:05.437791,629
202612,48,Active,10,8,2013-07-16 10:30:05.443534,629
202613,49,Active,3,17,2013-07-16 10:30:05.449096,629
202614,50,Active,6,21,2013-07-16 10:30:05.453265,629
202615,51,Active,9,30,2013-07-16 10:30:05.457263,629
202616,52,Active,7,19,2013-07-16 10:30:05.462046,629
202617,53,Active,17,13,2013-07-16 10:30:05.466695,629
202618,54,Active,4,42,2013-07-16 10:30:05.470751,629
202619,55,Active,16,14,2013-07-16 10:30:05.475427,629
202620,56,Active,2,37,2013-07-16 10:30:05.502405,629
202621,57,Active,15,8,2013-07-16 10:30:05.508326,629
202622,58,Active,6,30,2013-07-16 10:30:05.514911,629
202623,59,Active,7,28,2013-07-16 10:30:05.519992,629
202624,60,Active,9,16,2013-07-16 10:30:05.525131,629
202625,61,Active,4,20,2013-07-16 10:30:05.530181,629
202626,62,Active,6,21,2013-07-16 10:30:05.535935,629
202627,63,Active,3,23,2013-07-16 10:30:05.540676,629
202628,64,Active,26,3,2013-07-16 10:30:05.546151,629
202629,65,Active,19,2,2013-07-16 10:30:05.552,629
202630,66,Active,1,55,2013-07-16 10:30:05.556753,629
202631,67,Active,2,22,2013-07-16 10:30:05.562099,629
202632,68,Active,19,2,2013-07-16 10:30:05.567044,629
202633,69,Active,22,16,2013-07-16 10:30:05.571814,629
202634,70,Active,14,14,2013-07-16 10:30:05.576812,629
202635,71,Active,13,6,2013-07-16 10:30:05.58348,629
202636,72,Active,5,18,2013-07-16 10:30:05.589768,629
202637,73,Active,10,8,2013-07-16 10:30:05.59469,629
202638,74,Active,1,18,2013-07-16 10:30:05.599816,629
202639,75,Active,20,8,2013-07-16 10:30:05.605688,629
202640,76,Active,3,52,2013-07-16 10:30:05.610529,629
202641,77,Active,12,14,2013-07-16 10:30:05.615594,629
202642,78,Active,18,16,2013-07-16 10:30:05.622554,629
202643,79,Active,3,43,2013-07-16 10:30:05.628407,629
202644,80,Active,11,6,2013-07-16 10:30:05.634228,629
202645,81,Active,2,26,2013-07-16 10:30:05.639227,629
202646,82,Active,8,11,2013-07-16 10:30:05.644723,629
202647,83,Active,10,40,2013-07-16 10:30:05.650868,629
202648,84,Active,2,28,2013-07-16 10:30:05.655579,629
202649,85,Active,0,24,2013-07-16 10:30:05.66164,629
202650,86,Active,11,20,2013-07-16 10:30:05.667862,629
202651,87,Active,16,9,2013-07-16 10:30:05.672778,629
202652,88,Active,11,21,2013-07-16 10:30:05.677708,629
202653,89,Active,31,7,2013-07-16 10:30:05.682798,629
202654,90,Active,28,5,2013-07-16 10:30:05.687684,629
202655,91,Active,18,5,2013-07-16 10:30:05.69322,629
202656,92,Active,6,24,2013-07-16 10:30:05.699035,629
202657,93,Active,2,31,2013-07-16 10:30:05.703875,629
202658,94,Active,4,28,2013-07-16 10:30:05.710091,629
202659,95,Active,7,26,2013-07-16 10:30:05.715159,629
202660,96,Active,20,11,2013-07-16 10:30:05.720038,629
202661,97,Active,10,13,2013-07-16 10:30:05.725301,629
202662,98,Active,12,25,2013-07-16 10:30:05.730533,629
202663,99,Active,27,6,2013-07-16 10:30:05.735622,629
202664,100,Active,14,15,2013-07-16 10:30:05.740843,629
202665,101,Active,30,4,2013-07-16 10:30:05.746086,629
202666,102,Active,12,6,2013-07-16 10:30:05.751104,629
202667,103,Active,17,21,2013-07-16 10:30:05.756222,629
202668,104,Active,11,18,2013-07-16 10:30:05.761217,629
202669,105,Active,12,30,2013-07-16 10:30:05.766168,629
202670,106,Active,21,4,2013-07-16 10:30:05.771261,629
202671,107,Active,1,29,2013-07-16 10:30:05.777386,629
202672,108,Active,8,24,2013-07-16 10:30:05.782326,629
202673,109,Active,2,36,2013-07-16 10:30:05.788989,629
202674,110,Active,7,20,2013-07-16 10:30:05.793997,629
202675,111,Active,14,13,2013-07-16 10:30:05.799078,629
202676,112,Active,11,26,2013-07-16 10:30:05.804307,629
202677,113,Active,7,43,2013-07-16 10:30:05.832241,629
202678,114,Active,21,11,2013-07-16 10:30:05.838235,629
202679,115,Active,21,5,2013-07-16 10:30:05.844268,629
202680,116,Active,5,32,2013-07-16 10:30:05.853735,629
202681,117,Active,8,14,2013-07-16 10:30:05.858766,629
202682,118,Active,5,23,2013-07-16 10:30:05.864043,629
202683,119,Active,10,28,2013-07-16 10:30:05.868773,629
202684,120,Active,9,17,2013-07-16 10:30:05.873586,629
202685,121,Active,10,6,2013-07-16 10:30:05.878462,629
202686,122,Active,2,28,2013-07-16 10:30:05.883899,629
202687,123,Active,3,24,2013-07-16 10:30:05.890178,629
202688,124,Active,20,13,2013-07-16 10:30:05.895649,629
202689,125,Active,6,30,2013-07-16 10:30:05.900414,629
202690,126,Active,16,5,2013-07-16 10:30:05.905413,629
202691,127,Active,18,9,2013-07-16 10:30:05.910479,629
202692,128,Active,9,7,2013-07-16 10:30:05.915885,629
202693,129,Active,19,8,2013-07-16 10:30:05.92096,629
202694,130,Active,15,8,2013-07-16 10:30:05.927073,629
202695,131,Active,12,9,2013-07-16 10:30:05.931917,629
202696,132,Active,3,32,2013-07-16 10:30:05.938204,629
202697,133,Active,17,7,2013-07-16 10:30:05.943333,629
202698,134,Active,19,15,2013-07-16 10:30:05.948283,629
202699,135,Active,22,17,2013-07-16 10:30:05.954868,629
202700,136,Active,18,3,2013-07-16 10:30:05.962052,629
202701,137,Active,21,3,2013-07-16 10:30:05.968365,629
202702,138,Active,7,32,2013-07-16 10:30:05.978335,629
202703,139,Active,4,28,2013-07-16 10:30:05.984174,629
202704,140,Active,6,20,2013-07-16 10:30:05.990222,629
202705,141,Active,25,6,2013-07-16 10:30:05.995705,629
202706,142,Active,10,32,2013-07-16 10:30:06.00114,629
202707,143,Active,13,7,2013-07-16 10:30:06.007236,629
202708,144,Active,5,20,2013-07-16 10:30:06.013412,629
202709,145,Active,28,6,2013-07-16 10:30:06.019215,629
202710,146,Active,1,52,2013-07-16 10:30:06.024172,629
202711,147,Active,6,33,2013-07-16 10:30:06.030706,629
202712,148,Active,23,16,2013-07-16 10:30:06.037308,629
202713,149,Active,3,54,2013-07-16 10:30:06.042535,629
202714,150,Active,26,23,2013-07-16 10:30:06.047379,629
202715,151,Active,5,21,2013-07-16 10:30:06.052534,629
202716,152,Active,14,16,2013-07-16 10:30:06.058269,629
202717,153,Active,9,23,2013-07-16 10:30:06.063575,629
202718,154,Active,4,30,2013-07-16 10:30:06.069923,629
202719,155,Active,15,16,2013-07-16 10:30:06.075752,629
202720,156,Active,17,13,2013-07-16 10:30:06.081907,629
202721,157,Active,17,9,2013-07-16 10:30:06.086805,629
202722,158,Active,6,12,2013-07-16 10:30:06.091881,629
202723,159,Active,1,26,2013-07-16 10:30:06.097357,629
202724,160,Active,7,36,2013-07-16 10:30:06.103171,629
202725,161,Active,5,42,2013-07-16 10:30:06.109473,629
202726,162,Active,29,25,2013-07-16 10:30:06.114267,629
202727,163,Active,18,18,2013-07-16 10:30:06.119448,629
202728,164,Active,11,21,2013-07-16 10:30:06.125669,629
202729,165,Active,16,24,2013-07-16 10:30:06.130865,629
202730,166,Active,20,9,2013-07-16 10:30:06.135702,629
202731,167,Active,1,24,2013-07-16 10:30:06.140802,629
202732,168,Active,8,27,2013-07-16 10:30:06.145898,629
202733,169,Active,6,31,2013-07-16 10:30:06.172583,629
202734,170,Active,7,28,2013-07-16 10:30:06.17833,629
202735,171,Active,9,16,2013-07-16 10:30:06.184564,629
202736,172,Active,5,25,2013-07-16 10:30:06.189507,629
202737,173,Active,14,13,2013-07-16 10:30:06.194315,629
202738,174,Inactive,28,5,2013-07-16 10:30:06.200306,629
202739,175,Active,26,2,2013-07-16 10:30:06.20544,629
202740,176,Active,22,12,2013-07-16 10:30:06.210471,629
202741,177,Active,13,14,2013-07-16 10:30:06.215269,629
202742,178,Active,16,8,2013-07-16 10:30:06.219979,629
202743,179,Active,11,15,2013-07-16 10:30:06.225756,629
202744,180,Active,23,3,2013-07-16 10:30:06.230679,629
202745,181,Active,19,7,2013-07-16 10:30:06.237608,629
202746,182,Active,9,4,2013-07-16 10:30:06.242548,629
202747,183,Active,31,5,2013-07-16 10:30:06.250373,629
202748,184,Active,1,40,2013-07-16 10:30:06.255299,629
202749,185,Active,25,2,2013-07-16 10:30:06.260289,629
202750,186,Active,2,35,2013-07-16 10:30:06.266765,629
202751,187,Active,30,8,2013-07-16 10:30:06.272805,629
202752,189,Active,6,33,2013-07-16 10:30:06.277667,629
202753,190,Active,13,6,2013-07-16 10:30:06.28319,629
202754,191,Active,10,7,2013-07-16 10:30:06.289066,629
202755,192,Active,25,6,2013-07-16 10:30:06.294185,629
202756,193,Active,18,3,2013-07-16 10:30:06.300166,629
202757,194,Active,15,11,2013-07-16 10:30:06.305468,629
202758,195,Active,0,24,2013-07-16 10:30:06.310495,629
202759,196,Active,7,35,2013-07-16 10:30:06.315343,629
202760,197,Active,15,12,2013-07-16 10:30:06.320336,629
202761,198,Active,6,36,2013-07-16 10:30:06.325217,629
202762,199,Active,7,16,2013-07-16 10:30:06.329996,629
202763,200,Active,12,9,2013-07-16 10:30:06.334777,629
202764,201,Active,9,13,2013-07-16 10:30:06.340538,629
202765,202,Active,11,7,2013-07-16 10:30:06.345548,629
202766,203,Active,16,37,2013-07-16 10:30:06.350685,629
202767,204,Active,1,33,2013-07-16 10:30:06.355344,629
202768,205,Active,14,14,2013-07-16 10:30:06.360686,629
202769,206,Active,17,38,2013-07-16 10:30:06.3712,629
202770,207,Active,23,6,2013-07-16 10:30:06.376963,629
202771,208,Active,5,22,2013-07-16 10:30:06.382434,629
202772,209,Active,16,13,2013-07-16 10:30:06.387474,629
202773,210,Active,22,5,2013-07-16 10:30:06.393124,629
202774,211,Active,30,6,2013-07-16 10:30:06.398634,629
202775,212,Active,1,24,2013-07-16 10:30:06.403827,629
202776,213,Active,5,42,2013-07-16 10:30:06.408806,629
202777,214,Active,12,15,2013-07-16 10:30:06.414107,629
202778,215,Active,10,12,2013-07-16 10:30:06.418957,629
202779,216,Active,22,1,2013-07-16 10:30:06.424,629
202780,217,Active,31,4,2013-07-16 10:30:06.429348,629
202781,218,Active,12,19,2013-07-16 10:30:06.434449,629
202782,219,Active,1,33,2013-07-16 10:30:06.440223,629
202783,220,Active,0,49,2013-07-16 10:30:06.445342,629
202784,221,Active,10,10,2013-07-16 10:30:06.450539,629
202785,222,Active,10,42,2013-07-16 10:30:06.455692,629
202786,223,Active,25,6,2013-07-16 10:30:06.461071,629
202787,224,Active,3,35,2013-07-16 10:30:06.466293,629
202788,225,Active,0,29,2013-07-16 10:30:06.471238,629
202789,226,Active,23,4,2013-07-16 10:30:06.500204,629
202790,227,Active,7,19,2013-07-16 10:30:06.505381,629
202791,228,Active,8,48,2013-07-16 10:30:06.510444,629
202792,229,Active,26,7,2013-07-16 10:30:06.517791,629
202793,230,Active,3,26,2013-07-16 10:30:06.52263,629
202794,231,Active,4,33,2013-07-16 10:30:06.527522,629
202795,232,Active,5,30,2013-07-16 10:30:06.532462,629
202796,233,Active,6,52,2013-07-16 10:30:06.537505,629
202797,234,Active,1,25,2013-07-16 10:30:06.542543,629
202798,235,Active,5,14,2013-07-16 10:30:06.54732,629
202799,236,Active,13,7,2013-07-16 10:30:06.55267,629
202800,237,Active,28,8,2013-07-16 10:30:06.557831,629
202801,238,Active,24,20,2013-07-16 10:30:06.562467,629
202802,239,Active,2,19,2013-07-16 10:30:06.568111,629
202803,240,Active,2,51,2013-07-16 10:30:06.573215,629
202804,241,Active,0,37,2013-07-16 10:30:06.578362,629
202805,242,Active,5,30,2013-07-16 10:30:06.583927,629
202806,243,Active,11,20,2013-07-16 10:30:06.589301,629
202807,244,Active,7,52,2013-07-16 10:30:06.598065,629
202808,245,Active,2,54,2013-07-16 10:30:06.604152,629
202809,246,Active,4,30,2013-07-16 10:30:06.609976,629
202810,247,Active,21,0,2013-07-16 10:30:06.614897,629
202811,248,Active,3,37,2013-07-16 10:30:06.619959,629
202812,249,Active,20,14,2013-07-16 10:30:06.625162,629
202813,250,Active,2,45,2013-07-16 10:30:06.630176,629
202814,251,Active,8,29,2013-07-16 10:30:06.63512,629
202815,252,Active,6,37,2013-07-16 10:30:06.639888,629
202816,253,Active,25,32,2013-07-16 10:30:06.645324,629
202817,254,Active,26,3,2013-07-16 10:30:06.651198,629
202818,255,Active,8,18,2013-07-16 10:30:06.656073,629
202819,256,Active,19,7,2013-07-16 10:30:06.660964,629
202820,257,Active,9,14,2013-07-16 10:30:06.670694,629
202821,258,Active,13,23,2013-07-16 10:30:06.675907,629
202822,259,Active,26,6,2013-07-16 10:30:06.680926,629
202823,260,Active,3,34,2013-07-16 10:30:06.685639,629
202824,261,Active,1,37,2013-07-16 10:30:06.690737,629
202825,262,Active,2,36,2013-07-16 10:30:06.696739,629
202826,263,Active,25,4,2013-07-16 10:30:06.701806,629
202827,264,Active,34,3,2013-07-16 10:30:06.706954,629
202828,265,Active,9,26,2013-07-16 10:30:06.712082,629
202829,266,Active,22,31,2013-07-16 10:30:06.717061,629
202830,267,Active,8,44,2013-07-16 10:30:06.723422,629
202831,268,Active,24,23,2013-07-16 10:30:06.728375,629
202832,269,Active,5,27,2013-07-16 10:30:06.733579,629
202833,270,Active,11,23,2013-07-16 10:30:06.742376,629
202834,271,Active,23,2,2013-07-16 10:30:06.748103,629
202835,272,Active,7,38,2013-07-16 10:30:06.752732,629
202836,273,Active,7,48,2013-07-16 10:30:06.757659,629
202837,274,Active,11,18,2013-07-16 10:30:06.764167,629
202838,275,Active,6,27,2013-07-16 10:30:06.769126,629
202839,276,Active,6,45,2013-07-16 10:30:06.77396,629
202840,277,Active,26,11,2013-07-16 10:30:06.778765,629
202841,278,Active,7,21,2013-07-16 10:30:06.783477,629
202842,279,Active,34,3,2013-07-16 10:30:06.788849,629
202843,280,Active,20,13,2013-07-16 10:30:06.795019,629
202844,281,Active,17,27,2013-07-16 10:30:06.80036,629
202845,282,Active,21,1,2013-07-16 10:30:06.827932,629
202846,283,Active,8,27,2013-07-16 10:30:06.834487,629
202847,284,Active,7,41,2013-07-16 10:30:06.840157,629
202848,285,Active,27,3,2013-07-16 10:30:06.845122,629
202849,286,Active,22,5,2013-07-16 10:30:06.850305,629
202850,287,Active,9,18,2013-07-16 10:30:06.85609,629
202851,288,Active,45,3,2013-07-16 10:30:06.86092,629
202852,289,Active,26,6,2013-07-16 10:30:06.866618,629
202853,290,Active,5,24,2013-07-16 10:30:06.871402,629
202854,291,Active,21,37,2013-07-16 10:30:06.876165,629
202855,292,Active,10,25,2013-07-16 10:30:06.882694,629
202856,293,Active,32,21,2013-07-16 10:30:06.889896,629
202857,294,Active,1,37,2013-07-16 10:30:06.898296,629
202858,295,Active,48,12,2013-07-16 10:30:06.903348,629
202859,296,Active,3,47,2013-07-16 10:30:06.909416,629
202860,297,Active,12,34,2013-07-16 10:30:06.914914,629
202861,298,Active,3,53,2013-07-16 10:30:06.921523,629
202862,299,Active,9,30,2013-07-16 10:30:06.92659,629
202863,300,Active,5,38,2013-07-16 10:30:06.931545,629
202864,301,Active,19,34,2013-07-16 10:30:06.93651,629
202865,302,Active,14,21,2013-07-16 10:30:06.941688,629
202866,303,Active,4,34,2013-07-16 10:30:06.94623,629
202867,304,Active,8,24,2013-07-16 10:30:06.951372,629
202868,305,Active,12,24,2013-07-16 10:30:06.956394,629
202869,306,Active,37,3,2013-07-16 10:30:06.961159,629
202870,307,Active,1,48,2013-07-16 10:30:06.96621,629
202871,308,Active,9,22,2013-07-16 10:30:06.971075,629
202872,309,Active,15,13,2013-07-16 10:30:06.976521,629
202873,310,Active,7,31,2013-07-16 10:30:06.981633,629
202874,311,Active,3,34,2013-07-16 10:30:06.986475,629
202875,312,Active,11,17,2013-07-16 10:30:06.991802,629
202876,313,Active,1,35,2013-07-16 10:30:06.997501,629
202877,314,Active,18,5,2013-07-16 10:30:07.00563,629
202878,315,Active,2,31,2013-07-16 10:30:07.010711,629
202879,316,Active,5,25,2013-07-16 10:30:07.015714,629
202880,317,Active,8,6,2013-07-16 10:30:07.021416,629
202881,318,Active,17,6,2013-07-16 10:30:07.026655,629
202882,319,Active,23,3,2013-07-16 10:30:07.03193,629
202883,320,Active,6,29,2013-07-16 10:30:07.036956,629
202884,321,Active,4,8,2013-07-16 10:30:07.041805,629
202885,322,Active,2,46,2013-07-16 10:30:07.046785,629
202886,327,Active,4,25,2013-07-16 10:30:07.053995,629
202887,328,Active,9,26,2013-07-16 10:30:07.06019,629
202888,323,Active,4,35,2013-07-16 10:30:07.065237,629
202889,324,Active,3,21,2013-07-16 10:30:07.072238,629
202890,325,Active,0,0,2013-07-16 10:30:07.077423,629
202891,326,Active,0,31,2013-07-16 10:30:07.08344,629
202892,1,Active,17,17,2013-07-16 10:40:04.881931,630
202893,2,Active,9,19,2013-07-16 10:40:04.890719,630
202894,3,Active,3,21,2013-07-16 10:40:04.894991,630
202895,4,Active,26,36,2013-07-16 10:40:04.900149,630
202896,5,Active,24,11,2013-07-16 10:40:04.904124,630
202897,6,Active,11,7,2013-07-16 10:40:04.909347,630
202898,7,Active,19,0,2013-07-16 10:40:04.913324,630
202899,8,Active,11,19,2013-07-16 10:40:04.917606,630
202900,9,Active,4,25,2013-07-16 10:40:04.921846,630
202901,10,Inactive,0,28,2013-07-16 10:40:04.926391,630
202902,11,Active,25,0,2013-07-16 10:40:04.934345,630
202903,12,Active,2,17,2013-07-16 10:40:04.938509,630
202904,13,Active,5,33,2013-07-16 10:40:04.94251,630
202905,14,Active,1,32,2013-07-16 10:40:04.946622,630
202906,15,Active,24,6,2013-07-16 10:40:04.950587,630
202907,16,Active,19,14,2013-07-16 10:40:04.954671,630
202908,17,Active,11,17,2013-07-16 10:40:04.95883,630
202909,18,Active,1,51,2013-07-16 10:40:04.962991,630
202910,19,Active,17,4,2013-07-16 10:40:04.967185,630
202911,20,Active,3,22,2013-07-16 10:40:04.972171,630
202912,21,Active,5,30,2013-07-16 10:40:04.976437,630
202913,22,Active,3,43,2013-07-16 10:40:04.980397,630
202914,23,Active,5,39,2013-07-16 10:40:04.985136,630
202915,24,Active,4,41,2013-07-16 10:40:04.989726,630
202916,25,Active,12,32,2013-07-16 10:40:04.994313,630
202917,26,Active,20,4,2013-07-16 10:40:04.998586,630
202918,27,Active,5,39,2013-07-16 10:40:05.004022,630
202919,28,Active,7,18,2013-07-16 10:40:05.009322,630
202920,29,Active,15,5,2013-07-16 10:40:05.013829,630
202921,30,Active,16,22,2013-07-16 10:40:05.018059,630
202922,31,Active,19,20,2013-07-16 10:40:05.022243,630
202923,32,Active,20,10,2013-07-16 10:40:05.026401,630
202924,33,Active,3,24,2013-07-16 10:40:05.032115,630
202925,34,Active,18,17,2013-07-16 10:40:05.036232,630
202926,35,Active,2,48,2013-07-16 10:40:05.040218,630
202927,36,Active,11,13,2013-07-16 10:40:05.044305,630
202928,37,Active,10,13,2013-07-16 10:40:05.04921,630
202929,38,Active,9,29,2013-07-16 10:40:05.053273,630
202930,39,Active,35,2,2013-07-16 10:40:05.057596,630
202931,40,Active,35,4,2013-07-16 10:40:05.061776,630
202932,41,Active,13,13,2013-07-16 10:40:05.065811,630
202933,42,Active,5,26,2013-07-16 10:40:05.069825,630
202934,43,Active,13,8,2013-07-16 10:40:05.075218,630
202935,44,Active,9,12,2013-07-16 10:40:05.079531,630
202936,45,Active,5,14,2013-07-16 10:40:05.083611,630
202937,46,Active,18,12,2013-07-16 10:40:05.089583,630
202938,47,Active,17,3,2013-07-16 10:40:05.094474,630
202939,48,Active,10,7,2013-07-16 10:40:05.098535,630
202940,49,Active,3,17,2013-07-16 10:40:05.102604,630
202941,50,Active,7,20,2013-07-16 10:40:05.106544,630
202942,51,Active,11,28,2013-07-16 10:40:05.112071,630
202943,52,Active,7,19,2013-07-16 10:40:05.116389,630
202944,53,Active,17,13,2013-07-16 10:40:05.120502,630
202945,54,Active,4,42,2013-07-16 10:40:05.125988,630
202946,55,Active,15,15,2013-07-16 10:40:05.13086,630
202947,56,Active,2,37,2013-07-16 10:40:05.157053,630
202948,57,Active,15,8,2013-07-16 10:40:05.162451,630
202949,58,Active,6,30,2013-07-16 10:40:05.167533,630
202950,59,Active,7,28,2013-07-16 10:40:05.172439,630
202951,60,Active,9,16,2013-07-16 10:40:05.1785,630
202952,61,Active,4,20,2013-07-16 10:40:05.184423,630
202953,62,Active,4,23,2013-07-16 10:40:05.189379,630
202954,63,Active,3,23,2013-07-16 10:40:05.194868,630
202955,64,Active,27,2,2013-07-16 10:40:05.199717,630
202956,65,Active,19,2,2013-07-16 10:40:05.20572,630
202957,66,Active,0,56,2013-07-16 10:40:05.210451,630
202958,67,Active,2,22,2013-07-16 10:40:05.21544,630
202959,68,Active,19,2,2013-07-16 10:40:05.222381,630
202960,69,Active,21,17,2013-07-16 10:40:05.227348,630
202961,70,Active,14,14,2013-07-16 10:40:05.232524,630
202962,71,Active,13,6,2013-07-16 10:40:05.237387,630
202963,72,Active,5,19,2013-07-16 10:40:05.242325,630
202964,73,Active,10,8,2013-07-16 10:40:05.247304,630
202965,74,Active,1,18,2013-07-16 10:40:05.252038,630
202966,75,Active,19,9,2013-07-16 10:40:05.256924,630
202967,76,Active,5,49,2013-07-16 10:40:05.261907,630
202968,77,Active,12,14,2013-07-16 10:40:05.266869,630
202969,78,Active,18,16,2013-07-16 10:40:05.271533,630
202970,79,Active,3,43,2013-07-16 10:40:05.276463,630
202971,80,Active,11,6,2013-07-16 10:40:05.281407,630
202972,81,Active,2,26,2013-07-16 10:40:05.286185,630
202973,82,Active,8,11,2013-07-16 10:40:05.291252,630
202974,83,Active,11,39,2013-07-16 10:40:05.296918,630
202975,84,Active,2,28,2013-07-16 10:40:05.302076,630
202976,85,Active,0,24,2013-07-16 10:40:05.306965,630
202977,86,Active,11,20,2013-07-16 10:40:05.311876,630
202978,87,Active,15,10,2013-07-16 10:40:05.316803,630
202979,88,Active,11,21,2013-07-16 10:40:05.321644,630
202980,89,Active,32,7,2013-07-16 10:40:05.327646,630
202981,90,Active,27,6,2013-07-16 10:40:05.332888,630
202982,91,Active,18,5,2013-07-16 10:40:05.338672,630
202983,92,Active,8,22,2013-07-16 10:40:05.343549,630
202984,93,Active,2,31,2013-07-16 10:40:05.348859,630
202985,94,Active,5,27,2013-07-16 10:40:05.353711,630
202986,95,Active,7,26,2013-07-16 10:40:05.359445,630
202987,96,Active,19,12,2013-07-16 10:40:05.364379,630
202988,97,Active,10,13,2013-07-16 10:40:05.369412,630
202989,98,Active,12,25,2013-07-16 10:40:05.374364,630
202990,99,Active,31,3,2013-07-16 10:40:05.379478,630
202991,100,Active,13,16,2013-07-16 10:40:05.384355,630
202992,101,Active,30,4,2013-07-16 10:40:05.389313,630
202993,102,Active,12,6,2013-07-16 10:40:05.394166,630
202994,103,Active,17,21,2013-07-16 10:40:05.399193,630
202995,104,Active,11,18,2013-07-16 10:40:05.404125,630
202996,105,Active,12,30,2013-07-16 10:40:05.409187,630
202997,106,Active,21,4,2013-07-16 10:40:05.415443,630
202998,107,Active,1,29,2013-07-16 10:40:05.420817,630
202999,108,Active,8,24,2013-07-16 10:40:05.425784,630
203000,109,Active,3,35,2013-07-16 10:40:05.430709,630
203001,110,Active,7,20,2013-07-16 10:40:05.435508,630
203002,111,Active,14,13,2013-07-16 10:40:05.440345,630
203003,112,Active,11,26,2013-07-16 10:40:05.445447,630
203004,113,Active,7,43,2013-07-16 10:40:05.474814,630
203005,114,Active,23,9,2013-07-16 10:40:05.47975,630
203006,115,Active,21,5,2013-07-16 10:40:05.484696,630
203007,116,Active,5,32,2013-07-16 10:40:05.490338,630
203008,117,Active,9,13,2013-07-16 10:40:05.495501,630
203009,118,Active,10,20,2013-07-16 10:40:05.500428,630
203010,119,Active,8,30,2013-07-16 10:40:05.505379,630
203011,120,Active,9,17,2013-07-16 10:40:05.51039,630
203012,121,Active,9,7,2013-07-16 10:40:05.515447,630
203013,122,Active,3,27,2013-07-16 10:40:05.520358,630
203014,123,Active,3,24,2013-07-16 10:40:05.525624,630
203015,124,Active,20,13,2013-07-16 10:40:05.531716,630
203016,125,Active,7,29,2013-07-16 10:40:05.536645,630
203017,126,Active,16,5,2013-07-16 10:40:05.542549,630
203018,127,Active,17,10,2013-07-16 10:40:05.548011,630
203019,128,Active,9,7,2013-07-16 10:40:05.552986,630
203020,129,Active,19,8,2013-07-16 10:40:05.557757,630
203021,130,Active,15,8,2013-07-16 10:40:05.562452,630
203022,131,Active,12,9,2013-07-16 10:40:05.567356,630
203023,132,Active,1,34,2013-07-16 10:40:05.573447,630
203024,133,Active,17,8,2013-07-16 10:40:05.57837,630
203025,134,Active,22,12,2013-07-16 10:40:05.583083,630
203026,135,Active,21,18,2013-07-16 10:40:05.590139,630
203027,136,Active,18,3,2013-07-16 10:40:05.595288,630
203028,137,Active,21,3,2013-07-16 10:40:05.600237,630
203029,138,Active,9,30,2013-07-16 10:40:05.605625,630
203030,139,Active,6,26,2013-07-16 10:40:05.610531,630
203031,140,Active,6,20,2013-07-16 10:40:05.616195,630
203032,141,Active,25,6,2013-07-16 10:40:05.621314,630
203033,142,Active,11,31,2013-07-16 10:40:05.626104,630
203034,143,Active,14,6,2013-07-16 10:40:05.631786,630
203035,144,Active,5,18,2013-07-16 10:40:05.637353,630
203036,145,Active,28,6,2013-07-16 10:40:05.642429,630
203037,146,Active,2,51,2013-07-16 10:40:05.648664,630
203038,147,Active,6,33,2013-07-16 10:40:05.654545,630
203039,148,Active,23,16,2013-07-16 10:40:05.66112,630
203040,149,Active,2,55,2013-07-16 10:40:05.666732,630
203041,150,Active,25,24,2013-07-16 10:40:05.671784,630
203042,151,Active,5,21,2013-07-16 10:40:05.677253,630
203043,152,Active,14,16,2013-07-16 10:40:05.682238,630
203044,153,Active,9,23,2013-07-16 10:40:05.687221,630
203045,154,Active,4,30,2013-07-16 10:40:05.692548,630
203046,155,Active,15,16,2013-07-16 10:40:05.698886,630
203047,156,Active,17,13,2013-07-16 10:40:05.704269,630
203048,157,Active,17,9,2013-07-16 10:40:05.710308,630
203049,158,Active,6,12,2013-07-16 10:40:05.720623,630
203050,159,Active,2,25,2013-07-16 10:40:05.725455,630
203051,160,Active,7,36,2013-07-16 10:40:05.730955,630
203052,161,Active,5,42,2013-07-16 10:40:05.735922,630
203053,162,Active,27,27,2013-07-16 10:40:05.740771,630
203054,163,Active,18,18,2013-07-16 10:40:05.745817,630
203055,164,Active,11,21,2013-07-16 10:40:05.750915,630
203056,165,Active,15,25,2013-07-16 10:40:05.755698,630
203057,166,Active,20,9,2013-07-16 10:40:05.761151,630
203058,167,Active,0,25,2013-07-16 10:40:05.767323,630
203059,168,Active,8,27,2013-07-16 10:40:05.774328,630
203060,169,Active,6,31,2013-07-16 10:40:05.800314,630
203061,170,Active,7,28,2013-07-16 10:40:05.805348,630
203062,171,Active,9,16,2013-07-16 10:40:05.810162,630
203063,172,Active,5,25,2013-07-16 10:40:05.815295,630
203064,173,Active,15,13,2013-07-16 10:40:05.820112,630
203065,174,Inactive,28,4,2013-07-16 10:40:05.825023,630
203066,175,Active,26,2,2013-07-16 10:40:05.830671,630
203067,176,Active,21,13,2013-07-16 10:40:05.835682,630
203068,177,Active,13,14,2013-07-16 10:40:05.840734,630
203069,178,Active,16,8,2013-07-16 10:40:05.845563,630
203070,179,Active,11,15,2013-07-16 10:40:05.850532,630
203071,180,Active,23,4,2013-07-16 10:40:05.858246,630
203072,181,Active,19,7,2013-07-16 10:40:05.863071,630
203073,182,Active,9,4,2013-07-16 10:40:05.86823,630
203074,183,Active,29,7,2013-07-16 10:40:05.87419,630
203075,184,Active,2,37,2013-07-16 10:40:05.878755,630
203076,185,Active,25,2,2013-07-16 10:40:05.88433,630
203077,186,Active,2,35,2013-07-16 10:40:05.889322,630
203078,187,Active,30,8,2013-07-16 10:40:05.894425,630
203079,189,Active,6,33,2013-07-16 10:40:05.899283,630
203080,190,Active,13,6,2013-07-16 10:40:05.903995,630
203081,191,Active,10,7,2013-07-16 10:40:05.909703,630
203082,192,Active,24,7,2013-07-16 10:40:05.915267,630
203083,193,Active,18,3,2013-07-16 10:40:05.919834,630
203084,194,Active,15,11,2013-07-16 10:40:05.925465,630
203085,195,Active,0,24,2013-07-16 10:40:05.93026,630
203086,196,Active,7,35,2013-07-16 10:40:05.935066,630
203087,197,Active,15,12,2013-07-16 10:40:05.940933,630
203088,198,Active,10,31,2013-07-16 10:40:05.945887,630
203089,199,Active,7,16,2013-07-16 10:40:05.95072,630
203090,200,Active,12,9,2013-07-16 10:40:05.955608,630
203091,201,Active,9,13,2013-07-16 10:40:05.961759,630
203092,202,Active,11,7,2013-07-16 10:40:05.967535,630
203093,203,Active,16,37,2013-07-16 10:40:05.972445,630
203094,204,Active,1,33,2013-07-16 10:40:05.977114,630
203095,205,Active,14,14,2013-07-16 10:40:05.982245,630
203096,206,Active,18,37,2013-07-16 10:40:05.990423,630
203097,207,Active,22,7,2013-07-16 10:40:05.995324,630
203098,208,Active,7,20,2013-07-16 10:40:06.001288,630
203099,209,Active,16,13,2013-07-16 10:40:06.007526,630
203100,210,Active,20,7,2013-07-16 10:40:06.012456,630
203101,211,Active,30,6,2013-07-16 10:40:06.017829,630
203102,212,Active,1,24,2013-07-16 10:40:06.023189,630
203103,213,Active,10,37,2013-07-16 10:40:06.028303,630
203104,214,Active,12,15,2013-07-16 10:40:06.034074,630
203105,215,Active,10,13,2013-07-16 10:40:06.039286,630
203106,216,Active,21,2,2013-07-16 10:40:06.044651,630
203107,217,Active,30,6,2013-07-16 10:40:06.049667,630
203108,218,Active,12,19,2013-07-16 10:40:06.054539,630
203109,219,Active,1,33,2013-07-16 10:40:06.059681,630
203110,220,Active,0,49,2013-07-16 10:40:06.064348,630
203111,221,Active,10,10,2013-07-16 10:40:06.069705,630
203112,222,Active,11,41,2013-07-16 10:40:06.074403,630
203113,223,Active,23,9,2013-07-16 10:40:06.079289,630
203114,224,Active,2,36,2013-07-16 10:40:06.084211,630
203115,225,Active,0,29,2013-07-16 10:40:06.089318,630
203116,226,Active,22,5,2013-07-16 10:40:06.117844,630
203117,227,Active,5,21,2013-07-16 10:40:06.122802,630
203118,228,Active,12,44,2013-07-16 10:40:06.127961,630
203119,229,Active,26,7,2013-07-16 10:40:06.13456,630
203120,230,Active,3,26,2013-07-16 10:40:06.139785,630
203121,231,Active,5,32,2013-07-16 10:40:06.145282,630
203122,232,Active,5,30,2013-07-16 10:40:06.151769,630
203123,233,Active,6,52,2013-07-16 10:40:06.15755,630
203124,234,Active,1,25,2013-07-16 10:40:06.162434,630
203125,235,Active,6,13,2013-07-16 10:40:06.167815,630
203126,236,Active,13,7,2013-07-16 10:40:06.17392,630
203127,237,Active,28,8,2013-07-16 10:40:06.180005,630
203128,238,Active,24,20,2013-07-16 10:40:06.18489,630
203129,239,Active,2,19,2013-07-16 10:40:06.189954,630
203130,240,Active,2,51,2013-07-16 10:40:06.195481,630
203131,241,Active,1,37,2013-07-16 10:40:06.200487,630
203132,242,Active,5,30,2013-07-16 10:40:06.205961,630
203133,243,Active,11,20,2013-07-16 10:40:06.212284,630
203134,244,Active,7,52,2013-07-16 10:40:06.217261,630
203135,245,Active,2,54,2013-07-16 10:40:06.222696,630
203136,246,Active,4,31,2013-07-16 10:40:06.228158,630
203137,247,Active,20,1,2013-07-16 10:40:06.234116,630
203138,248,Active,3,37,2013-07-16 10:40:06.239426,630
203139,249,Active,19,15,2013-07-16 10:40:06.244484,630
203140,250,Active,2,45,2013-07-16 10:40:06.249301,630
203141,251,Active,10,27,2013-07-16 10:40:06.258198,630
203142,252,Active,6,37,2013-07-16 10:40:06.263215,630
203143,253,Active,25,32,2013-07-16 10:40:06.268135,630
203144,254,Active,26,3,2013-07-16 10:40:06.273323,630
203145,255,Active,8,18,2013-07-16 10:40:06.278197,630
203146,256,Active,16,10,2013-07-16 10:40:06.28312,630
203147,257,Active,9,14,2013-07-16 10:40:06.28806,630
203148,258,Active,13,23,2013-07-16 10:40:06.293049,630
203149,259,Active,23,9,2013-07-16 10:40:06.298356,630
203150,260,Active,3,34,2013-07-16 10:40:06.303855,630
203151,261,Active,0,38,2013-07-16 10:40:06.309791,630
203152,262,Active,2,36,2013-07-16 10:40:06.315056,630
203153,263,Active,25,4,2013-07-16 10:40:06.320639,630
203154,264,Active,32,6,2013-07-16 10:40:06.326395,630
203155,265,Active,9,26,2013-07-16 10:40:06.331823,630
203156,266,Active,20,34,2013-07-16 10:40:06.336813,630
203157,267,Active,8,44,2013-07-16 10:40:06.341643,630
203158,268,Active,23,24,2013-07-16 10:40:06.34686,630
203159,269,Active,8,24,2013-07-16 10:40:06.351922,630
203160,270,Active,14,20,2013-07-16 10:40:06.35708,630
203161,271,Active,22,3,2013-07-16 10:40:06.362543,630
203162,272,Active,7,38,2013-07-16 10:40:06.368032,630
203163,273,Active,6,49,2013-07-16 10:40:06.375009,630
203164,274,Active,7,21,2013-07-16 10:40:06.380911,630
203165,275,Active,7,26,2013-07-16 10:40:06.386316,630
203166,276,Active,7,44,2013-07-16 10:40:06.391698,630
203167,277,Active,25,12,2013-07-16 10:40:06.398115,630
203168,278,Active,9,18,2013-07-16 10:40:06.403364,630
203169,279,Active,34,3,2013-07-16 10:40:06.410009,630
203170,280,Active,17,17,2013-07-16 10:40:06.415804,630
203171,281,Active,18,26,2013-07-16 10:40:06.422553,630
203172,282,Active,21,1,2013-07-16 10:40:06.450054,630
203173,283,Active,7,28,2013-07-16 10:40:06.459462,630
203174,284,Active,10,38,2013-07-16 10:40:06.464239,630
203175,285,Active,27,3,2013-07-16 10:40:06.469623,630
203176,286,Active,22,5,2013-07-16 10:40:06.474501,630
203177,287,Active,9,18,2013-07-16 10:40:06.480077,630
203178,288,Active,45,3,2013-07-16 10:40:06.484845,630
203179,289,Active,21,4,2013-07-16 10:40:06.490274,630
203180,290,Active,6,23,2013-07-16 10:40:06.495138,630
203181,291,Active,21,37,2013-07-16 10:40:06.50065,630
203182,292,Active,10,25,2013-07-16 10:40:06.507088,630
203183,293,Active,32,22,2013-07-16 10:40:06.511994,630
203184,294,Active,2,36,2013-07-16 10:40:06.517186,630
203185,295,Active,46,14,2013-07-16 10:40:06.523452,630
203186,296,Active,3,47,2013-07-16 10:40:06.528419,630
203187,297,Active,13,33,2013-07-16 10:40:06.533423,630
203188,298,Active,3,53,2013-07-16 10:40:06.539347,630
203189,299,Active,7,32,2013-07-16 10:40:06.544393,630
203190,300,Active,7,36,2013-07-16 10:40:06.549311,630
203191,301,Active,21,32,2013-07-16 10:40:06.559692,630
203192,302,Active,16,19,2013-07-16 10:40:06.56548,630
203193,303,Active,2,37,2013-07-16 10:40:06.570313,630
203194,304,Active,7,25,2013-07-16 10:40:06.575499,630
203195,305,Active,12,24,2013-07-16 10:40:06.580535,630
203196,306,Active,37,3,2013-07-16 10:40:06.58546,630
203197,307,Active,1,48,2013-07-16 10:40:06.590518,630
203198,308,Active,9,22,2013-07-16 10:40:06.595258,630
203199,309,Active,16,12,2013-07-16 10:40:06.600156,630
203200,310,Active,7,31,2013-07-16 10:40:06.605208,630
203201,311,Active,4,34,2013-07-16 10:40:06.610728,630
203202,312,Active,11,17,2013-07-16 10:40:06.616233,630
203203,313,Active,2,34,2013-07-16 10:40:06.621326,630
203204,314,Active,16,8,2013-07-16 10:40:06.626243,630
203205,315,Active,2,32,2013-07-16 10:40:06.63141,630
203206,316,Active,4,26,2013-07-16 10:40:06.636565,630
203207,317,Active,8,6,2013-07-16 10:40:06.641604,630
203208,318,Active,17,6,2013-07-16 10:40:06.646794,630
203209,319,Active,23,3,2013-07-16 10:40:06.651976,630
203210,320,Active,6,29,2013-07-16 10:40:06.657118,630
203211,321,Active,4,8,2013-07-16 10:40:06.66246,630
203212,322,Active,2,46,2013-07-16 10:40:06.667478,630
203213,327,Active,4,25,2013-07-16 10:40:06.675269,630
203214,328,Active,9,26,2013-07-16 10:40:06.680232,630
203215,323,Active,4,35,2013-07-16 10:40:06.685311,630
203216,324,Active,2,22,2013-07-16 10:40:06.690347,630
203217,325,Active,0,0,2013-07-16 10:40:06.695315,630
203218,326,Active,0,31,2013-07-16 10:40:06.70039,630
203219,1,Active,17,17,2013-07-16 10:50:05.498755,631
203220,2,Active,9,19,2013-07-16 10:50:05.508668,631
203221,3,Active,3,21,2013-07-16 10:50:05.513519,631
203222,4,Active,27,35,2013-07-16 10:50:05.517837,631
203223,5,Active,23,12,2013-07-16 10:50:05.521825,631
203224,6,Active,11,7,2013-07-16 10:50:05.525985,631
203225,7,Active,18,1,2013-07-16 10:50:05.530179,631
203226,8,Active,6,24,2013-07-16 10:50:05.534396,631
203227,9,Active,4,25,2013-07-16 10:50:05.538633,631
203228,10,Inactive,0,28,2013-07-16 10:50:05.542854,631
203229,11,Active,25,0,2013-07-16 10:50:05.550671,631
203230,12,Active,2,17,2013-07-16 10:50:05.55485,631
203231,13,Active,5,33,2013-07-16 10:50:05.558956,631
203232,14,Active,2,31,2013-07-16 10:50:05.563144,631
203233,15,Active,24,6,2013-07-16 10:50:05.567321,631
203234,16,Active,19,14,2013-07-16 10:50:05.57162,631
203235,17,Active,9,19,2013-07-16 10:50:05.575905,631
203236,18,Active,1,51,2013-07-16 10:50:05.58241,631
203237,19,Active,17,4,2013-07-16 10:50:05.586629,631
203238,20,Active,3,22,2013-07-16 10:50:05.590859,631
203239,21,Active,4,31,2013-07-16 10:50:05.595099,631
203240,22,Active,3,43,2013-07-16 10:50:05.599339,631
203241,23,Active,6,38,2013-07-16 10:50:05.603578,631
203242,24,Active,3,41,2013-07-16 10:50:05.608169,631
203243,25,Active,12,31,2013-07-16 10:50:05.612291,631
203244,26,Active,21,4,2013-07-16 10:50:05.616455,631
203245,27,Active,4,41,2013-07-16 10:50:05.620588,631
203246,28,Active,8,17,2013-07-16 10:50:05.625138,631
203247,29,Active,14,6,2013-07-16 10:50:05.629345,631
203248,30,Active,17,20,2013-07-16 10:50:05.633752,631
203249,31,Active,19,20,2013-07-16 10:50:05.638142,631
203250,32,Active,18,12,2013-07-16 10:50:05.642408,631
203251,33,Active,4,23,2013-07-16 10:50:05.646597,631
203252,34,Active,19,16,2013-07-16 10:50:05.650984,631
203253,35,Active,2,48,2013-07-16 10:50:05.655463,631
203254,36,Active,12,12,2013-07-16 10:50:05.659525,631
203255,37,Active,9,14,2013-07-16 10:50:05.66353,631
203256,38,Active,9,29,2013-07-16 10:50:05.668372,631
203257,39,Active,35,2,2013-07-16 10:50:05.672632,631
203258,40,Active,35,4,2013-07-16 10:50:05.678878,631
203259,41,Active,12,14,2013-07-16 10:50:05.683153,631
203260,42,Active,5,26,2013-07-16 10:50:05.687549,631
203261,43,Active,11,10,2013-07-16 10:50:05.69168,631
203262,44,Active,9,12,2013-07-16 10:50:05.695895,631
203263,45,Active,6,13,2013-07-16 10:50:05.700035,631
203264,46,Active,18,12,2013-07-16 10:50:05.704376,631
203265,47,Active,17,3,2013-07-16 10:50:05.708704,631
203266,48,Active,10,7,2013-07-16 10:50:05.713026,631
203267,49,Active,3,17,2013-07-16 10:50:05.717257,631
203268,50,Active,8,19,2013-07-16 10:50:05.721587,631
203269,51,Active,12,27,2013-07-16 10:50:05.725759,631
203270,52,Active,7,19,2013-07-16 10:50:05.730111,631
203271,53,Active,18,12,2013-07-16 10:50:05.73421,631
203272,54,Active,1,45,2013-07-16 10:50:05.738811,631
203273,55,Active,14,16,2013-07-16 10:50:05.743691,631
203274,56,Active,2,37,2013-07-16 10:50:05.771453,631
203275,57,Active,13,10,2013-07-16 10:50:05.776576,631
203276,58,Active,6,30,2013-07-16 10:50:05.781692,631
203277,59,Active,7,28,2013-07-16 10:50:05.786751,631
203278,60,Active,9,16,2013-07-16 10:50:05.791792,631
203279,61,Active,4,20,2013-07-16 10:50:05.796709,631
203280,62,Active,4,23,2013-07-16 10:50:05.801708,631
203281,63,Active,3,23,2013-07-16 10:50:05.806878,631
203282,64,Active,26,3,2013-07-16 10:50:05.81176,631
203283,65,Active,19,2,2013-07-16 10:50:05.816701,631
203284,66,Active,1,55,2013-07-16 10:50:05.821588,631
203285,67,Active,1,23,2013-07-16 10:50:05.826515,631
203286,68,Active,18,3,2013-07-16 10:50:05.831479,631
203287,69,Active,21,17,2013-07-16 10:50:05.836471,631
203288,70,Active,14,14,2013-07-16 10:50:05.84145,631
203289,71,Active,13,6,2013-07-16 10:50:05.846375,631
203290,72,Active,4,20,2013-07-16 10:50:05.851335,631
203291,73,Active,9,9,2013-07-16 10:50:05.859162,631
203292,74,Active,1,18,2013-07-16 10:50:05.864489,631
203293,75,Active,18,10,2013-07-16 10:50:05.86955,631
203294,76,Active,6,48,2013-07-16 10:50:05.875499,631
203295,77,Active,12,14,2013-07-16 10:50:05.880526,631
203296,78,Active,18,16,2013-07-16 10:50:05.885605,631
203297,79,Active,4,43,2013-07-16 10:50:05.890584,631
203298,80,Active,11,6,2013-07-16 10:50:05.895526,631
203299,81,Active,1,27,2013-07-16 10:50:05.900561,631
203300,82,Active,8,11,2013-07-16 10:50:05.906064,631
203301,83,Active,9,41,2013-07-16 10:50:05.911476,631
203302,84,Active,3,27,2013-07-16 10:50:05.916531,631
203303,85,Active,0,24,2013-07-16 10:50:05.921512,631
203304,86,Active,10,21,2013-07-16 10:50:05.92648,631
203305,87,Active,14,11,2013-07-16 10:50:05.931524,631
203306,88,Active,11,21,2013-07-16 10:50:05.936359,631
203307,89,Active,29,9,2013-07-16 10:50:05.941429,631
203308,90,Active,27,6,2013-07-16 10:50:05.946468,631
203309,91,Active,18,5,2013-07-16 10:50:05.951363,631
203310,92,Active,9,21,2013-07-16 10:50:05.956219,631
203311,93,Active,3,30,2013-07-16 10:50:05.961269,631
203312,94,Active,3,29,2013-07-16 10:50:05.966184,631
203313,95,Active,7,26,2013-07-16 10:50:05.971254,631
203314,96,Active,19,12,2013-07-16 10:50:05.978911,631
203315,97,Active,10,13,2013-07-16 10:50:05.983799,631
203316,98,Active,12,24,2013-07-16 10:50:05.989462,631
203317,99,Active,31,3,2013-07-16 10:50:05.994473,631
203318,100,Active,13,16,2013-07-16 10:50:05.999219,631
203319,101,Active,30,4,2013-07-16 10:50:06.004084,631
203320,102,Active,11,7,2013-07-16 10:50:06.008923,631
203321,103,Active,17,21,2013-07-16 10:50:06.013885,631
203322,104,Active,8,21,2013-07-16 10:50:06.01887,631
203323,105,Active,11,31,2013-07-16 10:50:06.023669,631
203324,106,Active,21,4,2013-07-16 10:50:06.028782,631
203325,107,Active,1,29,2013-07-16 10:50:06.03368,631
203326,108,Active,10,22,2013-07-16 10:50:06.038622,631
203327,109,Active,4,34,2013-07-16 10:50:06.043357,631
203328,110,Active,7,20,2013-07-16 10:50:06.04824,631
203329,111,Active,14,13,2013-07-16 10:50:06.05275,631
203330,112,Active,11,26,2013-07-16 10:50:06.078464,631
203331,113,Active,8,42,2013-07-16 10:50:06.084208,631
203332,114,Active,22,10,2013-07-16 10:50:06.089262,631
203333,115,Active,21,5,2013-07-16 10:50:06.094512,631
203334,116,Active,4,33,2013-07-16 10:50:06.099597,631
203335,117,Active,9,13,2013-07-16 10:50:06.10453,631
203336,118,Active,14,16,2013-07-16 10:50:06.110943,631
203337,119,Active,8,30,2013-07-16 10:50:06.11592,631
203338,120,Active,9,17,2013-07-16 10:50:06.121057,631
203339,121,Active,9,7,2013-07-16 10:50:06.125882,631
203340,122,Active,3,27,2013-07-16 10:50:06.130808,631
203341,123,Active,2,25,2013-07-16 10:50:06.136,631
203342,124,Active,20,13,2013-07-16 10:50:06.140971,631
203343,125,Active,7,29,2013-07-16 10:50:06.145939,631
203344,126,Active,16,5,2013-07-16 10:50:06.150928,631
203345,127,Active,16,11,2013-07-16 10:50:06.155738,631
203346,128,Active,9,7,2013-07-16 10:50:06.160876,631
203347,129,Active,19,8,2013-07-16 10:50:06.165692,631
203348,130,Active,15,8,2013-07-16 10:50:06.171214,631
203349,131,Active,12,9,2013-07-16 10:50:06.176183,631
203350,132,Active,2,33,2013-07-16 10:50:06.181163,631
203351,133,Active,17,8,2013-07-16 10:50:06.186097,631
203352,134,Active,24,9,2013-07-16 10:50:06.191006,631
203353,135,Active,21,18,2013-07-16 10:50:06.19599,631
203354,136,Active,18,3,2013-07-16 10:50:06.200934,631
203355,137,Active,21,3,2013-07-16 10:50:06.205873,631
203356,138,Active,10,29,2013-07-16 10:50:06.210927,631
203357,139,Active,7,25,2013-07-16 10:50:06.21616,631
203358,140,Active,5,21,2013-07-16 10:50:06.223178,631
203359,141,Active,25,6,2013-07-16 10:50:06.228142,631
203360,142,Active,11,31,2013-07-16 10:50:06.232981,631
203361,143,Active,14,6,2013-07-16 10:50:06.238027,631
203362,144,Active,6,17,2013-07-16 10:50:06.242991,631
203363,145,Active,27,7,2013-07-16 10:50:06.247924,631
203364,146,Active,4,49,2013-07-16 10:50:06.253559,631
203365,147,Active,6,33,2013-07-16 10:50:06.258488,631
203366,148,Active,23,16,2013-07-16 10:50:06.263867,631
203367,149,Active,2,55,2013-07-16 10:50:06.268774,631
203368,150,Active,21,28,2013-07-16 10:50:06.273776,631
203369,151,Active,4,22,2013-07-16 10:50:06.278782,631
203370,152,Active,14,16,2013-07-16 10:50:06.28383,631
203371,153,Active,9,23,2013-07-16 10:50:06.288706,631
203372,154,Active,6,28,2013-07-16 10:50:06.293783,631
203373,155,Active,14,17,2013-07-16 10:50:06.298951,631
203374,156,Active,17,13,2013-07-16 10:50:06.303906,631
203375,157,Active,17,9,2013-07-16 10:50:06.309415,631
203376,158,Active,6,12,2013-07-16 10:50:06.31444,631
203377,159,Active,2,25,2013-07-16 10:50:06.319474,631
203378,160,Active,7,36,2013-07-16 10:50:06.324478,631
203379,161,Active,6,41,2013-07-16 10:50:06.329522,631
203380,162,Active,25,29,2013-07-16 10:50:06.334534,631
203381,163,Active,17,19,2013-07-16 10:50:06.34125,631
203382,164,Active,11,21,2013-07-16 10:50:06.346221,631
203383,165,Active,16,24,2013-07-16 10:50:06.351187,631
203384,166,Active,19,10,2013-07-16 10:50:06.356396,631
203385,167,Active,0,25,2013-07-16 10:50:06.361647,631
203386,168,Active,9,26,2013-07-16 10:50:06.387549,631
203387,169,Active,6,31,2013-07-16 10:50:06.393578,631
203388,170,Active,8,27,2013-07-16 10:50:06.3984,631
203389,171,Active,9,17,2013-07-16 10:50:06.403397,631
203390,172,Active,6,24,2013-07-16 10:50:06.408338,631
203391,173,Active,15,13,2013-07-16 10:50:06.41336,631
203392,174,Inactive,28,4,2013-07-16 10:50:06.418336,631
203393,175,Active,26,2,2013-07-16 10:50:06.42329,631
203394,176,Active,19,15,2013-07-16 10:50:06.428582,631
203395,177,Active,13,14,2013-07-16 10:50:06.435704,631
203396,178,Active,16,8,2013-07-16 10:50:06.441679,631
203397,179,Active,11,15,2013-07-16 10:50:06.446842,631
203398,180,Active,23,4,2013-07-16 10:50:06.451996,631
203399,181,Active,18,8,2013-07-16 10:50:06.458123,631
203400,182,Active,10,3,2013-07-16 10:50:06.463505,631
203401,183,Active,29,7,2013-07-16 10:50:06.468918,631
203402,184,Active,4,35,2013-07-16 10:50:06.47358,631
203403,185,Active,25,2,2013-07-16 10:50:06.478647,631
203404,186,Active,3,34,2013-07-16 10:50:06.485195,631
203405,187,Active,29,9,2013-07-16 10:50:06.490842,631
203406,189,Active,6,33,2013-07-16 10:50:06.496027,631
203407,190,Active,13,6,2013-07-16 10:50:06.502057,631
203408,191,Active,10,7,2013-07-16 10:50:06.507242,631
203409,192,Active,23,8,2013-07-16 10:50:06.512532,631
203410,193,Active,18,3,2013-07-16 10:50:06.517526,631
203411,194,Active,15,11,2013-07-16 10:50:06.522811,631
203412,195,Active,0,24,2013-07-16 10:50:06.52815,631
203413,196,Active,7,35,2013-07-16 10:50:06.533566,631
203414,197,Active,15,12,2013-07-16 10:50:06.538497,631
203415,198,Active,8,32,2013-07-16 10:50:06.543258,631
203416,199,Active,7,16,2013-07-16 10:50:06.548303,631
203417,200,Active,12,9,2013-07-16 10:50:06.553245,631
203418,201,Active,9,13,2013-07-16 10:50:06.559271,631
203419,202,Active,11,7,2013-07-16 10:50:06.564056,631
203420,203,Active,14,39,2013-07-16 10:50:06.569213,631
203421,204,Active,1,33,2013-07-16 10:50:06.574258,631
203422,205,Active,13,15,2013-07-16 10:50:06.579171,631
203423,206,Active,18,37,2013-07-16 10:50:06.584153,631
203424,207,Active,21,8,2013-07-16 10:50:06.589794,631
203425,208,Active,7,20,2013-07-16 10:50:06.595281,631
203426,209,Active,16,14,2013-07-16 10:50:06.600189,631
203427,210,Active,19,9,2013-07-16 10:50:06.605226,631
203428,211,Active,30,6,2013-07-16 10:50:06.610322,631
203429,212,Active,1,24,2013-07-16 10:50:06.615507,631
203430,213,Active,8,39,2013-07-16 10:50:06.62061,631
203431,214,Active,12,15,2013-07-16 10:50:06.625893,631
203432,215,Active,10,14,2013-07-16 10:50:06.631028,631
203433,216,Active,21,2,2013-07-16 10:50:06.636229,631
203434,217,Active,30,6,2013-07-16 10:50:06.641161,631
203435,218,Active,13,18,2013-07-16 10:50:06.64595,631
203436,219,Active,1,33,2013-07-16 10:50:06.651072,631
203437,220,Active,0,48,2013-07-16 10:50:06.655965,631
203438,221,Active,10,10,2013-07-16 10:50:06.660979,631
203439,222,Active,14,38,2013-07-16 10:50:06.666249,631
203440,223,Active,23,9,2013-07-16 10:50:06.674853,631
203441,224,Active,3,35,2013-07-16 10:50:06.679826,631
203442,225,Active,0,29,2013-07-16 10:50:06.705775,631
203443,226,Active,21,6,2013-07-16 10:50:06.711586,631
203444,227,Active,5,21,2013-07-16 10:50:06.716507,631
203445,228,Active,15,41,2013-07-16 10:50:06.721402,631
203446,229,Active,26,7,2013-07-16 10:50:06.726368,631
203447,230,Active,3,26,2013-07-16 10:50:06.731176,631
203448,231,Active,4,33,2013-07-16 10:50:06.736167,631
203449,232,Active,6,29,2013-07-16 10:50:06.74127,631
203450,233,Active,7,51,2013-07-16 10:50:06.746246,631
203451,234,Active,0,26,2013-07-16 10:50:06.751362,631
203452,235,Active,8,11,2013-07-16 10:50:06.756175,631
203453,236,Active,13,7,2013-07-16 10:50:06.761212,631
203454,237,Active,26,10,2013-07-16 10:50:06.767007,631
203455,238,Active,21,23,2013-07-16 10:50:06.771717,631
203456,239,Active,3,19,2013-07-16 10:50:06.77661,631
203457,240,Active,4,49,2013-07-16 10:50:06.781679,631
203458,241,Active,1,37,2013-07-16 10:50:06.786483,631
203459,242,Active,5,30,2013-07-16 10:50:06.791117,631
203460,243,Active,12,19,2013-07-16 10:50:06.796144,631
203461,244,Active,4,55,2013-07-16 10:50:06.801081,631
203462,245,Active,2,54,2013-07-16 10:50:06.806882,631
203463,246,Active,3,32,2013-07-16 10:50:06.812121,631
203464,247,Active,20,1,2013-07-16 10:50:06.817042,631
203465,248,Active,3,37,2013-07-16 10:50:06.822228,631
203466,249,Active,19,15,2013-07-16 10:50:06.827298,631
203467,250,Active,3,44,2013-07-16 10:50:06.832094,631
203468,251,Active,12,25,2013-07-16 10:50:06.836916,631
203469,252,Active,3,40,2013-07-16 10:50:06.841752,631
203470,253,Active,15,42,2013-07-16 10:50:06.84667,631
203471,254,Active,26,3,2013-07-16 10:50:06.851586,631
203472,255,Active,8,18,2013-07-16 10:50:06.856573,631
203473,256,Active,16,10,2013-07-16 10:50:06.861388,631
203474,257,Active,9,14,2013-07-16 10:50:06.866589,631
203475,258,Active,14,22,2013-07-16 10:50:06.871367,631
203476,259,Active,14,19,2013-07-16 10:50:06.87623,631
203477,260,Active,4,33,2013-07-16 10:50:06.881495,631
203478,261,Active,2,36,2013-07-16 10:50:06.886338,631
203479,262,Active,4,34,2013-07-16 10:50:06.891515,631
203480,263,Active,25,4,2013-07-16 10:50:06.896489,631
203481,264,Active,27,12,2013-07-16 10:50:06.901507,631
203482,265,Active,10,25,2013-07-16 10:50:06.906374,631
203483,266,Active,17,38,2013-07-16 10:50:06.91125,631
203484,267,Active,8,44,2013-07-16 10:50:06.918012,631
203485,268,Active,21,26,2013-07-16 10:50:06.922953,631
203486,269,Active,9,23,2013-07-16 10:50:06.927827,631
203487,270,Active,15,19,2013-07-16 10:50:06.933517,631
203488,271,Active,24,1,2013-07-16 10:50:06.939965,631
203489,272,Active,7,38,2013-07-16 10:50:06.945284,631
203490,273,Active,8,47,2013-07-16 10:50:06.950839,631
203491,274,Active,5,24,2013-07-16 10:50:06.956461,631
203492,275,Active,6,27,2013-07-16 10:50:06.961496,631
203493,276,Active,7,44,2013-07-16 10:50:06.967014,631
203494,277,Active,25,12,2013-07-16 10:50:06.972081,631
203495,278,Active,8,19,2013-07-16 10:50:06.977198,631
203496,279,Active,32,5,2013-07-16 10:50:06.982729,631
203497,280,Active,14,20,2013-07-16 10:50:06.987663,631
203498,281,Active,17,28,2013-07-16 10:50:07.015536,631
203499,282,Active,21,1,2013-07-16 10:50:07.021775,631
203500,283,Active,5,30,2013-07-16 10:50:07.026658,631
203501,284,Active,12,36,2013-07-16 10:50:07.031958,631
203502,285,Active,25,5,2013-07-16 10:50:07.03698,631
203503,286,Active,21,6,2013-07-16 10:50:07.041856,631
203504,287,Active,7,20,2013-07-16 10:50:07.046846,631
203505,288,Active,44,3,2013-07-16 10:50:07.051857,631
203506,289,Active,27,5,2013-07-16 10:50:07.057444,631
203507,290,Active,6,23,2013-07-16 10:50:07.063179,631
203508,291,Active,21,37,2013-07-16 10:50:07.068566,631
203509,292,Active,9,26,2013-07-16 10:50:07.073617,631
203510,293,Active,27,27,2013-07-16 10:50:07.078543,631
203511,294,Active,2,36,2013-07-16 10:50:07.083355,631
203512,295,Active,45,16,2013-07-16 10:50:07.088033,631
203513,296,Active,3,47,2013-07-16 10:50:07.093028,631
203514,297,Active,13,34,2013-07-16 10:50:07.097818,631
203515,298,Active,3,54,2013-07-16 10:50:07.102784,631
203516,299,Active,6,33,2013-07-16 10:50:07.107756,631
203517,300,Active,6,37,2013-07-16 10:50:07.11261,631
203518,301,Active,21,32,2013-07-16 10:50:07.117879,631
203519,302,Active,16,19,2013-07-16 10:50:07.122645,631
203520,303,Active,0,39,2013-07-16 10:50:07.12721,631
203521,304,Active,8,24,2013-07-16 10:50:07.132128,631
203522,305,Active,12,24,2013-07-16 10:50:07.137196,631
203523,306,Active,37,3,2013-07-16 10:50:07.141923,631
203524,307,Active,2,47,2013-07-16 10:50:07.146737,631
203525,308,Active,9,22,2013-07-16 10:50:07.151538,631
203526,309,Active,19,9,2013-07-16 10:50:07.156332,631
203527,310,Active,8,30,2013-07-16 10:50:07.161246,631
203528,311,Active,6,31,2013-07-16 10:50:07.166422,631
203529,312,Active,12,16,2013-07-16 10:50:07.175015,631
203530,313,Active,1,35,2013-07-16 10:50:07.180031,631
203531,314,Active,14,10,2013-07-16 10:50:07.185115,631
203532,315,Active,2,32,2013-07-16 10:50:07.190547,631
203533,316,Active,4,26,2013-07-16 10:50:07.19542,631
203534,317,Active,8,6,2013-07-16 10:50:07.200571,631
203535,318,Active,17,6,2013-07-16 10:50:07.20568,631
203536,319,Active,23,3,2013-07-16 10:50:07.210583,631
203537,320,Active,5,30,2013-07-16 10:50:07.215577,631
203538,321,Active,4,8,2013-07-16 10:50:07.220396,631
203539,322,Active,2,45,2013-07-16 10:50:07.226218,631
203540,327,Active,4,25,2013-07-16 10:50:07.231115,631
203541,328,Active,9,26,2013-07-16 10:50:07.236184,631
203542,323,Active,4,35,2013-07-16 10:50:07.241328,631
203543,324,Active,0,24,2013-07-16 10:50:07.24648,631
203544,325,Active,0,0,2013-07-16 10:50:07.251342,631
203545,326,Active,0,31,2013-07-16 10:50:07.256619,631
203546,1,Active,18,16,2013-07-16 11:00:05.349137,632
203547,2,Active,9,19,2013-07-16 11:00:05.365133,632
203548,3,Active,3,21,2013-07-16 11:00:05.369804,632
203549,4,Active,27,35,2013-07-16 11:00:05.374535,632
203550,5,Active,23,12,2013-07-16 11:00:05.37879,632
203551,6,Active,10,8,2013-07-16 11:00:05.383514,632
203552,7,Active,18,1,2013-07-16 11:00:05.388161,632
203553,8,Active,6,24,2013-07-16 11:00:05.392426,632
203554,9,Active,3,26,2013-07-16 11:00:05.396796,632
203555,10,Inactive,0,28,2013-07-16 11:00:05.401233,632
203556,11,Active,25,0,2013-07-16 11:00:05.407505,632
203557,12,Active,2,17,2013-07-16 11:00:05.411532,632
203558,13,Active,4,34,2013-07-16 11:00:05.415783,632
203559,14,Active,1,32,2013-07-16 11:00:05.420785,632
203560,15,Active,24,6,2013-07-16 11:00:05.425595,632
203561,16,Active,17,16,2013-07-16 11:00:05.430677,632
203562,17,Active,9,19,2013-07-16 11:00:05.435081,632
203563,18,Active,2,50,2013-07-16 11:00:05.439637,632
203564,19,Active,17,4,2013-07-16 11:00:05.444127,632
203565,20,Active,3,22,2013-07-16 11:00:05.448627,632
203566,21,Active,7,28,2013-07-16 11:00:05.453134,632
203567,22,Active,3,43,2013-07-16 11:00:05.45949,632
203568,23,Active,7,37,2013-07-16 11:00:05.464136,632
203569,24,Active,3,41,2013-07-16 11:00:05.468639,632
203570,25,Active,12,31,2013-07-16 11:00:05.473062,632
203571,26,Active,23,2,2013-07-16 11:00:05.477401,632
203572,27,Active,8,37,2013-07-16 11:00:05.48239,632
203573,28,Active,11,14,2013-07-16 11:00:05.486755,632
203574,29,Active,14,6,2013-07-16 11:00:05.491388,632
203575,30,Active,15,21,2013-07-16 11:00:05.496785,632
203576,31,Active,19,20,2013-07-16 11:00:05.501171,632
203577,32,Active,18,12,2013-07-16 11:00:05.5063,632
203578,33,Active,2,25,2013-07-16 11:00:05.510943,632
203579,34,Active,20,15,2013-07-16 11:00:05.515196,632
203580,35,Active,2,48,2013-07-16 11:00:05.519634,632
203581,36,Active,12,12,2013-07-16 11:00:05.523993,632
203582,37,Active,9,14,2013-07-16 11:00:05.529063,632
203583,38,Active,9,29,2013-07-16 11:00:05.534032,632
203584,39,Active,33,4,2013-07-16 11:00:05.538533,632
203585,40,Active,35,4,2013-07-16 11:00:05.543171,632
203586,41,Active,12,15,2013-07-16 11:00:05.547555,632
203587,42,Active,7,24,2013-07-16 11:00:05.55162,632
203588,43,Active,12,10,2013-07-16 11:00:05.555871,632
203589,44,Active,9,12,2013-07-16 11:00:05.563781,632
203590,45,Active,7,12,2013-07-16 11:00:05.568621,632
203591,46,Active,17,13,2013-07-16 11:00:05.572761,632
203592,47,Active,17,3,2013-07-16 11:00:05.577391,632
203593,48,Active,9,8,2013-07-16 11:00:05.581625,632
203594,49,Active,2,18,2013-07-16 11:00:05.585967,632
203595,50,Active,7,20,2013-07-16 11:00:05.590533,632
203596,51,Active,13,25,2013-07-16 11:00:05.594763,632
203597,52,Active,7,19,2013-07-16 11:00:05.59959,632
203598,53,Active,18,12,2013-07-16 11:00:05.603847,632
203599,54,Active,2,44,2013-07-16 11:00:05.608002,632
203600,55,Active,14,16,2013-07-16 11:00:05.612543,632
203601,56,Active,2,37,2013-07-16 11:00:05.640456,632
203602,57,Active,13,10,2013-07-16 11:00:05.646407,632
203603,58,Active,5,31,2013-07-16 11:00:05.651751,632
203604,59,Active,7,28,2013-07-16 11:00:05.657099,632
203605,60,Active,9,16,2013-07-16 11:00:05.662575,632
203606,61,Active,4,20,2013-07-16 11:00:05.667616,632
203607,62,Active,4,23,2013-07-16 11:00:05.672754,632
203608,63,Active,3,23,2013-07-16 11:00:05.67799,632
203609,64,Active,26,3,2013-07-16 11:00:05.683257,632
203610,65,Active,19,2,2013-07-16 11:00:05.68839,632
203611,66,Active,1,55,2013-07-16 11:00:05.693669,632
203612,67,Active,1,23,2013-07-16 11:00:05.699875,632
203613,68,Active,18,3,2013-07-16 11:00:05.705098,632
203614,69,Active,20,18,2013-07-16 11:00:05.710257,632
203615,70,Active,14,14,2013-07-16 11:00:05.715438,632
203616,71,Active,13,6,2013-07-16 11:00:05.720631,632
203617,72,Active,4,20,2013-07-16 11:00:05.725794,632
203618,73,Active,9,9,2013-07-16 11:00:05.730834,632
203619,74,Active,1,18,2013-07-16 11:00:05.736095,632
203620,75,Active,18,10,2013-07-16 11:00:05.741176,632
203621,76,Active,7,47,2013-07-16 11:00:05.746954,632
203622,77,Active,12,14,2013-07-16 11:00:05.756004,632
203623,78,Active,18,16,2013-07-16 11:00:05.761322,632
203624,79,Active,5,42,2013-07-16 11:00:05.767325,632
203625,80,Active,11,6,2013-07-16 11:00:05.7728,632
203626,81,Active,1,27,2013-07-16 11:00:05.778173,632
203627,82,Active,8,11,2013-07-16 11:00:05.783287,632
203628,83,Active,12,38,2013-07-16 11:00:05.788273,632
203629,84,Active,2,28,2013-07-16 11:00:05.793601,632
203630,85,Active,0,24,2013-07-16 11:00:05.798935,632
203631,86,Active,10,21,2013-07-16 11:00:05.803945,632
203632,87,Active,15,10,2013-07-16 11:00:05.809387,632
203633,88,Active,11,21,2013-07-16 11:00:05.814829,632
203634,89,Active,30,9,2013-07-16 11:00:05.819879,632
203635,90,Active,26,7,2013-07-16 11:00:05.825572,632
203636,91,Active,18,5,2013-07-16 11:00:05.831208,632
203637,92,Active,9,21,2013-07-16 11:00:05.837774,632
203638,93,Active,4,29,2013-07-16 11:00:05.844193,632
203639,94,Active,5,26,2013-07-16 11:00:05.850412,632
203640,95,Active,8,25,2013-07-16 11:00:05.855568,632
203641,96,Active,19,12,2013-07-16 11:00:05.861128,632
203642,97,Active,10,13,2013-07-16 11:00:05.866283,632
203643,98,Active,13,23,2013-07-16 11:00:05.87232,632
203644,99,Active,31,3,2013-07-16 11:00:05.878052,632
203645,100,Active,13,16,2013-07-16 11:00:05.884239,632
203646,101,Active,29,6,2013-07-16 11:00:05.88975,632
203647,102,Active,12,7,2013-07-16 11:00:05.895033,632
203648,103,Active,18,20,2013-07-16 11:00:05.900784,632
203649,104,Active,8,21,2013-07-16 11:00:05.907328,632
203650,105,Active,5,37,2013-07-16 11:00:05.912413,632
203651,106,Active,21,4,2013-07-16 11:00:05.917687,632
203652,107,Active,2,28,2013-07-16 11:00:05.922807,632
203653,108,Active,11,21,2013-07-16 11:00:05.928581,632
203654,109,Active,4,34,2013-07-16 11:00:05.93385,632
203655,110,Active,6,21,2013-07-16 11:00:05.93878,632
203656,111,Active,15,12,2013-07-16 11:00:05.943536,632
203657,112,Active,13,23,2013-07-16 11:00:05.948321,632
203658,113,Active,8,43,2013-07-16 11:00:05.982805,632
203659,114,Active,22,10,2013-07-16 11:00:05.987894,632
203660,115,Active,20,6,2013-07-16 11:00:05.993336,632
203661,116,Active,1,36,2013-07-16 11:00:05.998301,632
203662,117,Active,9,13,2013-07-16 11:00:06.004261,632
203663,118,Active,19,11,2013-07-16 11:00:06.009406,632
203664,119,Active,7,31,2013-07-16 11:00:06.014704,632
203665,120,Active,9,17,2013-07-16 11:00:06.020141,632
203666,121,Active,9,9,2013-07-16 11:00:06.025299,632
203667,122,Active,2,28,2013-07-16 11:00:06.031772,632
203668,123,Active,2,25,2013-07-16 11:00:06.036913,632
203669,124,Active,21,12,2013-07-16 11:00:06.042455,632
203670,125,Active,7,29,2013-07-16 11:00:06.04798,632
203671,126,Active,16,5,2013-07-16 11:00:06.074705,632
203672,127,Active,15,12,2013-07-16 11:00:06.080117,632
203673,128,Active,9,7,2013-07-16 11:00:06.088006,632
203674,129,Active,19,9,2013-07-16 11:00:06.0933,632
203675,130,Active,16,7,2013-07-16 11:00:06.098402,632
203676,131,Active,12,9,2013-07-16 11:00:06.103646,632
203677,132,Active,3,32,2013-07-16 11:00:06.108671,632
203678,133,Active,16,9,2013-07-16 11:00:06.11384,632
203679,134,Active,27,5,2013-07-16 11:00:06.119259,632
203680,135,Active,21,18,2013-07-16 11:00:06.124571,632
203681,136,Active,18,3,2013-07-16 11:00:06.131112,632
203682,137,Active,21,3,2013-07-16 11:00:06.13644,632
203683,138,Active,12,27,2013-07-16 11:00:06.160621,632
203684,139,Active,10,22,2013-07-16 11:00:06.165563,632
203685,140,Active,5,21,2013-07-16 11:00:06.171291,632
203686,141,Active,25,6,2013-07-16 11:00:06.176334,632
203687,142,Active,11,31,2013-07-16 11:00:06.181354,632
203688,143,Active,12,8,2013-07-16 11:00:06.186297,632
203689,144,Active,6,17,2013-07-16 11:00:06.191358,632
203690,145,Active,26,8,2013-07-16 11:00:06.196805,632
203691,146,Active,6,47,2013-07-16 11:00:06.202171,632
203692,147,Active,7,31,2013-07-16 11:00:06.207841,632
203693,148,Active,21,18,2013-07-16 11:00:06.21283,632
203694,149,Active,2,55,2013-07-16 11:00:06.218226,632
203695,150,Active,19,30,2013-07-16 11:00:06.22337,632
203696,151,Active,4,22,2013-07-16 11:00:06.250038,632
203697,152,Active,14,16,2013-07-16 11:00:06.255088,632
203698,153,Active,8,24,2013-07-16 11:00:06.260278,632
203699,154,Active,9,25,2013-07-16 11:00:06.265527,632
203700,155,Active,12,19,2013-07-16 11:00:06.2708,632
203701,156,Active,17,13,2013-07-16 11:00:06.276507,632
203702,157,Active,17,9,2013-07-16 11:00:06.281632,632
203703,158,Active,5,13,2013-07-16 11:00:06.287639,632
203704,159,Active,2,26,2013-07-16 11:00:06.295947,632
203705,160,Active,6,37,2013-07-16 11:00:06.301371,632
203706,161,Active,10,37,2013-07-16 11:00:06.30734,632
203707,162,Active,18,37,2013-07-16 11:00:06.31372,632
203708,163,Active,15,21,2013-07-16 11:00:06.319163,632
203709,164,Active,11,21,2013-07-16 11:00:06.327236,632
203710,165,Active,17,23,2013-07-16 11:00:06.332677,632
203711,166,Active,19,10,2013-07-16 11:00:06.360194,632
203712,167,Active,0,25,2013-07-16 11:00:06.366437,632
203713,168,Active,9,26,2013-07-16 11:00:06.372306,632
203714,169,Active,7,30,2013-07-16 11:00:06.40149,632
203715,170,Active,8,27,2013-07-16 11:00:06.407558,632
203716,171,Active,9,17,2013-07-16 11:00:06.413023,632
203717,172,Active,6,24,2013-07-16 11:00:06.418076,632
203718,173,Active,15,13,2013-07-16 11:00:06.423541,632
203719,174,Inactive,28,4,2013-07-16 11:00:06.429063,632
203720,175,Active,26,2,2013-07-16 11:00:06.434738,632
203721,176,Active,19,15,2013-07-16 11:00:06.440834,632
203722,177,Active,13,14,2013-07-16 11:00:06.446276,632
203723,178,Active,15,9,2013-07-16 11:00:06.451835,632
203724,179,Active,11,15,2013-07-16 11:00:06.457919,632
203725,180,Active,23,5,2013-07-16 11:00:06.463378,632
203726,181,Active,18,8,2013-07-16 11:00:06.469789,632
203727,182,Active,11,2,2013-07-16 11:00:06.474659,632
203728,183,Active,29,7,2013-07-16 11:00:06.479867,632
203729,184,Active,3,36,2013-07-16 11:00:06.485282,632
203730,185,Active,22,6,2013-07-16 11:00:06.490229,632
203731,186,Active,3,34,2013-07-16 11:00:06.49516,632
203732,187,Active,28,10,2013-07-16 11:00:06.499921,632
203733,189,Active,6,33,2013-07-16 11:00:06.504605,632
203734,190,Active,13,6,2013-07-16 11:00:06.5097,632
203735,191,Active,10,7,2013-07-16 11:00:06.514758,632
203736,192,Active,23,8,2013-07-16 11:00:06.519332,632
203737,193,Active,17,4,2013-07-16 11:00:06.524565,632
203738,194,Active,15,12,2013-07-16 11:00:06.529568,632
203739,195,Active,0,24,2013-07-16 11:00:06.534248,632
203740,196,Active,7,35,2013-07-16 11:00:06.539407,632
203741,197,Active,15,12,2013-07-16 11:00:06.544354,632
203742,198,Active,5,34,2013-07-16 11:00:06.549268,632
203743,199,Active,7,16,2013-07-16 11:00:06.554152,632
203744,200,Active,11,10,2013-07-16 11:00:06.559087,632
203745,201,Active,9,13,2013-07-16 11:00:06.563949,632
203746,202,Active,10,8,2013-07-16 11:00:06.569107,632
203747,203,Active,14,39,2013-07-16 11:00:06.573894,632
203748,204,Active,1,33,2013-07-16 11:00:06.579678,632
203749,205,Active,15,13,2013-07-16 11:00:06.584516,632
203750,206,Active,18,37,2013-07-16 11:00:06.589404,632
203751,207,Active,22,7,2013-07-16 11:00:06.594393,632
203752,208,Active,7,20,2013-07-16 11:00:06.599391,632
203753,209,Active,16,14,2013-07-16 11:00:06.604163,632
203754,210,Active,18,10,2013-07-16 11:00:06.609054,632
203755,211,Active,30,6,2013-07-16 11:00:06.613855,632
203756,212,Active,0,25,2013-07-16 11:00:06.618732,632
203757,213,Active,8,39,2013-07-16 11:00:06.62379,632
203758,214,Active,12,15,2013-07-16 11:00:06.629204,632
203759,215,Active,9,15,2013-07-16 11:00:06.634221,632
203760,216,Active,19,4,2013-07-16 11:00:06.639254,632
203761,217,Active,30,7,2013-07-16 11:00:06.644243,632
203762,218,Active,12,19,2013-07-16 11:00:06.649451,632
203763,219,Active,1,33,2013-07-16 11:00:06.65442,632
203764,220,Active,2,46,2013-07-16 11:00:06.659408,632
203765,221,Active,10,10,2013-07-16 11:00:06.664538,632
203766,222,Active,16,36,2013-07-16 11:00:06.669556,632
203767,223,Active,22,10,2013-07-16 11:00:06.674494,632
203768,224,Active,4,34,2013-07-16 11:00:06.679288,632
203769,225,Active,1,28,2013-07-16 11:00:06.684519,632
203770,226,Active,20,7,2013-07-16 11:00:06.713311,632
203771,227,Active,4,22,2013-07-16 11:00:06.7201,632
203772,228,Active,15,41,2013-07-16 11:00:06.725168,632
203773,229,Active,26,8,2013-07-16 11:00:06.73002,632
203774,230,Active,3,26,2013-07-16 11:00:06.734843,632
203775,231,Active,4,33,2013-07-16 11:00:06.758326,632
203776,232,Active,7,27,2013-07-16 11:00:06.764371,632
203777,233,Active,8,49,2013-07-16 11:00:06.769554,632
203778,234,Active,1,25,2013-07-16 11:00:06.77489,632
203779,235,Active,7,13,2013-07-16 11:00:06.779724,632
203780,236,Active,13,7,2013-07-16 11:00:06.784611,632
203781,237,Active,26,10,2013-07-16 11:00:06.789774,632
203782,238,Active,21,23,2013-07-16 11:00:06.795142,632
203783,239,Active,2,20,2013-07-16 11:00:06.80364,632
203784,240,Active,4,49,2013-07-16 11:00:06.808541,632
203785,241,Active,1,37,2013-07-16 11:00:06.813604,632
203786,242,Active,5,30,2013-07-16 11:00:06.81916,632
203787,243,Active,11,20,2013-07-16 11:00:06.844847,632
203788,244,Active,4,55,2013-07-16 11:00:06.850832,632
203789,245,Active,1,56,2013-07-16 11:00:06.855513,632
203790,246,Active,3,32,2013-07-16 11:00:06.860446,632
203791,247,Active,6,16,2013-07-16 11:00:06.865603,632
203792,248,Active,3,37,2013-07-16 11:00:06.870906,632
203793,249,Active,19,15,2013-07-16 11:00:06.87603,632
203794,250,Active,2,45,2013-07-16 11:00:06.881252,632
203795,251,Active,13,24,2013-07-16 11:00:06.886519,632
203796,252,Active,2,40,2013-07-16 11:00:06.891432,632
203797,253,Active,8,50,2013-07-16 11:00:06.896725,632
203798,254,Active,26,3,2013-07-16 11:00:06.901676,632
203799,255,Active,7,20,2013-07-16 11:00:06.906596,632
203800,256,Active,15,11,2013-07-16 11:00:06.931964,632
203801,257,Active,9,14,2013-07-16 11:00:06.937702,632
203802,258,Active,14,22,2013-07-16 11:00:06.942674,632
203803,259,Active,11,22,2013-07-16 11:00:06.94767,632
203804,260,Active,5,32,2013-07-16 11:00:06.952534,632
203805,261,Active,1,37,2013-07-16 11:00:06.957508,632
203806,262,Active,5,33,2013-07-16 11:00:06.964022,632
203807,263,Active,25,5,2013-07-16 11:00:06.969097,632
203808,264,Active,25,15,2013-07-16 11:00:06.974062,632
203809,265,Active,10,25,2013-07-16 11:00:06.978832,632
203810,266,Active,14,41,2013-07-16 11:00:06.983722,632
203811,267,Active,11,40,2013-07-16 11:00:06.988795,632
203812,268,Active,16,31,2013-07-16 11:00:06.993848,632
203813,269,Active,11,21,2013-07-16 11:00:07.018829,632
203814,270,Active,16,18,2013-07-16 11:00:07.024534,632
203815,271,Active,22,3,2013-07-16 11:00:07.029589,632
203816,272,Active,9,36,2013-07-16 11:00:07.03434,632
203817,273,Active,7,48,2013-07-16 11:00:07.039448,632
203818,274,Active,5,25,2013-07-16 11:00:07.044365,632
203819,275,Active,4,29,2013-07-16 11:00:07.049297,632
203820,276,Active,8,42,2013-07-16 11:00:07.054215,632
203821,277,Active,24,13,2013-07-16 11:00:07.059322,632
203822,278,Active,9,17,2013-07-16 11:00:07.064058,632
203823,279,Active,33,5,2013-07-16 11:00:07.06923,632
203824,280,Active,14,20,2013-07-16 11:00:07.074341,632
203825,281,Active,17,26,2013-07-16 11:00:07.079621,632
203826,282,Active,21,1,2013-07-16 11:00:07.124409,632
203827,283,Active,6,29,2013-07-16 11:00:07.129619,632
203828,284,Active,20,27,2013-07-16 11:00:07.135798,632
203829,285,Active,23,8,2013-07-16 11:00:07.140669,632
203830,286,Active,20,7,2013-07-16 11:00:07.145676,632
203831,287,Active,7,20,2013-07-16 11:00:07.150574,632
203832,288,Active,43,4,2013-07-16 11:00:07.155516,632
203833,289,Active,25,7,2013-07-16 11:00:07.16041,632
203834,290,Active,6,24,2013-07-16 11:00:07.165362,632
203835,291,Active,21,37,2013-07-16 11:00:07.170365,632
203836,292,Active,9,26,2013-07-16 11:00:07.175327,632
203837,293,Active,30,25,2013-07-16 11:00:07.180073,632
203838,294,Active,4,33,2013-07-16 11:00:07.185012,632
203839,295,Active,42,18,2013-07-16 11:00:07.189875,632
203840,296,Active,4,46,2013-07-16 11:00:07.194948,632
203841,297,Active,12,35,2013-07-16 11:00:07.199705,632
203842,298,Active,2,54,2013-07-16 11:00:07.204664,632
203843,299,Active,6,33,2013-07-16 11:00:07.209615,632
203844,300,Active,8,35,2013-07-16 11:00:07.214512,632
203845,301,Active,23,30,2013-07-16 11:00:07.21915,632
203846,302,Active,13,22,2013-07-16 11:00:07.224089,632
203847,303,Active,0,40,2013-07-16 11:00:07.229053,632
203848,304,Active,6,27,2013-07-16 11:00:07.233969,632
203849,305,Active,12,24,2013-07-16 11:00:07.238702,632
203850,306,Active,37,3,2013-07-16 11:00:07.245277,632
203851,307,Active,1,48,2013-07-16 11:00:07.249911,632
203852,308,Active,10,21,2013-07-16 11:00:07.255135,632
203853,309,Active,22,6,2013-07-16 11:00:07.260072,632
203854,310,Active,7,31,2013-07-16 11:00:07.265071,632
203855,311,Active,8,29,2013-07-16 11:00:07.269898,632
203856,312,Active,11,16,2013-07-16 11:00:07.274958,632
203857,313,Active,1,36,2013-07-16 11:00:07.279852,632
203858,314,Active,14,11,2013-07-16 11:00:07.28488,632
203859,315,Active,0,34,2013-07-16 11:00:07.289679,632
203860,316,Active,4,26,2013-07-16 11:00:07.294757,632
203861,317,Active,8,6,2013-07-16 11:00:07.300507,632
203862,318,Active,17,6,2013-07-16 11:00:07.328299,632
203863,319,Active,20,6,2013-07-16 11:00:07.334225,632
203864,320,Active,7,28,2013-07-16 11:00:07.339041,632
203865,321,Active,4,8,2013-07-16 11:00:07.34409,632
203866,322,Active,3,45,2013-07-16 11:00:07.349079,632
203867,327,Active,4,25,2013-07-16 11:00:07.354147,632
203868,328,Active,10,25,2013-07-16 11:00:07.358993,632
203869,323,Active,4,35,2013-07-16 11:00:07.36403,632
203870,324,Active,0,24,2013-07-16 11:00:07.369349,632
203871,325,Active,0,0,2013-07-16 11:00:07.374514,632
203872,326,Active,0,31,2013-07-16 11:00:07.37955,632
203873,1,Active,19,15,2013-07-16 11:10:05.112466,633
203874,2,Active,9,19,2013-07-16 11:10:05.121817,633
203875,3,Active,3,21,2013-07-16 11:10:05.126398,633
203876,4,Active,26,36,2013-07-16 11:10:05.131181,633
203877,5,Active,22,13,2013-07-16 11:10:05.135709,633
203878,6,Active,10,8,2013-07-16 11:10:05.14008,633
203879,7,Active,18,1,2013-07-16 11:10:05.14422,633
203880,8,Active,4,26,2013-07-16 11:10:05.148549,633
203881,9,Active,3,26,2013-07-16 11:10:05.152544,633
203882,10,Inactive,0,28,2013-07-16 11:10:05.156754,633
203883,11,Active,24,1,2013-07-16 11:10:05.164244,633
203884,12,Active,2,17,2013-07-16 11:10:05.168237,633
203885,13,Active,4,34,2013-07-16 11:10:05.17235,633
203886,14,Active,2,31,2013-07-16 11:10:05.176658,633
203887,15,Active,24,6,2013-07-16 11:10:05.180813,633
203888,16,Active,16,17,2013-07-16 11:10:05.184738,633
203889,17,Active,9,19,2013-07-16 11:10:05.189425,633
203890,18,Active,1,51,2013-07-16 11:10:05.193607,633
203891,19,Active,17,4,2013-07-16 11:10:05.200391,633
203892,20,Active,3,22,2013-07-16 11:10:05.204392,633
203893,21,Active,7,28,2013-07-16 11:10:05.20873,633
203894,22,Active,3,43,2013-07-16 11:10:05.212973,633
203895,23,Active,7,37,2013-07-16 11:10:05.21699,633
203896,24,Active,4,40,2013-07-16 11:10:05.221196,633
203897,25,Active,14,29,2013-07-16 11:10:05.225236,633
203898,26,Active,23,2,2013-07-16 11:10:05.229254,633
203899,27,Active,7,38,2013-07-16 11:10:05.233683,633
203900,28,Active,11,14,2013-07-16 11:10:05.237751,633
203901,29,Active,14,6,2013-07-16 11:10:05.241855,633
203902,30,Active,15,21,2013-07-16 11:10:05.246002,633
203903,31,Active,20,19,2013-07-16 11:10:05.250191,633
203904,32,Active,19,11,2013-07-16 11:10:05.254366,633
203905,33,Active,2,25,2013-07-16 11:10:05.260129,633
203906,34,Active,20,15,2013-07-16 11:10:05.264285,633
203907,35,Active,4,46,2013-07-16 11:10:05.268545,633
203908,36,Active,12,12,2013-07-16 11:10:05.272717,633
203909,37,Active,9,14,2013-07-16 11:10:05.276726,633
203910,38,Active,10,27,2013-07-16 11:10:05.280968,633
203911,39,Active,33,4,2013-07-16 11:10:05.285067,633
203912,40,Active,35,4,2013-07-16 11:10:05.289179,633
203913,41,Active,10,17,2013-07-16 11:10:05.293268,633
203914,42,Active,7,24,2013-07-16 11:10:05.297511,633
203915,43,Active,12,10,2013-07-16 11:10:05.301588,633
203916,44,Active,9,12,2013-07-16 11:10:05.308269,633
203917,45,Active,7,12,2013-07-16 11:10:05.312413,633
203918,46,Active,16,14,2013-07-16 11:10:05.316468,633
203919,47,Active,17,3,2013-07-16 11:10:05.320489,633
203920,48,Active,10,7,2013-07-16 11:10:05.324689,633
203921,49,Active,2,18,2013-07-16 11:10:05.328829,633
203922,50,Active,10,16,2013-07-16 11:10:05.333287,633
203923,51,Active,13,26,2013-07-16 11:10:05.337586,633
203924,52,Active,6,20,2013-07-16 11:10:05.341732,633
203925,53,Active,18,12,2013-07-16 11:10:05.345986,633
203926,54,Active,3,43,2013-07-16 11:10:05.350279,633
203927,55,Active,13,16,2013-07-16 11:10:05.354445,633
203928,56,Active,2,37,2013-07-16 11:10:05.382055,633
203929,57,Active,12,11,2013-07-16 11:10:05.387678,633
